40 40
8 4
1 4
7 6
7 2
8 7
10 6
8 4
8 8
2 1
4 1
10 5
9 8
9 3
10 7
6 9
4 8
2 10
10 3
4 2
5 7
2 2
7 5
7 7
10 6
10 3
3 8
5 10
8 1
4 2
4 6
4 6
9 6
8 7
3 6
1 7
5 3
10 7
10 7
10 3
3 4
19 14 57
13 17 56
15 12 80
16 20 66
17 18 56
16 13 96
20 15 54
11 17 94
19 13 74
20 15 84
19 12 75
11 12 61
14 17 99
18 17 77
17 11 60
18 11 71
20 14 54
13 12 96
11 19 50
14 20 86
19 17 83
20 12 62
20 14 98
17 10 87
18 11 55
16 12 98
15 16 65
12 19 70
10 19 62
13 14 58
14 13 88
13 20 66
12 14 91
14 19 58
19 12 96
12 17 64
15 17 63
11 11 91
13 11 58
17 12 59
