42 42
6 7
10 1
2 8
2 1
2 3
8 2
5 4
8 10
9 10
7 5
10 3
2 7
10 5
10 2
6 9
7 2
6 2
3 5
7 6
10 3
8 10
6 7
6 3
9 1
5 8
4 9
3 10
7 5
4 10
9 6
3 2
3 8
6 10
10 1
6 1
8 8
3 4
1 9
10 2
9 7
10 5
5 3
17 11 91
15 16 51
19 15 76
16 17 94
12 12 70
10 17 64
10 14 100
16 13 100
12 14 83
17 10 75
14 16 93
19 17 83
14 16 76
20 15 75
20 15 77
17 12 80
20 11 74
13 12 97
15 11 99
17 18 92
13 12 81
20 18 90
15 18 100
19 16 86
19 19 59
10 14 85
13 17 85
19 15 100
20 13 78
12 15 74
16 17 70
16 11 95
12 13 98
20 14 90
18 12 81
15 12 50
11 19 56
19 13 85
11 10 76
20 12 79
14 10 81
13 17 53
