43 43
1 3
8 10
6 7
10 4
7 4
9 3
4 3
3 5
6 10
7 2
1 3
4 8
8 10
5 5
4 5
1 2
7 2
3 6
1 7
1 6
5 5
10 3
4 3
7 4
5 6
1 6
8 10
1 10
9 10
4 9
7 8
4 2
3 2
7 3
7 6
7 3
6 3
3 1
2 6
3 10
5 10
6 1
7 10
11 16 55
18 12 61
13 17 83
11 10 68
15 11 69
14 16 76
18 11 77
10 20 65
16 18 79
14 11 88
15 15 82
15 20 95
18 10 84
13 12 89
15 16 65
10 20 84
20 19 88
10 17 95
10 17 75
19 14 72
15 10 83
12 10 78
18 17 80
20 18 98
19 20 84
17 20 61
20 10 98
16 16 81
19 14 58
18 13 56
19 11 97
11 17 97
13 14 59
14 19 84
18 17 70
17 12 62
15 17 66
15 12 97
11 16 55
16 16 52
12 19 64
10 15 67
18 20 72
