47 47
2 1
1 2
3 8
8 4
4 5
7 4
5 10
6 8
3 8
2 10
3 10
2 9
4 2
7 3
6 6
1 4
6 5
8 8
4 5
10 9
5 4
9 5
6 5
9 4
4 3
3 4
3 1
2 10
4 5
5 2
10 4
3 5
1 4
6 9
3 7
8 9
9 1
8 1
4 10
4 9
6 8
4 9
1 1
3 9
10 1
8 10
4 3
15 13 59
16 17 55
12 13 67
13 13 51
17 12 86
17 15 51
16 10 71
19 13 58
17 18 71
11 16 78
19 11 99
11 11 75
14 14 97
18 14 74
12 19 65
15 16 87
19 12 97
16 13 78
15 16 82
14 17 99
12 12 96
15 14 69
11 20 99
11 10 98
11 20 60
15 11 88
17 18 84
18 18 71
17 15 55
10 11 93
11 18 81
13 20 50
16 12 72
16 17 76
11 11 79
15 12 80
19 18 78
18 18 87
17 12 51
14 14 82
15 10 69
15 15 75
17 17 51
17 13 52
16 19 83
10 17 72
20 18 87
