52 52
1 5
6 2
8 1
7 10
10 1
7 8
3 10
6 4
10 1
5 3
8 7
7 8
6 10
7 4
10 4
6 5
8 10
9 10
9 9
6 1
7 2
4 5
7 3
1 8
4 5
7 8
8 5
2 8
5 9
9 7
2 1
6 1
2 4
1 8
9 3
7 2
2 1
10 3
4 2
2 4
3 1
6 3
8 5
5 4
3 9
3 2
6 5
8 9
3 9
5 10
6 2
8 8
14 19 88
15 16 73
12 17 95
10 16 62
12 17 98
19 17 90
17 18 76
14 17 53
10 20 73
11 11 89
13 17 66
13 16 91
17 16 63
13 19 96
14 12 90
10 11 58
15 13 67
15 16 82
11 19 69
12 12 65
13 17 53
10 17 64
12 15 52
10 18 61
14 20 94
16 10 76
10 17 92
18 12 62
14 18 74
15 12 52
16 18 89
11 11 75
10 16 80
20 12 66
13 15 53
11 17 63
16 16 81
18 18 74
17 11 61
11 16 95
12 14 53
14 19 85
17 16 93
16 15 65
14 16 92
15 10 90
13 16 92
10 17 60
11 16 59
18 12 57
10 12 52
19 17 64
