53 35
2 10
1 8
7 10
9 9
10 7
2 10
8 3
2 8
10 8
8 8
8 5
2 2
6 2
8 4
10 2
7 9
3 8
3 2
6 2
3 5
3 2
2 10
10 5
9 2
6 8
1 4
8 9
7 5
4 2
5 6
5 1
1 9
7 8
2 3
1 6
3 9
9 7
4 3
2 9
9 2
1 7
6 1
3 3
5 2
5 2
4 10
2 5
5 4
9 5
1 9
7 7
8 1
2 10
10 15 79
11 15 64
20 12 71
12 11 87
19 19 94
12 15 66
12 19 80
14 11 54
14 12 62
20 18 64
13 14 99
12 18 84
15 19 80
11 12 100
14 18 78
13 12 95
19 19 97
20 12 58
19 19 98
17 18 71
19 20 52
19 18 59
15 18 76
18 10 83
15 18 63
19 11 50
16 18 59
17 17 63
11 15 50
16 19 71
14 16 72
15 14 79
20 18 58
15 11 63
14 12 58
