54 36
8 10
10 1
8 4
6 10
1 3
7 1
5 3
7 4
6 4
7 8
5 6
10 8
5 1
6 1
9 5
2 4
3 6
10 7
10 7
8 10
6 7
7 7
1 3
9 7
2 6
3 7
1 2
2 6
2 4
1 6
6 7
9 5
1 5
9 4
9 10
7 9
4 7
9 5
6 8
6 10
7 2
3 1
9 5
7 5
8 9
8 9
4 6
2 3
4 10
8 7
6 10
8 5
7 5
9 6
11 20 77
12 15 70
15 11 88
18 20 74
16 15 100
16 12 85
11 15 61
11 17 58
10 16 51
17 13 60
15 18 63
15 20 82
11 20 70
11 15 78
20 10 94
14 14 78
10 14 94
15 12 79
10 10 78
14 17 81
11 19 58
17 12 74
20 11 87
19 10 64
12 14 51
14 20 90
16 11 53
16 15 93
12 16 91
12 15 94
12 13 56
15 13 74
14 19 54
10 16 74
20 14 85
19 12 83
