90 180
9 6
5 5
1 2
4 1
8 4
5 2
4 3
3 8
9 3
6 5
5 10
7 7
1 6
4 6
9 2
7 9
8 1
3 2
7 1
8 4
5 1
4 1
3 3
1 8
3 8
9 1
1 6
6 6
9 7
4 7
5 1
4 1
2 7
5 5
2 10
9 1
2 1
10 3
9 6
10 9
2 8
5 8
7 5
8 3
2 7
6 8
9 6
4 1
3 6
4 6
10 9
3 4
10 7
4 10
4 7
1 9
6 8
6 8
7 1
8 8
2 1
4 6
10 1
3 6
2 10
9 1
10 8
1 1
5 5
7 1
6 2
10 4
7 10
4 1
5 4
9 8
3 3
9 8
3 10
8 6
7 5
3 5
7 2
8 2
8 1
1 4
2 6
6 7
10 5
7 9
11 12 53
12 13 92
16 12 54
12 14 88
18 16 73
12 12 94
20 19 64
17 20 60
12 20 100
15 19 76
19 15 89
10 17 73
12 11 76
17 11 62
18 18 76
20 13 81
13 14 98
10 11 51
18 16 55
11 18 95
19 15 74
12 15 91
17 18 52
12 16 78
12 10 76
19 16 71
19 20 85
16 16 87
13 12 75
12 13 66
15 13 80
11 11 100
15 15 88
10 20 52
15 20 97
17 17 69
13 12 87
12 11 98
12 19 61
17 11 66
19 10 91
20 11 50
20 14 77
14 16 50
10 10 84
18 18 82
10 14 51
12 10 58
15 19 93
17 18 85
14 16 67
14 12 97
20 17 80
14 16 88
12 14 51
20 13 57
10 20 85
10 10 51
20 10 82
10 13 74
20 16 92
15 18 75
17 18 86
15 10 62
20 10 87
17 18 100
20 12 86
20 15 93
16 13 72
11 12 83
20 13 62
14 17 96
14 10 59
13 18 88
16 17 99
11 16 55
12 11 82
10 18 93
19 16 52
10 18 66
15 20 56
14 12 86
19 17 81
16 14 100
20 17 81
13 12 83
17 12 59
17 15 69
14 17 65
17 11 74
20 18 77
11 13 89
18 17 99
12 16 68
11 16 97
14 18 64
15 18 98
16 13 81
15 19 100
18 18 84
15 12 100
12 17 58
17 12 75
11 15 81
18 15 77
15 16 55
11 15 79
17 11 71
10 12 90
20 16 91
12 17 50
15 14 98
17 16 87
20 19 94
16 19 67
13 13 82
14 15 60
16 13 99
12 10 67
13 15 68
13 18 91
20 12 100
19 13 75
14 11 94
14 15 79
12 11 73
14 16 75
15 19 65
17 20 64
18 13 97
15 16 70
10 12 75
16 15 55
11 10 100
18 20 86
12 14 76
18 10 65
14 20 79
13 13 66
19 13 81
17 20 91
12 17 88
12 18 78
15 11 61
16 16 66
13 12 93
12 12 68
15 11 97
19 15 86
11 12 86
12 12 96
12 12 66
12 15 60
11 15 96
10 17 74
15 14 98
14 14 60
14 10 80
20 20 96
17 13 86
19 13 76
19 16 98
15 12 61
14 16 82
11 11 53
20 12 54
10 15 68
12 13 71
20 15 53
18 17 74
16 11 89
10 17 59
13 11 77
18 20 80
11 18 87
11 14 80
19 19 57
12 16 83
18 13 68
10 10 62
