120 240
6 8
10 6
1 2
1 2
7 6
9 6
5 4
10 7
10 8
10 1
2 4
4 5
1 8
10 4
3 5
9 8
7 8
9 2
10 6
4 2
10 3
10 1
3 9
9 10
2 8
2 7
1 4
3 1
1 1
10 2
2 6
1 9
4 2
3 8
6 1
4 1
8 5
6 9
1 8
10 10
1 1
3 5
4 1
2 4
3 5
7 4
6 8
5 2
6 7
5 3
8 5
10 5
5 5
4 1
1 6
9 3
5 3
8 8
7 9
4 3
1 9
1 6
6 3
10 4
4 9
1 9
8 7
9 6
4 6
1 7
8 6
5 5
4 3
6 3
8 7
9 7
8 1
4 10
1 8
1 4
9 4
9 3
7 5
3 6
3 1
2 1
10 6
9 5
8 8
5 10
1 9
9 5
1 9
5 8
1 7
1 8
6 4
1 7
3 3
7 5
5 10
2 2
1 10
4 4
8 1
2 7
8 3
8 4
3 7
7 9
8 9
5 2
1 5
1 3
7 4
4 2
6 7
9 9
6 10
5 2
15 13 70
13 15 89
14 16 95
19 11 89
18 10 83
13 19 94
10 15 73
17 15 57
20 18 71
19 19 66
11 19 92
16 17 85
11 18 77
10 12 80
10 12 93
15 20 86
17 18 52
18 14 62
12 18 80
15 16 79
11 13 60
12 16 95
18 15 74
14 15 55
18 12 77
16 10 75
12 14 78
16 19 64
19 18 70
20 14 88
12 11 59
16 16 77
16 13 93
10 10 57
20 18 86
13 16 85
11 10 68
18 11 90
12 15 68
14 19 68
12 12 71
15 18 88
14 13 58
19 11 93
20 18 91
15 10 64
17 11 99
14 11 86
18 16 52
16 12 58
14 20 51
18 19 55
17 18 87
14 14 94
20 15 99
16 13 68
20 18 52
10 12 73
14 15 95
15 12 51
13 16 64
11 17 78
15 14 56
11 13 90
14 10 89
12 12 73
11 10 71
10 11 93
10 10 74
16 12 74
13 15 69
10 15 77
17 12 54
18 10 91
14 12 53
19 13 76
18 18 71
18 12 77
12 10 93
12 16 56
12 16 55
15 16 79
12 12 65
12 11 50
10 12 60
11 17 92
16 20 58
11 11 54
15 16 59
19 12 89
17 17 96
19 17 74
18 18 77
12 10 51
19 18 61
15 14 68
16 15 79
15 18 60
18 11 53
15 16 94
19 13 77
11 12 74
16 20 51
15 15 55
16 11 62
17 11 92
13 14 57
13 13 87
16 14 70
18 19 75
14 15 77
20 20 62
16 15 99
18 13 96
16 11 69
15 18 51
20 18 89
12 14 77
14 16 68
16 18 95
20 19 70
13 11 51
12 15 79
15 10 65
17 20 52
12 10 81
11 18 53
10 18 99
16 18 90
19 14 65
20 18 72
19 20 66
20 17 57
10 10 60
16 19 58
16 15 78
10 14 90
17 10 58
10 17 95
10 17 73
15 20 66
20 17 60
19 18 70
14 20 72
12 10 68
12 11 73
14 17 80
16 14 59
19 16 70
20 18 50
17 11 61
11 20 82
17 20 88
18 14 88
12 17 83
20 11 71
10 19 79
12 20 61
12 13 60
14 10 97
15 20 91
15 10 94
10 14 52
11 13 85
18 15 57
14 11 71
14 15 86
12 18 52
11 11 69
11 14 52
10 12 77
19 17 84
14 20 79
16 14 80
19 18 88
15 14 67
14 13 55
18 15 57
19 13 87
20 10 68
16 16 77
11 16 75
11 17 80
10 18 70
11 13 80
19 17 69
14 15 62
16 11 51
13 13 54
11 20 76
19 14 89
14 11 58
16 13 67
12 15 91
12 17 64
14 15 51
19 18 52
14 17 53
20 19 68
20 20 95
16 10 68
20 12 60
16 15 100
20 18 82
10 20 65
17 10 75
14 10 81
13 16 51
18 10 59
19 12 70
18 20 98
15 10 64
11 19 93
18 19 73
15 16 72
10 11 86
10 13 74
12 12 100
11 12 80
19 16 89
13 18 68
19 10 72
10 12 96
13 19 80
13 17 52
18 13 92
15 10 70
20 17 75
11 15 65
16 17 93
17 10 71
13 15 55
14 11 54
14 15 63
20 11 86
17 17 75
19 13 100
20 17 78
10 13 50
20 13 73
