150 100
4 3
3 1
9 7
8 1
1 9
3 5
5 1
1 2
4 8
3 9
6 10
4 8
1 3
7 4
2 3
3 7
5 8
2 1
9 2
9 10
3 2
3 7
9 7
6 5
3 4
9 4
4 8
7 4
3 5
1 10
6 4
10 5
7 5
3 9
2 6
7 4
7 9
9 3
10 2
3 3
2 2
2 1
4 4
6 5
1 2
4 9
4 7
5 7
3 4
5 1
3 7
5 1
10 7
10 4
6 6
10 6
10 9
5 3
2 6
7 10
1 2
7 5
10 7
6 1
3 8
6 6
3 3
9 9
9 7
3 6
1 2
6 3
8 4
2 3
2 3
4 10
8 9
8 2
5 1
3 6
8 2
8 9
7 7
9 3
4 9
8 9
7 5
4 5
3 10
4 5
5 2
8 5
6 10
6 5
1 8
6 4
2 6
5 8
2 1
3 8
3 7
1 4
10 9
2 6
6 8
10 2
5 9
5 1
3 6
6 7
10 6
3 1
6 3
4 1
2 8
1 9
1 8
5 9
3 10
10 9
9 4
1 3
1 7
6 6
10 7
7 3
4 4
5 2
1 9
10 2
2 6
4 9
9 8
10 10
5 8
3 1
5 1
8 9
8 8
7 4
1 9
8 3
3 8
8 9
5 9
4 9
2 8
5 3
8 1
6 5
10 14 54
13 19 78
13 17 97
10 10 86
13 18 81
13 14 84
10 19 57
15 12 61
13 11 50
20 14 96
17 12 56
14 19 65
18 13 87
10 19 62
16 17 71
19 12 85
19 12 54
20 14 81
13 19 75
10 17 69
14 13 64
11 16 92
17 14 63
18 12 96
14 11 51
15 16 71
15 10 55
20 10 76
20 17 86
19 16 76
17 19 58
13 20 61
11 16 75
19 14 89
14 15 88
15 19 73
16 16 50
19 14 54
12 19 53
15 20 80
12 13 57
11 13 84
11 12 67
19 11 78
19 11 59
19 11 58
17 16 73
17 16 95
12 19 63
10 20 94
13 14 80
17 20 78
15 19 72
19 19 91
13 19 72
11 17 80
15 10 84
16 18 78
10 11 66
16 14 57
18 20 67
11 11 64
13 12 100
12 18 92
17 17 50
18 16 92
11 14 79
16 10 70
14 11 88
12 19 56
11 18 57
13 16 58
13 10 90
16 15 51
19 16 86
18 14 90
13 11 58
12 19 77
19 17 54
14 17 98
20 16 68
18 15 83
11 14 68
16 18 89
10 18 78
16 12 74
16 16 100
13 12 93
19 13 89
20 14 74
12 14 69
13 14 62
10 10 83
15 13 98
12 16 69
13 14 68
16 12 64
18 14 56
15 14 95
10 18 95
