180 120
3 2
8 5
6 10
8 6
6 2
4 7
3 6
10 7
8 10
3 3
8 9
5 4
9 10
9 2
3 9
8 7
5 9
1 2
4 7
5 3
7 1
1 8
9 6
4 2
10 2
7 2
4 5
6 6
2 3
6 7
7 3
4 10
3 9
1 10
3 1
6 6
8 4
5 6
7 8
4 10
5 7
4 3
3 10
2 8
9 6
5 8
3 4
7 6
2 1
4 6
5 7
5 10
1 10
6 3
10 5
9 2
6 8
2 4
10 7
8 4
7 1
2 2
8 3
6 1
3 5
9 3
8 1
1 2
10 2
9 10
6 3
6 10
4 9
1 8
10 6
5 3
10 2
7 9
6 10
4 6
8 10
7 2
2 10
6 7
8 3
7 10
6 7
3 7
2 10
4 5
5 10
8 9
10 4
6 6
5 2
6 4
1 9
2 2
2 2
8 9
1 7
7 10
8 7
1 7
1 6
1 2
6 6
10 8
1 9
5 4
5 10
5 6
7 7
8 2
4 3
7 5
9 3
5 4
4 3
2 2
2 10
8 2
1 10
10 10
1 2
6 4
4 2
8 7
9 10
1 6
7 10
4 2
3 2
1 10
6 1
2 10
9 4
2 7
4 8
1 1
4 3
7 6
9 6
1 4
4 3
1 10
3 8
8 9
5 4
1 8
8 3
9 8
7 7
1 3
6 8
9 7
1 7
6 4
7 6
5 1
7 2
6 9
4 8
7 1
8 8
3 3
9 5
7 6
1 6
10 7
3 4
10 2
3 8
7 4
7 1
1 5
9 6
7 7
1 4
6 5
13 18 93
15 13 87
13 14 55
18 15 59
17 10 55
13 17 53
15 20 100
13 13 68
17 16 100
12 12 95
15 11 86
17 12 60
18 11 50
14 11 77
19 19 96
20 15 72
12 15 57
16 10 67
17 18 52
15 15 61
16 20 86
20 19 77
20 15 90
17 14 56
18 10 71
14 18 58
16 11 65
15 17 52
17 15 97
13 11 50
20 10 80
14 19 95
19 15 73
19 17 55
14 18 81
10 12 80
14 15 61
13 11 91
20 10 77
14 17 89
16 17 55
11 18 76
19 12 72
17 14 81
20 15 83
20 20 50
10 18 63
11 12 77
10 14 96
17 17 90
12 17 94
20 13 78
20 19 84
18 17 98
14 19 71
15 13 58
20 12 71
16 15 95
13 12 55
19 18 88
19 10 70
10 18 92
16 14 75
19 13 78
16 13 54
10 17 59
15 15 71
17 14 54
20 18 63
17 12 72
15 18 82
11 11 51
14 17 81
11 19 71
19 14 61
12 20 76
11 18 68
17 10 53
19 20 51
14 16 58
18 16 59
10 14 66
19 15 58
12 20 57
13 20 70
17 18 82
15 10 71
15 13 73
10 16 77
11 13 55
12 18 67
15 17 92
12 13 89
18 12 63
20 19 76
19 12 82
15 13 58
12 12 53
20 15 59
17 18 57
16 20 96
16 20 96
14 20 98
15 10 51
12 10 97
17 17 83
15 17 66
19 16 96
17 16 56
17 11 76
11 19 50
15 14 67
15 18 80
19 20 64
11 11 68
16 11 70
15 17 98
12 18 53
10 15 87
10 17 65
