210 420
10 3
9 4
3 10
4 6
9 8
3 3
9 3
2 10
7 5
8 9
10 8
7 8
10 10
10 6
8 1
8 4
5 10
2 1
3 3
4 6
6 7
9 5
9 1
1 3
2 4
6 6
9 5
3 6
8 9
7 5
2 3
6 1
8 1
10 6
5 7
2 1
7 1
7 3
10 5
2 2
9 1
9 10
1 4
10 3
9 7
3 7
3 5
7 7
8 7
3 10
8 7
7 6
1 1
9 1
10 6
10 9
9 4
4 9
8 10
2 4
9 5
8 6
10 5
4 4
6 5
8 4
4 9
10 3
5 4
6 9
2 7
10 3
7 6
10 8
2 2
3 1
10 7
2 9
3 7
10 8
8 7
9 7
6 2
4 4
5 1
10 7
5 6
10 5
4 1
8 4
9 7
9 7
10 10
9 8
9 4
6 7
3 7
6 1
1 7
2 2
3 2
10 3
2 1
9 9
6 4
10 8
3 10
10 8
1 1
6 3
4 5
2 2
10 4
1 8
9 2
9 9
5 10
5 8
4 8
3 8
8 9
4 8
3 2
9 2
3 10
5 10
1 6
4 9
6 9
7 5
5 7
7 2
7 3
8 3
8 8
1 3
5 4
5 3
7 10
5 6
3 7
8 5
6 10
9 4
3 5
6 2
3 5
2 5
1 9
5 9
1 2
6 7
9 1
7 8
2 4
6 6
7 3
6 4
4 4
1 9
4 1
6 2
1 10
3 9
4 2
1 1
9 10
6 9
2 5
10 7
10 1
9 8
4 9
4 4
4 9
6 8
6 1
1 10
8 3
3 2
5 9
9 8
10 5
9 9
8 8
8 8
3 8
1 9
3 6
5 2
8 5
10 3
3 1
8 5
8 7
6 1
3 3
8 8
7 6
2 3
6 9
2 5
10 3
3 7
1 9
2 4
10 1
5 1
10 7
3 8
18 18 95
20 14 64
13 17 92
20 12 58
12 12 76
12 16 61
15 17 50
13 11 66
13 16 80
12 15 72
13 13 90
15 16 63
14 16 75
11 15 87
15 17 70
13 15 91
14 10 99
16 14 81
11 17 71
17 20 65
18 18 83
20 13 85
18 19 68
13 17 51
12 17 76
12 15 80
11 14 67
15 10 74
13 16 79
19 15 58
15 14 85
19 11 51
16 15 89
17 19 60
16 10 68
19 14 62
10 12 89
13 13 98
10 19 96
15 17 90
20 12 61
18 12 82
18 15 81
17 14 94
18 19 97
15 12 93
11 14 61
14 18 52
17 18 75
11 17 87
18 18 69
11 11 58
20 10 74
15 14 86
18 17 73
13 10 97
15 11 95
16 16 74
20 17 100
13 17 52
13 19 63
20 10 82
16 16 65
17 14 83
15 18 79
16 19 75
17 16 68
12 19 96
18 19 54
10 20 77
12 12 100
11 20 55
13 14 53
15 16 95
19 17 79
20 13 62
10 19 62
19 19 62
19 20 74
15 20 73
16 14 56
17 19 73
18 19 54
17 18 91
15 10 95
13 19 68
17 20 86
19 15 57
13 14 50
10 19 81
13 13 99
17 16 61
15 18 50
16 18 96
19 19 96
15 10 86
17 12 75
18 11 87
10 14 57
10 17 96
19 15 51
11 20 68
19 16 77
11 16 64
19 18 79
19 14 68
12 18 68
18 14 91
12 19 82
18 10 98
10 13 83
17 16 79
16 13 94
14 18 64
20 19 72
20 13 60
15 17 89
19 16 65
18 19 89
12 16 50
18 11 94
17 14 84
10 19 84
11 16 87
17 11 91
14 18 78
13 10 65
10 14 56
19 13 70
15 19 67
15 18 63
20 20 87
18 10 96
20 16 53
20 13 63
15 19 93
19 19 61
15 20 51
19 19 53
12 11 64
18 14 50
16 18 84
16 15 94
15 14 53
20 12 69
10 11 82
20 15 96
15 13 91
10 20 74
17 17 84
20 10 85
18 14 76
12 10 67
14 18 69
18 16 80
16 14 82
17 11 79
19 16 57
17 16 95
19 14 66
12 10 57
16 11 59
10 12 53
14 17 81
16 19 85
12 12 64
20 19 62
12 14 69
15 14 97
10 15 96
12 13 91
15 10 95
14 13 50
17 18 54
16 18 76
20 18 94
15 17 97
18 16 84
13 19 80
19 13 68
15 13 66
16 20 84
15 12 84
18 17 84
20 15 76
19 11 61
13 11 55
17 16 50
14 17 81
12 12 84
13 20 61
20 17 91
15 16 67
17 20 87
12 11 59
11 11 87
19 12 51
14 10 58
14 11 59
20 13 91
14 15 78
18 10 57
12 11 85
11 20 87
12 16 78
10 19 83
10 17 83
16 19 55
16 12 56
14 18 74
18 12 58
17 15 81
14 17 77
15 18 57
15 19 70
15 10 88
12 20 100
12 17 50
10 19 96
13 19 64
17 10 65
11 16 89
19 11 53
12 18 73
18 11 61
12 19 56
20 18 95
17 12 65
11 18 97
18 15 100
11 15 77
15 10 58
14 15 88
17 16 88
13 17 52
17 10 71
16 14 53
10 20 93
18 18 93
15 12 96
18 17 87
11 16 62
18 19 76
20 12 56
19 20 72
15 20 57
12 19 76
14 18 73
13 14 87
16 16 61
17 20 53
16 13 87
11 20 72
20 19 92
20 11 87
15 16 93
15 10 74
17 19 72
16 11 79
16 16 52
20 17 90
20 20 51
17 11 61
10 13 56
18 10 74
20 13 55
12 11 88
17 20 74
16 19 73
14 11 63
13 17 88
12 13 79
18 11 73
18 15 53
14 15 75
12 15 54
11 15 76
17 19 72
17 17 96
13 16 68
14 19 72
17 17 66
14 14 76
17 11 64
10 11 76
20 17 64
19 11 88
15 16 63
19 11 95
17 13 80
18 12 75
14 15 87
17 19 50
12 14 66
10 13 77
11 16 69
16 11 79
18 18 50
17 19 57
13 10 58
10 18 52
18 14 83
15 11 69
10 13 84
20 11 83
20 16 58
13 12 54
18 20 87
14 12 92
15 20 89
15 13 80
10 15 80
18 11 70
11 18 66
11 18 97
14 13 71
17 10 84
18 12 58
13 17 95
20 13 91
13 13 69
20 20 71
15 16 60
19 18 72
16 12 53
20 13 55
20 10 89
20 19 73
20 13 55
11 12 75
11 16 63
20 18 51
12 16 78
16 15 83
16 17 80
10 12 55
13 14 84
20 19 50
11 18 75
12 13 53
20 13 77
17 12 62
14 17 69
19 20 57
19 11 89
18 11 58
19 19 77
11 19 84
14 18 65
14 15 57
15 19 92
18 15 55
15 10 78
14 10 60
11 10 91
17 17 73
17 17 51
19 10 80
10 12 96
14 19 50
11 11 65
17 19 83
18 10 69
14 17 98
19 18 68
13 18 71
19 13 85
13 17 91
13 10 98
12 20 99
19 13 87
20 12 91
10 17 90
12 13 96
12 17 61
20 16 63
10 11 76
11 17 96
18 12 69
13 18 67
18 17 65
11 17 95
14 16 67
20 10 84
20 20 78
20 14 98
17 20 50
10 11 82
14 11 64
16 17 58
12 10 83
17 15 51
15 11 70
17 11 58
17 15 59
16 12 83
19 20 75
17 12 96
11 12 98
20 11 76
10 19 66
16 10 76
14 10 93
13 19 89
10 12 50
17 13 50
16 18 59
13 20 69
12 16 83
13 20 64
14 18 76
19 12 77
18 13 93
16 18 92
18 12 78
20 13 90
15 17 54
14 13 83
17 19 92
13 11 94
