240 160
9 2
2 5
3 2
1 1
1 10
4 10
6 5
3 7
5 1
8 9
7 10
8 8
4 3
3 1
3 5
2 1
2 4
2 6
5 1
8 10
7 4
8 4
2 3
3 6
1 1
9 9
9 7
1 2
9 3
5 7
2 8
5 7
5 3
6 10
9 4
5 1
5 8
4 3
4 7
3 3
4 4
7 8
4 3
1 4
9 8
9 9
9 7
9 1
4 8
2 5
8 9
1 6
6 1
9 9
6 4
3 4
3 8
7 1
6 8
4 4
7 5
8 3
2 2
1 1
6 4
8 3
6 7
3 6
1 4
1 9
2 8
4 4
8 6
1 2
1 3
1 6
1 7
8 9
3 5
4 7
9 7
5 10
9 5
3 5
3 6
2 5
9 2
1 8
8 5
6 6
9 3
10 5
5 10
9 4
6 10
8 1
2 1
10 9
8 4
6 3
2 9
9 2
8 9
2 3
8 10
1 2
9 2
1 2
2 7
8 6
2 3
8 2
8 4
9 3
1 2
2 3
10 7
8 6
3 10
9 8
10 9
8 10
5 5
5 4
4 10
3 10
5 6
9 5
3 4
10 7
9 4
7 10
7 4
8 5
4 2
4 1
1 9
7 8
1 6
9 9
6 6
5 10
1 10
1 10
10 6
10 4
1 9
8 1
3 6
1 5
10 2
10 2
1 5
3 2
10 8
9 3
3 3
3 5
7 6
2 10
10 3
8 8
4 2
1 10
1 4
4 2
2 6
10 4
6 10
6 2
7 1
2 2
8 3
6 4
7 10
1 1
2 3
6 2
6 10
8 5
6 8
9 7
5 7
7 4
2 2
9 8
5 3
7 7
5 10
3 6
9 7
1 10
3 6
6 10
2 8
1 3
5 7
1 10
8 4
10 3
6 4
9 2
3 9
7 6
8 1
1 3
6 4
7 6
2 6
8 8
4 8
3 7
4 9
2 8
5 10
4 6
6 7
8 5
7 9
5 7
7 6
6 1
4 3
1 3
10 5
1 8
3 8
1 6
4 1
1 2
3 7
7 8
5 7
3 8
8 7
8 2
7 6
2 2
6 8
1 10
17 13 70
18 15 67
16 14 98
18 11 88
11 20 67
15 18 57
13 16 60
13 19 53
10 14 86
18 12 87
19 11 52
18 19 56
15 12 56
18 10 78
20 14 70
19 14 90
11 12 98
20 16 66
12 13 77
14 10 81
12 11 77
18 19 78
11 14 60
13 11 71
18 11 78
20 11 51
10 17 68
18 18 55
14 11 94
13 18 80
20 16 89
11 12 62
10 10 89
18 10 55
16 12 50
14 18 53
14 15 90
15 19 67
14 12 57
18 18 59
15 12 70
19 16 58
17 17 64
11 14 75
12 20 63
16 18 100
17 11 88
12 11 56
17 10 97
10 15 55
11 16 82
15 11 60
20 20 75
14 12 82
19 14 80
19 17 80
18 12 79
17 13 81
10 16 73
17 20 70
14 19 55
13 13 50
19 16 57
11 11 80
13 19 82
20 10 100
14 14 61
17 13 79
13 11 66
12 10 53
13 17 50
18 18 61
13 12 54
13 10 56
19 11 96
11 16 51
18 10 100
11 19 52
20 20 100
12 20 95
17 20 66
14 18 57
15 19 94
10 10 67
11 19 73
19 19 63
14 12 91
19 15 80
15 14 56
14 20 97
16 17 69
16 17 60
16 14 54
13 12 64
11 18 53
15 19 56
12 12 75
13 10 58
20 17 96
17 18 68
13 10 98
11 14 87
16 20 65
19 16 54
15 14 85
20 10 77
19 19 100
16 19 69
17 11 81
14 15 61
15 10 80
11 17 95
12 19 63
14 14 82
11 16 84
13 11 99
11 14 65
16 17 70
11 13 94
17 18 93
17 13 72
13 15 59
14 15 66
17 12 53
12 19 83
17 20 78
14 15 51
18 10 70
15 10 80
19 12 95
20 19 61
19 12 61
15 11 96
16 13 98
11 13 52
18 20 54
17 12 59
16 20 84
17 17 97
16 14 54
19 15 97
18 16 94
16 12 75
16 10 100
11 11 64
12 16 99
11 19 89
12 14 92
13 13 66
12 10 90
17 12 71
11 14 52
14 19 67
13 10 63
16 18 86
10 10 74
19 14 82
19 18 93
11 11 87
16 11 96
