270 90
1 3
5 9
8 7
1 6
10 2
5 2
3 6
5 6
2 4
8 1
5 7
8 4
10 6
4 10
5 1
9 1
8 3
4 1
1 2
4 5
10 3
5 1
7 6
3 5
3 3
6 1
10 7
2 2
9 4
5 6
7 9
6 5
6 1
9 10
2 4
9 2
2 10
9 5
8 9
7 2
5 8
4 1
3 7
9 7
10 5
7 3
6 9
8 9
7 8
8 8
2 9
8 9
6 10
1 7
6 2
4 2
6 10
2 6
3 2
3 10
5 3
7 6
5 1
10 2
2 6
10 5
6 2
7 5
7 1
1 1
3 10
7 4
8 2
2 4
9 1
10 7
2 8
7 5
2 5
1 10
4 7
2 8
10 4
7 4
3 4
9 1
3 5
4 6
6 6
5 2
8 6
9 9
5 9
10 6
7 3
4 7
2 3
7 6
8 5
5 9
6 5
1 9
1 4
5 5
7 3
6 5
6 10
3 2
5 9
4 4
4 7
8 8
9 2
8 4
9 2
8 2
2 2
10 3
4 8
8 8
9 1
8 7
6 3
8 1
3 1
2 10
4 2
3 6
7 4
1 10
5 5
2 9
10 1
10 9
7 5
4 2
9 7
8 9
2 1
9 3
7 8
9 6
6 6
7 4
1 3
2 2
3 4
5 7
10 1
10 3
10 8
4 1
8 9
4 7
9 4
8 2
4 10
8 4
7 5
8 10
8 9
10 7
1 10
5 6
8 2
10 1
2 7
10 1
6 7
3 5
1 4
4 3
5 6
10 5
3 5
9 8
10 2
1 10
2 7
2 9
3 6
7 5
8 3
8 5
6 7
9 7
3 10
6 4
6 5
3 5
9 2
3 4
2 9
4 7
8 10
7 9
5 6
9 1
10 2
9 6
9 8
9 1
10 6
2 6
6 10
7 1
5 3
2 6
3 1
10 6
1 3
1 6
4 6
8 2
3 2
10 8
6 7
2 7
10 3
2 2
3 10
2 8
7 10
3 9
3 2
10 9
9 2
8 3
4 3
9 6
6 3
7 4
4 10
10 6
7 3
4 2
1 4
10 1
10 10
1 10
2 9
9 7
6 2
1 10
3 6
6 5
6 10
4 9
5 9
8 4
1 3
5 7
7 10
3 3
7 3
7 2
1 2
7 9
8 10
7 5
8 5
9 5
3 6
10 5
7 6
10 5
4 1
4 4
7 9
5 8
11 11 70
16 18 54
10 16 60
19 12 62
18 10 68
19 16 61
15 10 83
19 11 79
10 11 56
12 17 56
17 16 87
16 15 100
19 10 66
13 18 63
14 19 89
14 14 64
18 18 56
18 15 67
18 18 61
16 12 78
18 20 57
10 15 96
17 20 87
15 11 87
15 17 58
15 12 99
20 19 89
18 18 99
13 10 99
12 14 61
13 16 61
13 19 62
16 14 93
18 15 66
11 10 54
20 16 83
20 18 91
20 17 69
11 12 86
16 15 67
15 10 78
19 12 67
17 13 72
20 10 94
15 17 98
11 18 53
19 18 87
11 16 84
12 13 55
16 14 83
15 20 78
18 14 92
11 19 76
12 10 72
19 12 52
10 13 65
18 19 88
20 15 92
12 18 86
10 19 60
17 16 73
15 16 89
18 15 53
18 10 91
20 10 96
12 20 82
17 20 95
14 10 96
17 16 70
14 13 91
16 11 68
11 11 98
15 14 55
11 19 99
16 20 51
10 13 90
18 17 90
14 14 73
20 17 84
13 11 100
10 10 50
11 15 93
18 19 73
14 10 60
17 16 96
19 12 91
14 19 73
17 10 93
19 10 80
15 16 82
