300 300
5 1
8 10
8 6
2 9
8 5
3 5
1 4
3 7
3 2
7 4
5 1
8 8
10 5
2 6
6 6
3 10
5 1
3 10
3 3
6 6
7 7
5 3
8 6
10 2
5 3
5 6
6 3
9 8
9 9
4 5
6 8
10 5
7 3
3 9
7 4
10 10
10 10
2 3
4 3
6 2
5 2
7 1
1 10
5 5
5 6
1 9
1 8
7 6
4 7
5 6
2 8
1 3
2 10
6 7
10 4
9 4
6 5
1 3
10 4
9 5
1 3
7 3
1 5
2 10
9 5
8 10
7 10
9 9
7 4
6 3
8 3
10 6
3 8
3 3
7 10
6 4
7 5
8 3
5 4
8 3
3 4
3 6
10 1
8 2
1 9
4 2
10 8
2 2
5 6
6 3
7 4
9 7
10 4
5 5
2 4
9 3
8 4
8 8
9 5
7 6
7 6
4 2
9 10
10 10
2 3
5 9
1 7
5 8
8 2
2 1
8 1
5 8
4 7
1 5
3 1
3 7
6 2
1 7
4 7
10 5
1 6
9 8
9 3
8 8
7 9
6 9
1 7
5 6
10 9
7 1
2 9
8 7
2 10
4 6
4 1
2 10
8 4
3 4
7 4
9 9
6 10
4 3
1 2
7 10
10 9
1 3
5 8
9 6
1 8
2 1
7 9
7 8
9 9
7 5
4 10
10 5
6 4
3 2
9 2
9 8
8 10
1 2
7 9
9 7
10 10
2 1
4 10
7 2
1 4
7 9
1 6
4 1
10 7
5 7
2 7
7 3
3 2
10 2
2 5
8 9
5 6
5 6
1 8
7 4
5 9
4 7
2 4
5 4
5 2
4 8
9 8
9 4
9 9
6 5
8 5
7 9
8 9
2 2
10 3
1 2
2 10
2 9
5 10
2 9
5 4
4 4
9 7
9 9
10 9
8 1
5 6
3 7
2 9
5 10
9 7
4 8
3 1
4 8
9 8
4 2
1 5
8 9
10 3
10 8
5 10
1 2
8 2
4 5
10 3
10 7
10 1
2 7
1 3
1 3
4 8
5 9
10 10
2 1
2 9
6 1
3 10
5 9
5 4
5 8
9 9
5 8
10 2
1 9
1 8
10 5
1 2
3 9
7 1
1 8
5 10
10 3
2 7
1 6
6 5
8 8
7 1
5 4
2 6
3 9
4 7
1 10
3 4
3 5
5 2
5 7
1 8
2 7
10 9
2 9
7 4
10 6
5 1
1 7
1 10
4 6
9 3
8 3
6 3
10 3
5 9
1 4
5 1
3 4
7 3
5 7
10 7
3 3
10 3
6 6
2 1
1 3
4 7
8 6
4 9
4 5
10 13 71
12 17 67
12 11 58
10 16 67
18 20 72
14 17 61
11 18 91
17 12 89
13 14 86
14 19 53
20 10 95
11 16 55
20 19 53
13 10 71
20 17 69
14 17 74
20 12 53
17 10 59
17 18 64
11 19 52
17 18 60
18 19 74
12 11 61
19 12 92
20 19 54
18 17 95
17 19 60
10 19 53
18 16 60
18 16 65
18 10 77
18 18 83
15 17 59
14 12 59
18 18 63
16 13 51
13 16 63
11 16 72
10 14 55
17 16 78
14 20 58
10 10 83
11 20 55
12 14 60
14 16 76
12 13 68
11 14 72
20 11 54
13 11 98
12 14 79
13 19 94
17 17 91
11 11 74
17 20 97
10 12 92
15 11 58
18 12 89
12 14 53
20 14 70
16 18 65
12 10 85
15 11 53
12 11 75
12 13 96
16 20 81
10 15 69
19 20 70
16 17 89
14 16 52
12 18 52
12 16 98
12 19 63
17 20 69
10 17 97
19 11 94
14 13 63
10 13 73
16 16 63
12 13 92
13 12 77
13 10 53
20 20 69
20 14 51
11 15 78
10 18 68
12 20 56
12 10 89
14 12 80
15 13 77
13 20 55
14 15 66
14 11 66
19 16 96
10 11 99
19 15 75
19 19 83
20 12 52
13 20 91
20 10 69
16 18 92
18 20 72
11 10 80
14 12 80
18 18 73
16 11 81
20 20 71
19 14 59
12 10 92
17 17 94
16 11 94
12 10 68
13 13 56
14 12 78
15 11 61
18 19 51
20 19 74
20 12 100
13 17 78
15 17 60
12 11 89
14 18 63
18 20 73
12 15 84
14 12 71
10 11 81
10 10 63
17 20 61
11 20 84
14 19 78
20 15 50
11 12 95
11 19 73
16 16 84
13 19 55
15 13 89
17 17 91
13 20 64
15 15 51
13 15 69
13 18 93
11 19 87
14 16 73
11 15 100
15 17 75
20 17 85
20 17 51
13 15 82
15 15 85
11 13 56
15 16 50
14 20 93
11 18 77
13 11 69
17 13 60
16 18 73
11 15 85
14 16 75
15 11 62
16 20 83
12 12 87
11 10 80
20 20 76
19 17 71
18 12 65
19 15 56
19 13 71
17 18 65
12 12 74
10 20 94
17 17 77
14 11 83
17 19 52
19 20 75
10 12 92
17 13 77
16 16 62
17 17 69
18 15 55
19 18 63
12 18 84
11 15 84
19 10 83
15 16 82
16 12 81
12 12 92
10 11 53
17 14 58
16 11 88
18 16 73
18 16 85
10 14 79
17 17 70
18 16 93
14 14 90
18 16 61
18 20 90
17 11 83
11 12 100
14 16 61
18 19 77
10 19 62
19 18 51
12 19 90
10 20 83
11 10 53
15 11 88
19 14 66
10 16 56
16 14 91
16 16 98
11 17 95
13 17 63
15 19 62
15 14 53
18 15 97
15 10 76
16 13 63
10 10 53
10 19 61
11 19 51
10 17 75
18 13 100
17 20 100
16 17 55
13 14 54
20 10 79
18 18 69
20 20 90
16 11 58
13 11 56
19 19 90
17 10 79
10 14 87
16 12 66
10 13 74
20 13 60
17 20 89
19 15 56
11 18 85
18 10 56
17 19 91
16 13 53
13 10 81
16 15 90
20 20 57
10 10 68
14 17 89
18 20 75
12 16 84
16 13 98
16 12 68
11 14 86
20 15 94
14 19 92
15 20 92
15 16 57
13 16 73
17 14 89
10 10 77
16 20 75
13 15 86
15 11 55
13 13 68
20 12 97
14 16 81
15 17 81
12 10 53
13 12 89
10 19 99
18 15 77
13 17 52
17 15 70
19 12 89
16 16 92
13 16 91
17 20 69
18 17 73
14 11 53
19 15 75
15 10 83
12 14 70
16 16 75
13 17 73
18 12 62
12 19 84
10 12 59
11 17 74
12 10 55
19 14 89
20 18 50
19 12 72
15 13 63
11 11 87
15 13 81
17 12 77
13 10 82
16 13 68
19 18 53
20 20 84
11 11 63
