330 660
5 1
5 1
8 3
2 8
10 7
4 7
4 9
8 4
4 1
3 3
3 4
5 9
3 5
4 10
4 5
7 2
7 1
8 8
7 7
5 3
6 2
6 6
1 1
6 3
7 5
8 8
9 5
7 9
5 1
3 9
7 6
9 3
9 9
2 8
5 8
3 9
7 3
7 9
3 5
6 5
2 9
8 6
2 8
7 1
7 8
5 10
1 10
2 7
7 3
4 5
4 1
1 8
2 7
3 2
8 5
2 6
2 7
6 6
6 6
2 6
3 6
5 4
4 3
1 4
5 7
10 2
9 9
9 4
8 4
10 9
4 3
6 10
10 7
5 6
1 10
1 9
1 6
8 8
3 1
7 9
3 9
8 8
2 6
4 10
2 5
4 6
7 1
1 4
9 8
8 10
7 2
2 1
2 7
9 5
5 6
6 8
9 7
5 1
6 6
3 5
6 4
8 5
6 4
3 3
7 6
3 2
9 6
7 5
7 8
3 1
8 5
3 1
2 3
5 9
2 10
5 5
5 5
1 1
10 10
4 6
3 5
3 1
3 5
1 2
6 4
3 6
2 3
6 2
6 4
10 10
4 1
7 6
10 8
5 2
3 5
9 7
9 6
3 10
8 2
10 2
4 8
7 9
7 9
8 9
8 1
8 8
2 7
4 6
4 4
7 7
1 8
10 8
3 5
4 3
6 1
6 5
7 9
1 1
8 1
1 2
7 6
8 10
8 3
4 3
7 6
8 2
6 7
3 10
5 3
6 9
7 4
6 6
1 2
10 10
9 10
10 8
7 1
7 2
4 8
7 4
7 7
7 7
9 2
4 6
7 4
6 7
6 4
6 10
2 8
10 5
9 7
8 10
8 6
9 10
6 2
10 3
5 3
6 9
4 5
4 3
2 7
3 9
1 8
2 3
3 4
10 4
6 6
7 5
4 8
5 1
2 1
5 1
7 7
3 9
4 9
5 8
4 7
7 5
6 3
8 2
5 9
4 3
7 1
7 10
9 1
10 10
7 1
9 2
10 9
8 2
10 3
5 4
2 6
7 8
5 6
5 5
3 10
6 9
7 5
1 1
3 6
6 2
6 3
7 10
1 10
2 3
8 3
5 6
10 4
10 5
6 4
3 4
7 1
10 10
6 7
3 10
8 7
10 6
3 6
6 4
7 9
8 5
1 3
9 7
7 9
6 1
2 6
8 2
3 9
4 2
9 2
8 2
8 7
5 2
2 10
1 5
8 4
10 5
1 5
4 8
8 6
9 2
2 10
4 1
5 8
9 5
5 1
8 9
2 9
1 5
9 7
4 2
8 2
7 4
7 9
5 2
1 1
3 4
5 8
10 6
2 2
4 7
8 8
6 5
5 9
1 7
3 9
1 10
8 1
10 1
8 1
4 8
5 9
10 9
1 9
9 10
6 4
5 8
7 3
1 10
7 3
2 9
2 3
9 2
9 1
4 4
3 2
3 10
4 5
2 3
19 16 76
13 16 59
17 19 77
10 17 80
10 11 84
20 18 84
14 12 61
13 19 54
14 19 99
15 12 65
10 13 56
12 17 51
11 11 96
20 19 79
20 17 56
14 20 75
18 20 72
18 20 69
17 18 90
17 10 90
10 18 74
15 10 82
12 18 50
17 11 64
10 20 96
13 20 57
10 20 73
14 18 60
16 10 99
16 14 94
19 14 74
20 12 87
13 18 76
10 17 85
18 19 63
14 19 86
11 16 50
15 16 54
16 19 62
19 10 71
18 17 66
16 18 87
16 17 54
18 11 50
10 12 71
10 13 53
12 18 59
15 18 53
17 19 50
17 11 55
11 11 58
12 12 83
17 17 79
15 12 59
15 18 100
19 16 80
20 14 75
17 17 79
16 10 85
15 19 86
14 11 85
20 13 84
18 10 79
13 12 64
20 12 75
20 18 66
11 13 72
11 13 86
10 17 86
17 12 94
18 11 93
16 10 96
12 19 99
18 19 87
20 19 50
11 10 79
12 10 64
13 20 51
14 11 68
10 20 61
20 13 86
20 20 98
11 16 88
19 16 84
17 16 92
15 15 56
13 10 87
14 20 67
18 14 57
13 10 50
13 13 58
18 12 94
14 19 72
15 12 63
19 20 96
12 17 89
20 14 94
15 17 84
19 11 76
12 20 100
16 18 73
13 20 80
14 10 53
18 18 95
10 17 87
18 19 71
11 20 89
19 11 67
13 15 75
17 14 100
17 13 59
14 17 94
16 11 56
12 17 76
14 10 93
10 11 58
15 18 99
16 20 58
20 16 59
13 17 99
10 17 63
18 15 62
10 12 93
12 13 84
11 13 92
17 14 73
20 16 77
14 13 77
12 11 58
16 17 50
20 19 53
20 15 96
15 19 64
20 17 87
11 13 62
14 13 86
15 13 89
18 14 97
15 12 56
18 18 84
19 10 98
17 10 71
10 15 51
18 20 50
14 20 60
11 13 99
18 10 66
13 10 89
13 18 98
17 13 94
11 12 78
10 10 77
20 19 93
18 12 94
13 11 80
20 19 98
19 19 51
16 15 71
13 19 51
17 13 57
17 13 92
10 14 56
19 20 97
19 18 56
16 19 85
19 14 63
16 18 51
16 16 67
19 18 65
20 12 70
17 19 74
18 15 96
17 12 81
12 16 55
20 12 69
17 13 56
20 20 87
14 19 65
19 19 53
10 16 55
12 17 55
12 16 56
19 10 74
13 11 78
17 13 53
17 18 83
11 13 66
16 17 68
16 11 100
10 12 86
13 13 68
12 17 87
19 17 76
17 16 88
20 16 92
10 10 82
14 13 79
11 12 59
16 12 60
15 20 83
11 18 83
13 13 64
15 20 68
14 17 75
16 20 90
19 17 97
15 13 93
20 19 58
11 17 83
20 14 65
10 16 60
19 18 84
16 12 75
20 16 64
20 15 60
13 13 74
19 20 89
14 10 91
12 11 72
12 11 86
14 20 98
13 12 59
14 17 75
17 16 80
10 17 89
10 10 50
13 14 77
16 20 82
14 20 70
13 18 58
13 14 77
16 15 88
14 20 90
14 19 93
19 15 93
16 19 95
10 16 80
19 10 89
16 15 85
11 12 98
20 14 92
17 14 80
14 18 63
10 10 87
16 12 95
12 15 70
14 19 90
15 18 64
12 17 55
17 12 95
16 15 61
17 13 72
20 19 61
20 19 55
11 16 83
13 18 61
14 17 64
12 15 80
18 11 72
14 17 98
15 20 95
14 17 73
19 20 56
15 20 85
10 18 63
18 11 93
11 15 63
14 11 77
14 20 66
16 20 68
17 14 80
19 11 55
10 12 75
16 10 94
13 16 75
19 13 86
15 19 54
13 18 72
17 20 76
16 14 62
17 15 76
14 16 52
20 19 74
15 12 54
12 19 76
12 14 93
20 15 61
17 12 63
11 16 68
16 14 63
10 12 93
11 18 70
19 15 53
20 16 76
13 20 82
20 16 91
18 20 80
13 16 61
18 10 70
14 14 68
20 15 94
14 19 67
11 20 66
19 10 74
18 15 60
15 10 95
18 17 65
10 16 91
16 13 69
10 12 59
18 18 100
11 12 54
10 13 52
14 13 97
12 18 90
16 14 82
16 19 71
18 17 76
16 16 96
14 11 63
13 11 74
18 19 97
16 19 61
13 15 51
10 16 71
11 16 72
12 11 68
11 15 96
17 20 58
10 15 61
20 12 97
10 16 76
11 20 91
11 12 73
19 19 51
17 18 57
15 19 75
18 14 80
14 17 65
16 20 75
19 15 97
20 10 87
16 15 66
17 14 93
11 20 73
17 18 56
10 17 72
10 11 76
18 19 86
17 13 57
14 12 72
17 11 72
19 12 95
13 20 66
18 12 52
13 19 70
13 19 97
11 17 75
16 10 54
10 14 83
18 18 82
20 17 98
19 14 79
11 10 94
11 17 58
12 16 53
18 10 69
10 19 64
16 19 84
11 11 85
18 20 57
19 12 83
17 18 87
14 14 63
16 14 54
17 14 67
12 19 63
10 17 65
17 17 89
15 18 96
15 12 93
14 12 63
16 11 61
18 14 69
15 18 69
13 11 82
19 14 91
11 12 97
17 19 99
19 11 100
10 14 95
18 11 53
19 18 71
18 16 70
14 11 62
13 15 96
10 16 75
16 15 100
18 15 51
17 14 98
15 11 86
11 11 52
13 19 91
17 20 52
14 18 78
12 11 90
14 10 77
11 12 91
16 11 92
10 12 61
16 20 64
16 13 84
16 20 58
19 13 100
11 10 100
11 20 53
14 14 96
15 15 52
10 12 61
14 11 100
16 16 94
10 16 60
13 12 56
16 10 99
17 18 67
12 19 75
15 15 71
17 20 50
11 14 64
18 17 64
14 17 64
12 11 80
17 10 90
10 14 67
10 12 60
11 15 56
15 12 65
16 14 72
16 12 85
13 17 69
15 11 94
12 18 61
11 15 93
11 17 81
20 13 65
18 12 88
15 12 63
14 20 54
11 18 81
10 12 93
15 12 82
16 11 50
17 16 78
20 10 52
14 16 96
14 15 55
19 12 97
15 11 89
14 10 73
16 10 57
15 10 51
14 14 66
17 10 84
20 13 76
13 16 77
17 18 89
17 16 59
11 11 86
13 13 97
18 17 77
14 19 64
16 19 93
11 16 51
13 14 58
11 14 85
13 14 73
12 19 52
20 20 97
17 12 82
14 16 87
12 16 64
20 17 64
13 17 56
12 13 69
10 11 80
12 17 68
14 16 68
16 16 65
13 18 100
16 14 89
12 16 72
20 20 56
17 17 66
18 18 99
16 13 51
20 14 58
19 11 84
10 14 94
12 11 97
14 20 62
13 17 69
20 11 66
19 19 74
19 18 60
16 16 67
10 11 54
13 17 57
16 19 61
20 16 85
18 18 78
15 10 54
19 16 98
14 11 66
12 13 67
10 13 67
10 16 73
19 15 80
11 12 54
11 19 98
20 11 85
13 15 90
13 14 72
16 12 50
14 20 92
17 14 62
12 14 67
13 15 64
16 17 83
16 20 82
16 17 51
12 18 57
11 12 81
13 20 60
15 14 81
18 17 81
17 11 55
10 10 80
12 10 68
20 16 95
15 14 55
10 18 55
17 14 100
17 20 83
19 15 62
19 13 91
12 13 77
12 10 98
17 14 74
16 12 96
17 18 66
17 15 84
12 14 88
19 10 93
12 10 81
20 19 79
16 10 91
15 13 52
18 20 53
15 10 56
20 11 54
19 13 71
19 20 92
15 15 81
14 10 54
13 20 85
15 15 83
10 12 76
20 16 72
19 11 55
15 11 80
12 16 59
20 19 61
10 16 100
14 12 84
12 13 60
14 19 62
11 20 89
11 20 94
13 17 98
10 10 86
18 10 70
17 16 81
10 13 73
16 13 62
10 16 77
15 19 78
11 20 61
20 10 62
10 19 90
20 15 65
14 14 97
20 10 94
13 20 100
10 11 69
16 13 80
12 12 60
19 15 77
16 17 70
16 11 62
17 20 54
10 12 93
16 15 84
19 11 72
19 13 72
16 19 88
13 10 83
10 15 100
16 13 55
18 13 51
19 14 99
18 17 93
11 12 55
15 11 75
10 10 84
16 13 55
17 10 57
16 19 51
16 18 77
16 17 78
15 12 73
19 16 58
12 19 60
18 17 86
14 17 58
13 16 83
14 15 53
11 11 70
19 13 77
12 15 73
15 20 79
11 12 57
11 18 71
20 17 57
16 16 55
15 10 53
14 18 85
10 10 52
20 20 50
13 20 66
16 10 100
12 20 72
13 18 74
16 16 57
10 11 71
11 17 62
18 20 100
17 17 84
12 15 61
10 19 87
19 18 64
16 13 83
20 14 91
10 13 89
16 17 66
15 18 77
11 17 71
12 15 56
15 15 71
15 14 51
18 19 51
