350 233
5 9
8 4
8 6
8 8
5 8
1 10
2 2
6 9
4 5
4 5
10 7
8 2
2 1
9 2
8 10
7 3
4 8
3 8
9 5
9 10
9 3
2 1
4 2
10 7
8 5
1 4
10 1
2 7
2 3
10 4
9 4
3 3
10 8
8 9
2 1
8 9
1 3
8 2
3 9
5 3
7 3
3 10
4 9
1 9
7 2
1 9
3 6
9 4
5 9
8 1
8 1
9 3
9 5
9 2
6 5
5 6
10 9
1 7
5 8
1 1
10 10
6 1
8 10
2 7
9 3
10 5
4 3
3 3
1 4
10 1
2 5
2 3
8 5
7 8
4 1
7 7
6 9
3 3
10 10
2 2
9 5
4 9
8 6
10 5
8 10
3 10
7 1
3 7
6 10
2 7
9 1
1 10
10 9
5 10
5 8
6 9
3 6
1 2
10 4
8 3
7 3
5 3
7 4
1 7
3 9
10 4
10 10
9 2
10 6
6 5
3 7
5 5
5 2
2 7
7 7
9 1
8 7
5 6
6 6
5 1
1 8
9 5
7 7
3 8
4 7
4 9
1 9
4 7
8 1
6 3
2 9
8 10
3 2
1 9
9 9
2 1
9 1
6 2
1 8
5 2
9 8
2 10
4 10
10 1
7 9
10 1
2 10
3 6
9 1
5 6
7 3
4 1
10 10
2 6
4 7
10 1
3 3
7 9
7 9
9 9
10 5
5 5
1 10
3 6
7 5
1 7
2 7
9 7
3 8
2 9
7 7
7 2
7 4
4 8
10 6
6 5
8 1
8 9
4 4
2 10
8 1
9 5
3 1
3 8
6 8
3 5
7 8
5 5
3 9
8 9
8 8
2 3
3 3
8 5
7 2
10 1
10 7
9 7
3 5
6 9
2 8
6 5
5 6
8 2
1 2
2 3
7 8
2 5
5 6
6 1
8 1
4 9
9 1
6 10
3 5
2 2
4 1
1 5
6 1
2 8
2 10
2 10
1 4
2 7
3 2
6 5
7 10
10 1
6 10
5 3
6 7
10 8
2 4
8 6
6 2
4 5
4 2
2 6
3 9
7 7
2 5
3 7
8 8
6 2
1 5
7 6
2 8
7 1
6 5
9 8
7 9
4 1
9 3
5 5
5 8
6 5
4 9
2 5
9 1
9 2
4 2
8 9
4 6
6 7
6 9
5 2
2 8
9 5
7 2
8 5
8 5
8 7
7 7
4 1
8 8
8 9
5 9
4 1
6 4
2 5
1 4
1 4
6 2
10 6
8 7
2 5
1 8
7 6
2 10
8 9
6 5
1 9
9 5
6 1
9 4
2 1
4 1
6 9
9 7
6 5
9 5
2 2
6 10
5 4
6 6
4 9
2 6
5 2
7 10
7 7
4 3
3 7
7 7
10 7
8 10
5 5
8 10
3 6
2 1
1 6
2 1
3 5
7 1
8 1
10 3
1 1
6 10
2 5
1 10
10 10
7 7
5 10
2 6
1 6
5 9
9 10
7 8
6 5
5 7
10 10
9 1
2 7
8 2
9 7
7 5
4 10
8 1
5 5
1 3
5 9
14 18 95
16 18 89
11 11 86
12 14 80
16 12 60
17 10 55
20 19 52
14 15 63
10 17 81
10 13 51
13 16 95
12 19 59
10 18 93
11 10 60
17 17 62
19 15 77
17 20 91
15 17 81
16 12 51
13 17 51
18 13 84
16 15 81
14 18 74
18 12 88
13 18 98
11 17 55
17 12 95
12 19 54
10 16 93
10 19 74
14 20 69
20 17 92
19 12 100
17 13 63
17 13 60
10 13 89
15 14 81
18 14 89
10 13 82
10 14 64
17 16 54
18 16 53
11 12 93
12 16 100
20 13 76
13 13 92
17 20 65
17 19 80
18 13 78
17 20 58
20 11 87
15 14 54
15 17 56
12 14 80
13 11 94
15 19 54
10 10 85
12 15 98
12 10 80
13 17 74
12 14 93
17 15 55
11 13 99
10 15 61
16 18 71
14 20 67
19 14 52
19 10 69
19 16 80
15 18 57
11 17 74
18 11 57
11 16 74
14 12 67
10 13 59
15 11 90
13 10 66
11 20 97
12 11 88
10 15 100
15 11 63
17 11 72
14 16 66
15 12 84
14 13 51
14 19 58
18 10 87
17 20 94
10 20 67
14 12 77
17 15 52
13 19 97
18 14 71
12 13 77
10 17 65
12 16 86
13 16 76
12 20 61
12 14 66
13 14 83
20 19 73
16 17 83
20 18 90
13 17 52
10 20 71
18 15 69
13 11 96
20 11 97
11 18 66
10 16 87
19 10 84
13 15 66
18 12 55
13 13 85
19 19 70
17 20 53
13 14 53
20 11 76
12 20 72
13 18 82
11 15 98
20 12 94
11 14 79
11 10 87
17 15 100
11 18 80
10 10 87
15 19 65
11 15 86
12 17 78
11 16 82
13 20 97
19 16 77
11 11 64
13 18 75
11 16 87
13 17 54
20 11 80
15 12 51
15 20 50
18 12 54
20 12 54
17 16 91
15 10 84
11 20 63
18 18 69
11 11 60
14 15 58
20 18 68
12 16 90
12 17 67
17 12 73
13 17 57
20 20 78
17 19 84
16 20 79
16 19 87
15 14 87
20 16 70
12 18 63
12 10 50
18 11 92
12 14 78
13 13 74
18 16 95
14 13 74
11 19 56
14 19 98
15 14 66
14 10 61
10 13 55
17 20 50
19 18 64
15 11 85
14 13 75
18 16 100
14 18 75
18 12 82
10 15 78
15 16 79
14 16 96
19 12 87
13 10 75
14 15 76
13 11 90
16 11 56
19 20 82
15 12 72
12 15 73
10 15 70
12 12 55
11 16 86
14 20 83
19 12 95
17 11 59
19 18 77
13 15 82
10 10 73
11 18 81
18 10 84
16 17 73
17 14 62
18 18 94
20 18 52
11 11 64
12 14 63
14 11 96
19 11 63
12 16 68
11 17 76
13 16 63
13 13 93
15 18 54
15 17 92
16 15 61
17 18 90
20 14 70
18 12 96
18 16 70
14 16 60
19 15 89
17 14 72
13 16 72
18 20 66
12 19 57
13 18 67
18 13 85
13 13 75
11 20 62
13 15 96
19 13 73
13 15 61
20 12 65
