400 266
9 10
4 3
9 5
2 5
10 9
1 9
2 3
6 6
3 6
2 1
8 4
4 5
9 6
10 9
6 8
6 7
4 2
3 8
1 2
8 2
10 2
1 5
2 8
5 7
8 2
8 5
8 8
4 3
10 8
10 3
4 4
10 4
10 3
8 3
4 8
4 6
7 1
6 8
1 4
8 4
5 4
3 9
4 9
7 8
6 8
9 10
7 4
3 4
7 5
7 10
10 4
7 4
3 1
7 3
1 4
6 2
9 8
4 9
6 5
7 2
2 4
5 3
8 8
9 3
2 10
5 4
3 1
6 1
4 10
3 10
2 6
9 4
2 10
6 7
3 6
5 1
8 3
5 8
1 3
4 8
9 6
2 8
5 10
3 9
4 6
8 10
1 10
9 6
10 5
2 2
2 2
10 4
5 1
5 10
6 8
4 9
1 8
9 10
8 9
2 10
6 9
1 9
1 10
1 7
7 3
1 9
7 1
4 5
5 7
5 8
2 5
8 1
5 2
8 6
8 5
4 10
2 8
9 1
1 7
7 9
3 1
7 3
8 10
6 7
3 10
10 5
10 10
5 5
3 9
9 7
2 6
6 7
2 8
8 1
7 9
8 8
2 7
7 6
1 2
5 1
10 9
5 1
4 4
9 3
2 8
6 3
8 10
1 6
1 6
9 10
9 6
4 4
2 5
4 8
5 4
8 4
2 5
8 6
10 10
7 10
3 7
4 1
8 2
10 8
10 10
6 2
1 10
6 10
4 6
8 7
6 5
1 10
6 9
2 9
1 9
9 1
10 7
2 2
1 4
7 2
5 2
6 7
1 1
7 3
8 9
3 8
9 7
9 6
7 2
8 4
5 10
10 8
3 7
1 8
3 2
10 2
8 10
8 3
2 8
7 3
3 5
8 7
8 1
4 5
1 4
5 6
8 2
1 8
6 3
10 7
2 6
10 6
3 5
6 5
2 8
5 6
6 3
2 2
9 2
8 10
3 6
6 4
10 3
8 9
10 7
3 4
9 7
10 1
10 7
7 6
8 8
7 9
2 8
4 4
1 8
6 1
1 6
2 5
5 4
1 5
7 5
6 3
10 10
10 10
7 10
2 9
5 3
6 2
4 1
9 5
10 5
9 6
7 5
2 7
8 7
8 5
2 1
6 2
10 2
7 4
3 7
6 1
7 3
4 4
1 3
10 5
9 10
3 2
5 2
9 2
9 9
5 6
5 2
6 8
9 7
7 6
6 10
9 9
2 3
9 3
4 4
5 2
4 6
10 9
5 6
10 8
2 4
3 6
9 5
9 4
5 8
4 2
3 1
8 8
2 5
6 7
6 4
3 6
5 10
7 9
4 9
7 4
4 7
4 5
9 3
9 5
7 8
9 2
3 9
2 8
9 10
9 9
3 3
8 2
10 9
2 5
5 2
6 6
9 2
7 10
2 5
6 9
10 1
4 5
7 6
4 5
5 4
8 1
2 3
4 5
8 8
3 10
1 2
9 9
10 4
2 1
6 2
10 2
10 3
3 7
6 4
5 10
3 6
5 7
4 2
1 2
7 6
7 4
2 5
5 6
1 1
2 6
1 10
4 3
9 8
2 1
7 7
4 8
1 2
1 6
4 7
8 3
2 3
4 6
9 7
2 5
1 9
3 9
6 5
2 7
5 8
9 5
9 5
2 3
6 4
2 10
1 6
6 1
1 7
8 3
10 7
6 10
9 6
2 6
9 10
10 2
3 3
5 3
7 2
1 7
10 6
5 1
2 8
2 1
10 2
6 3
4 7
7 3
5 6
7 3
15 19 82
13 14 93
17 18 98
10 13 91
16 13 57
20 19 84
20 18 55
20 17 85
13 15 83
17 14 69
13 19 73
11 11 69
10 18 77
18 16 68
17 12 61
14 17 69
20 13 60
10 16 80
18 17 51
17 11 89
17 12 87
10 19 73
10 12 88
19 18 58
12 20 62
16 17 96
12 12 67
15 20 62
10 13 83
19 15 89
14 13 50
17 17 100
15 18 63
12 10 76
11 19 69
16 13 71
13 15 55
17 16 86
10 14 51
17 11 50
15 13 70
19 17 73
17 19 84
15 11 53
16 13 92
10 10 85
12 17 94
11 18 68
14 11 83
19 14 68
15 14 91
13 16 97
13 12 94
18 17 55
19 16 62
15 14 74
10 11 58
11 10 87
18 12 98
18 17 54
19 15 53
16 18 86
13 15 63
16 18 95
16 15 83
20 19 53
12 13 76
20 10 94
14 11 64
19 13 68
11 10 56
20 12 77
17 20 98
18 18 93
19 14 88
13 19 75
18 15 65
15 10 85
11 16 60
11 17 71
20 19 54
18 16 88
15 19 56
11 18 83
10 15 82
18 19 69
15 19 96
13 20 93
11 18 100
14 14 87
17 13 52
20 10 73
13 16 76
12 12 74
19 17 89
17 14 80
19 16 98
13 19 75
11 17 87
20 15 86
14 19 65
14 11 67
10 13 54
15 16 77
20 18 68
13 13 80
19 12 60
20 16 55
15 16 92
14 12 70
12 13 55
11 16 68
15 12 69
17 17 71
16 14 62
17 19 52
19 20 84
18 10 78
14 14 67
12 18 55
11 10 75
19 16 61
14 18 92
14 18 71
17 15 67
13 19 79
19 20 100
20 10 64
16 16 83
10 12 78
19 11 86
15 11 72
16 14 62
18 16 68
18 13 52
11 17 82
17 13 52
15 10 69
19 19 95
17 17 72
10 13 100
15 15 87
11 20 75
18 11 96
13 10 93
10 18 80
19 10 70
20 15 59
19 14 61
15 12 52
20 12 78
19 19 56
16 12 90
10 15 66
20 20 67
11 15 54
20 13 85
19 13 87
19 15 84
16 13 89
18 12 91
14 10 62
18 20 88
13 11 100
15 10 51
10 10 52
18 19 54
12 13 66
15 15 84
10 17 57
16 18 75
13 12 93
12 12 70
10 13 61
11 17 53
19 11 75
10 20 62
14 12 92
11 14 56
15 12 51
19 14 92
13 17 57
16 18 94
19 13 58
18 15 79
11 10 78
19 19 54
20 12 88
18 19 68
12 13 72
19 14 50
19 18 64
20 15 65
15 14 68
15 11 78
11 11 71
20 18 100
20 14 83
15 14 83
13 13 93
19 13 89
10 10 99
13 15 77
19 16 70
16 15 97
10 10 66
12 18 100
18 16 77
18 10 91
12 15 52
13 17 70
10 20 68
17 15 78
15 11 83
16 19 70
16 12 72
18 12 71
15 16 100
14 10 50
10 19 52
14 16 51
12 16 82
19 13 70
11 19 65
13 18 70
12 11 89
20 10 70
13 12 58
17 18 73
14 10 85
17 15 90
19 18 54
10 14 90
10 19 50
16 12 86
14 20 100
12 15 67
18 11 64
13 10 98
20 19 56
12 13 53
12 16 65
19 19 93
13 17 88
14 10 78
14 14 86
16 16 99
12 16 97
12 17 58
12 16 51
14 16 72
15 18 79
12 17 55
18 18 62
19 20 81
13 10 88
14 18 56
10 10 51
17 15 68
14 16 86
11 15 54
18 17 86
11 12 74
15 20 77
12 16 86
17 10 98
