450 300
3 5
4 1
9 8
9 9
6 3
6 10
7 8
2 4
10 7
4 3
8 6
4 2
6 2
6 10
6 8
8 1
1 7
6 7
7 8
2 3
8 8
3 6
7 2
10 1
7 10
3 9
3 10
9 6
1 3
8 2
8 7
9 2
5 9
4 8
9 5
4 10
9 3
4 9
4 8
4 6
7 5
3 2
10 1
2 1
5 5
2 6
8 8
2 4
3 10
7 10
7 5
8 1
7 9
4 10
9 4
6 1
2 9
4 1
5 7
3 5
7 3
1 4
9 3
5 3
10 9
5 4
8 6
1 7
6 8
5 4
4 5
8 7
7 9
8 4
3 1
3 10
9 10
10 3
3 7
5 2
2 5
10 5
2 5
3 1
7 10
1 9
9 2
4 1
2 1
10 5
9 7
6 1
1 3
10 10
2 10
2 5
2 6
10 6
9 9
10 8
4 7
2 3
9 4
2 9
3 8
7 3
3 5
2 5
1 1
6 10
10 1
4 2
6 3
6 3
7 8
10 2
3 10
2 4
10 10
10 9
4 4
4 3
2 9
1 2
5 8
10 9
6 3
7 10
8 9
4 2
3 8
9 5
7 8
5 2
4 9
5 8
8 10
8 4
9 10
2 2
2 4
3 1
6 2
10 3
7 10
8 2
6 4
6 2
8 10
8 2
3 9
6 4
1 3
1 3
5 1
2 1
2 2
9 2
7 1
6 4
9 3
10 4
8 3
10 10
8 6
3 6
7 9
10 7
9 2
5 3
8 10
8 9
2 1
2 7
6 3
6 6
2 10
1 4
2 9
4 6
1 1
4 3
9 4
2 7
3 4
2 2
3 1
9 4
8 6
1 1
1 7
5 1
1 7
5 7
4 6
5 9
10 8
9 8
3 7
4 6
1 8
9 3
7 5
9 9
7 5
7 4
4 8
8 3
2 7
9 6
2 3
2 10
7 8
6 7
7 5
10 6
4 3
6 4
8 1
10 4
10 8
10 3
7 4
3 10
9 5
10 7
7 6
6 6
2 5
2 7
3 3
2 2
5 4
2 4
2 6
9 6
3 10
8 8
5 8
2 3
6 7
9 1
3 5
10 8
8 7
3 10
10 7
9 3
7 7
7 10
10 9
8 10
4 6
2 4
8 4
1 8
10 6
7 7
9 3
9 10
2 4
4 3
7 7
10 4
10 1
3 7
1 8
2 9
8 5
6 10
1 9
5 4
3 8
10 8
8 10
10 2
10 10
6 3
10 2
1 3
3 1
8 2
3 1
9 5
4 9
8 7
7 10
6 2
6 4
2 3
5 7
1 3
8 6
1 3
5 10
2 5
8 9
2 4
1 7
7 6
1 5
8 10
2 3
1 6
1 3
4 10
1 3
5 10
7 1
8 7
4 5
8 8
9 2
4 3
10 8
4 5
10 9
4 3
5 9
4 5
3 6
1 2
1 3
1 1
7 2
4 10
5 9
9 2
3 3
1 4
6 3
6 10
1 6
4 9
5 8
8 8
7 8
6 8
10 10
1 8
6 6
8 5
1 10
1 4
6 8
6 9
2 9
3 4
3 4
8 1
9 9
10 10
6 4
9 2
6 3
9 4
1 5
3 1
4 9
8 6
4 1
7 5
3 9
3 4
1 9
4 6
1 3
10 1
10 5
2 1
3 5
8 6
3 5
2 7
5 5
10 9
3 10
4 2
3 6
9 9
2 4
10 8
5 8
9 7
3 2
4 7
6 1
4 10
3 3
2 2
10 3
8 9
6 3
10 10
4 1
7 2
7 5
9 1
4 6
4 7
8 6
10 1
10 6
5 10
7 3
1 2
5 4
4 4
9 9
3 5
1 5
9 3
4 5
10 6
1 9
2 10
2 7
8 3
9 9
10 8
7 9
4 8
7 9
10 2
2 8
8 6
4 2
1 3
10 8
6 9
3 8
7 2
6 2
4 6
7 4
1 9
8 6
5 5
10 5
6 3
5 1
5 10
7 7
2 4
4 8
9 3
5 7
10 5
8 3
7 10
11 20 79
14 13 58
16 10 54
16 10 74
16 18 98
10 14 50
15 10 75
17 16 68
15 17 61
11 10 95
15 15 78
17 16 55
11 10 69
17 17 57
13 13 72
11 20 64
19 16 55
16 11 69
10 11 80
18 11 82
11 11 65
13 14 54
13 16 82
19 17 68
11 14 81
17 17 81
13 13 69
13 19 79
18 16 99
19 17 64
17 19 66
20 16 50
18 14 84
15 19 74
11 19 50
19 18 72
18 10 84
12 10 82
18 11 77
15 20 74
13 11 69
14 14 81
19 12 100
15 10 99
11 10 93
14 13 96
19 16 65
14 13 93
20 20 73
16 12 91
11 20 76
11 20 79
12 18 61
12 12 73
11 13 97
11 13 69
11 19 61
10 14 94
18 20 70
10 19 91
13 10 53
11 20 51
11 13 57
14 20 52
12 11 74
17 12 50
20 18 76
17 11 53
15 15 86
10 18 63
10 20 92
18 16 89
16 17 61
19 10 98
19 12 100
16 12 54
18 10 77
14 14 79
20 20 52
13 20 50
12 16 85
12 10 66
19 18 94
20 17 68
12 16 50
14 12 89
11 15 72
13 10 57
16 16 86
10 14 58
19 17 56
13 13 61
15 16 82
15 16 73
16 19 65
17 17 54
10 11 96
17 17 67
15 11 98
15 19 80
17 15 88
12 13 85
15 12 92
12 20 51
18 17 60
13 18 97
18 10 70
13 11 80
20 12 96
13 11 90
10 14 97
20 15 86
19 16 85
13 16 82
11 16 56
19 11 86
12 16 69
11 20 76
15 20 97
16 15 98
18 13 91
12 17 68
12 19 84
13 13 82
15 18 71
20 14 75
19 11 65
11 20 53
14 15 56
16 14 87
20 10 51
18 17 59
11 14 91
18 12 94
11 10 51
11 17 86
20 10 53
18 19 66
16 12 100
16 12 68
20 14 65
15 15 62
11 19 94
17 14 66
18 18 73
10 13 72
12 17 73
19 14 58
14 19 95
16 12 75
12 10 72
17 11 62
19 18 56
11 13 70
19 12 65
14 14 89
17 15 86
12 10 92
17 15 63
16 14 93
13 12 62
15 11 84
11 12 51
12 17 57
18 13 60
13 15 89
17 13 83
20 12 78
18 16 75
20 13 99
10 19 86
13 18 75
14 17 95
18 15 98
17 14 78
16 17 93
14 13 61
10 13 54
15 13 69
16 18 57
14 18 87
10 11 80
12 14 79
10 14 58
14 15 67
17 18 87
18 15 73
17 15 94
17 11 59
10 10 66
15 10 89
14 19 55
13 20 67
19 11 88
20 14 71
16 19 62
14 12 83
13 18 81
10 15 88
18 15 63
15 14 51
18 12 87
11 11 87
17 13 51
18 14 87
13 12 82
20 14 92
16 20 68
19 12 81
12 17 54
14 11 86
18 11 62
15 16 72
14 15 82
13 10 87
19 20 52
20 18 83
11 11 90
19 17 83
13 19 89
15 13 56
12 10 72
20 18 84
18 11 77
18 14 76
15 18 77
12 12 99
12 19 84
14 19 77
11 18 95
18 14 75
20 10 77
19 19 92
16 11 77
13 19 84
18 14 91
17 19 69
14 19 63
18 10 69
19 11 83
14 17 88
18 10 64
15 17 66
19 20 88
19 10 56
15 11 59
14 16 88
13 11 68
16 15 81
14 12 100
18 12 98
14 16 72
12 14 53
16 12 74
16 11 92
13 10 68
15 12 90
11 17 86
17 17 54
15 12 98
16 14 91
19 14 94
11 19 83
15 14 85
11 15 79
18 15 86
18 12 66
14 13 95
20 16 69
17 19 74
16 15 68
18 11 81
20 12 63
10 15 63
18 18 82
16 19 76
12 14 80
20 19 79
14 18 73
14 13 65
17 18 61
10 18 100
19 10 98
15 17 71
11 16 92
12 19 93
19 19 98
16 11 90
20 16 93
12 20 88
18 18 95
12 14 92
12 18 61
20 18 86
17 18 69
15 15 83
14 18 88
14 18 93
15 17 96
16 13 88
