500 166
1 6
3 2
10 9
4 5
6 5
2 3
3 7
5 7
5 2
8 9
8 1
9 7
9 2
1 4
9 7
2 1
8 7
2 8
2 8
4 5
3 5
9 5
10 10
5 10
4 1
1 3
6 6
3 6
5 6
10 1
10 1
4 6
2 3
4 6
6 3
10 9
3 2
5 10
8 8
9 9
7 10
9 9
6 4
8 7
4 2
9 3
2 9
10 9
8 9
6 1
2 7
9 6
6 5
1 5
1 2
1 10
1 8
7 10
1 8
1 5
7 2
6 5
3 1
2 3
9 10
10 10
9 2
5 7
10 3
6 6
10 5
3 6
3 10
10 3
4 3
6 1
5 9
7 4
6 7
8 9
9 9
3 8
5 6
4 9
10 4
2 4
3 7
10 3
10 9
3 8
6 2
3 3
5 6
3 3
3 6
2 2
3 3
1 3
9 6
5 3
6 8
4 4
6 10
2 8
1 8
4 2
2 1
5 2
1 2
1 3
6 2
9 8
9 3
8 9
4 6
8 5
4 8
10 5
9 3
9 4
8 2
4 1
5 8
6 3
8 6
2 2
1 9
7 6
1 4
8 10
3 10
9 9
9 4
6 10
6 7
6 8
3 8
4 7
1 9
10 1
6 8
1 4
10 8
7 2
7 4
7 7
5 10
7 6
6 9
10 3
9 6
5 5
3 6
1 3
7 4
7 7
5 2
8 8
10 3
3 3
10 5
5 8
8 5
6 9
1 3
3 1
9 2
4 2
10 7
1 4
5 6
6 6
2 5
4 4
2 3
4 2
2 4
10 5
3 3
10 6
7 6
6 4
9 3
7 10
10 9
10 3
10 7
7 3
9 1
5 5
4 2
6 5
4 1
10 8
8 5
3 6
1 3
7 6
7 4
2 3
5 4
3 3
7 3
1 10
1 10
6 8
4 6
2 4
5 2
4 3
7 9
10 7
4 2
2 10
5 8
8 3
7 5
4 4
5 9
1 8
4 8
6 5
5 6
9 1
4 10
3 1
3 4
5 7
4 7
6 1
6 4
7 10
2 7
3 2
3 5
1 4
5 9
10 8
4 6
9 10
2 10
5 7
5 5
9 9
1 1
10 5
7 7
7 10
2 10
9 3
10 4
8 8
5 7
5 7
5 1
1 2
3 10
8 3
5 5
8 5
9 8
7 2
7 5
8 6
5 6
1 4
6 8
10 9
5 2
6 9
6 9
1 1
5 5
10 10
3 5
5 7
5 10
9 4
2 9
5 4
1 7
10 6
7 5
8 5
9 7
2 10
4 2
9 4
5 9
4 4
9 7
10 9
10 2
3 4
4 2
3 7
9 6
9 8
10 7
1 10
7 3
4 9
4 9
5 10
10 7
8 7
10 4
1 4
10 3
4 1
2 3
4 3
9 2
1 4
3 7
7 3
9 6
8 7
3 10
2 1
9 8
2 5
6 7
5 7
7 2
10 8
8 6
10 6
7 9
10 4
5 1
8 8
5 5
8 10
10 5
1 6
8 1
10 3
1 2
3 6
7 5
6 2
10 6
7 8
2 1
3 7
5 8
1 9
8 5
3 4
8 1
6 3
3 5
2 2
9 1
7 2
8 2
9 5
4 2
7 6
10 7
8 2
2 4
3 7
6 5
10 4
10 7
5 1
10 6
4 2
7 5
6 9
9 1
4 5
8 5
1 8
9 5
1 4
7 10
6 1
6 7
1 4
4 9
10 8
6 6
3 8
4 8
8 8
2 8
8 1
8 8
7 6
2 2
10 3
5 6
4 9
1 7
9 6
9 1
3 10
2 10
7 10
7 4
2 5
7 8
7 4
4 3
7 9
1 6
4 1
9 9
6 5
1 1
3 10
1 1
8 1
10 9
4 1
1 5
10 9
10 2
6 9
8 2
2 2
4 10
2 4
5 9
3 8
4 10
7 1
1 3
9 2
1 6
2 1
2 1
5 7
1 9
10 4
1 3
7 2
5 7
8 1
5 4
6 5
9 2
2 3
1 7
6 3
1 7
5 8
7 2
1 1
1 4
10 5
2 3
3 4
5 9
2 4
8 3
5 9
5 8
10 6
9 10
7 9
9 6
8 10
9 8
3 2
1 2
5 7
3 9
1 3
8 2
4 9
9 2
4 5
6 5
3 5
6 8
7 7
7 8
3 2
10 7
8 10
7 7
8 2
1 3
7 7
6 6
8 4
2 1
6 4
7 9
4 2
3 9
5 7
7 1
7 10
8 4
3 5
20 14 71
11 12 56
20 11 77
20 11 95
15 20 77
19 20 89
18 17 100
18 14 86
15 14 92
16 10 53
14 15 94
10 10 87
15 13 53
19 14 53
20 15 59
20 10 91
14 17 61
12 17 80
13 14 88
18 13 79
13 20 67
16 12 97
19 14 98
11 20 57
10 12 62
15 14 85
19 20 58
11 20 84
20 16 93
17 17 96
13 14 85
14 12 76
20 17 77
12 11 51
10 14 52
20 13 63
17 16 74
10 20 69
18 20 67
10 16 53
20 11 61
13 17 66
15 16 62
14 15 81
20 11 83
16 10 56
17 10 53
10 15 59
17 13 67
12 14 66
12 13 89
17 12 57
13 10 82
10 17 91
10 16 84
19 18 99
12 14 78
16 14 73
11 16 78
12 12 91
15 20 98
15 10 50
17 15 56
15 17 51
20 10 87
17 20 94
19 15 80
10 17 89
19 14 94
14 11 54
20 20 73
14 17 84
19 10 63
11 12 83
12 11 78
12 18 72
12 13 65
20 12 70
20 14 59
16 11 99
16 19 54
14 19 53
10 20 89
14 15 50
19 13 64
13 14 66
18 14 72
11 11 99
10 20 73
17 11 68
14 10 57
15 19 67
20 11 88
15 18 83
12 12 82
10 18 50
14 13 84
19 14 81
11 18 70
10 19 72
19 11 54
11 20 99
10 17 65
18 20 80
14 14 100
16 18 89
16 15 59
11 20 72
15 20 62
13 11 100
18 16 85
18 16 97
10 18 58
12 13 59
10 10 60
16 11 72
13 10 75
10 19 99
16 17 98
20 12 96
12 19 50
14 15 82
10 11 62
12 17 71
11 11 97
15 12 96
16 19 80
13 20 87
13 10 90
16 10 86
15 13 60
11 18 70
10 20 63
13 11 86
15 17 75
13 12 58
16 12 64
15 17 81
11 20 89
10 13 60
17 18 52
10 15 73
16 10 60
13 18 72
10 12 84
10 10 91
13 17 50
13 15 70
10 11 81
18 19 84
15 10 63
15 18 58
15 14 78
11 10 86
18 19 100
14 17 81
15 11 81
12 19 91
16 10 87
14 18 78
11 15 77
18 20 56
18 12 69
19 14 91
19 13 80
17 14 69
