550 183
3 7
9 5
4 3
6 6
5 6
2 10
3 8
4 2
6 6
2 9
8 2
6 2
5 10
2 2
10 4
9 7
4 2
3 5
9 8
9 1
7 3
3 4
6 10
7 7
8 4
2 3
9 6
4 9
4 6
2 5
1 8
3 9
6 8
7 6
4 7
8 5
5 8
4 8
1 3
4 10
5 3
1 5
4 6
6 9
10 6
2 6
10 7
8 2
9 1
1 3
2 6
10 4
4 9
2 3
7 4
4 6
5 9
4 2
6 6
2 6
6 4
9 7
8 2
3 5
6 1
3 9
10 3
1 3
7 4
2 1
1 4
7 10
1 4
4 4
2 7
5 7
3 4
4 5
3 1
9 9
1 10
1 10
4 10
8 10
10 5
3 9
1 5
3 1
5 4
4 2
6 5
6 5
2 5
10 10
6 7
10 4
5 8
10 4
6 7
8 9
7 9
5 5
8 7
6 4
3 3
1 4
3 10
5 1
9 8
3 8
2 6
2 1
2 8
10 8
5 3
10 3
7 3
5 8
5 7
10 5
9 9
2 9
9 3
9 10
4 1
8 5
3 9
7 10
7 7
3 3
4 9
1 2
3 1
5 8
4 5
4 8
8 6
8 2
2 9
8 8
5 1
10 8
6 3
9 8
10 5
7 1
4 7
10 6
1 3
1 8
2 4
10 7
9 4
3 8
3 8
6 6
4 6
2 10
9 6
9 4
5 5
3 4
5 3
2 8
3 1
6 10
2 4
4 8
6 10
10 4
6 1
10 3
1 4
5 1
6 2
2 9
5 10
10 4
9 10
3 7
2 2
10 3
7 4
3 9
7 3
9 4
10 5
4 7
4 2
5 9
7 6
6 8
6 9
9 5
10 8
10 2
8 9
6 1
1 6
7 6
7 2
2 9
8 5
7 6
1 8
9 8
4 4
9 4
2 5
5 6
6 8
2 8
3 4
6 9
10 10
2 10
6 3
3 6
10 1
1 1
8 10
9 7
3 10
7 5
4 4
1 7
8 8
9 4
1 1
10 5
5 1
9 1
5 8
8 6
1 8
6 2
7 2
4 9
6 4
4 7
3 6
4 2
7 10
3 4
6 1
10 2
4 1
9 5
8 7
2 6
3 7
7 4
4 6
7 2
6 6
10 3
3 3
3 5
3 9
1 6
7 10
5 4
10 2
5 6
3 7
3 1
4 7
2 7
2 4
10 9
1 5
9 1
2 4
8 6
8 4
1 4
1 5
4 3
10 7
5 8
4 5
8 3
5 7
6 9
8 2
6 2
2 6
5 6
3 9
4 9
8 1
4 8
4 1
10 7
9 1
8 7
5 2
7 10
1 1
8 4
8 2
8 8
7 4
5 1
10 5
9 3
5 2
7 7
1 7
3 4
9 9
8 10
9 8
9 7
8 2
3 9
4 7
1 5
3 9
6 2
7 2
9 7
10 9
1 6
1 8
5 7
7 4
10 6
1 8
4 10
6 7
2 5
5 3
9 6
6 3
8 1
6 9
7 5
9 1
1 3
3 1
4 9
2 2
1 4
8 3
4 4
4 6
3 2
4 1
10 2
8 8
9 2
2 6
9 5
2 8
6 10
10 6
9 3
10 2
10 1
6 9
8 8
1 8
5 1
5 4
5 10
8 3
3 9
1 7
6 5
4 10
10 6
3 7
1 9
1 6
1 8
5 6
8 6
8 10
7 8
3 3
9 9
7 2
6 8
5 7
3 4
10 3
2 3
10 5
4 4
9 3
7 2
5 4
8 5
8 4
5 9
2 4
9 8
10 7
8 7
5 3
6 9
7 4
9 4
7 10
5 4
6 7
7 9
5 6
4 7
4 4
6 4
6 5
6 10
4 8
2 8
9 5
10 4
1 7
3 3
1 7
1 10
5 10
6 3
9 8
4 4
5 3
8 9
5 3
4 9
2 9
2 10
8 5
2 4
10 10
1 1
7 1
1 2
2 3
7 8
9 1
9 2
7 7
10 2
1 4
3 6
4 8
2 7
3 6
8 9
4 2
4 10
4 2
4 10
8 6
9 3
3 5
6 10
2 7
7 2
4 9
7 4
7 3
10 10
4 8
10 5
6 10
8 2
2 10
4 1
1 2
1 4
3 10
1 5
4 7
8 8
8 1
5 4
2 2
10 9
7 5
7 10
10 3
2 4
5 2
6 10
3 7
3 8
7 10
4 9
8 6
2 9
5 1
3 2
7 10
2 9
1 5
5 9
6 3
2 4
1 9
7 2
6 6
2 6
5 4
4 6
4 9
6 1
8 7
2 7
2 7
7 5
10 8
7 6
2 7
3 1
3 3
10 3
4 9
6 9
1 8
9 2
6 8
4 7
9 6
1 1
1 9
10 8
6 8
8 4
1 8
2 10
5 7
9 6
1 5
10 6
4 5
1 6
4 9
2 2
6 9
9 7
5 10
7 5
9 1
9 8
9 5
8 9
8 10
5 7
12 17 66
17 19 63
16 16 86
19 10 75
20 10 56
11 12 50
13 12 51
20 14 74
11 12 81
11 12 72
16 15 57
19 15 55
18 14 56
19 11 55
14 20 70
10 17 51
14 13 51
20 14 50
20 10 72
16 12 86
16 10 85
12 16 78
10 20 67
19 12 95
13 10 91
13 14 98
18 11 64
19 20 86
17 14 70
13 11 80
18 17 80
19 19 90
14 10 94
15 11 71
14 11 62
18 14 64
20 10 88
20 10 70
13 15 74
14 13 93
14 11 81
17 15 76
17 16 67
16 20 72
16 17 70
15 10 58
13 19 74
19 17 89
14 18 53
13 16 59
12 12 74
17 16 95
11 20 75
18 11 97
12 19 85
13 20 79
10 14 85
17 15 95
14 18 98
12 19 67
11 12 87
11 14 86
16 13 59
17 19 52
14 13 98
16 10 93
15 16 58
18 18 82
10 19 71
13 14 56
15 18 55
18 10 59
15 14 93
19 19 56
14 14 92
17 12 68
13 12 97
15 10 61
16 10 58
18 11 71
16 18 100
18 18 77
18 17 91
13 13 75
20 15 74
17 11 70
10 19 94
20 14 73
12 12 83
14 13 64
12 13 88
18 18 63
19 15 66
14 20 57
13 20 67
12 12 63
17 10 54
12 17 62
19 14 78
17 13 68
18 12 99
18 14 84
10 12 91
16 10 50
10 15 50
13 16 98
20 11 99
17 18 72
13 19 67
15 13 68
10 17 92
10 19 86
12 11 59
18 17 68
20 20 88
11 14 77
12 16 69
12 18 76
17 20 70
10 12 96
13 11 94
20 15 80
11 15 69
15 13 59
12 19 100
17 20 93
12 17 66
10 20 72
18 12 95
13 19 92
12 19 59
10 15 61
11 18 71
12 18 94
19 10 80
17 16 54
18 17 79
13 12 80
13 10 81
14 18 100
20 20 97
14 15 92
17 14 98
10 18 75
16 19 50
17 17 67
10 11 64
13 17 56
13 20 52
10 12 72
16 18 55
16 15 76
19 20 54
13 10 89
18 10 60
19 19 100
18 19 60
12 16 96
18 14 89
11 16 68
20 18 90
13 19 100
20 11 71
11 17 62
12 11 75
16 19 52
18 10 89
16 19 76
16 11 52
13 13 64
12 12 71
15 14 84
12 14 82
20 18 77
15 15 62
17 19 53
14 13 62
11 14 55
10 17 60
12 14 96
15 15 82
12 17 70
11 17 87
