600 400
5 8
2 8
5 5
1 2
2 1
9 10
6 5
10 7
7 3
8 2
1 2
3 4
3 10
10 2
10 2
4 8
5 7
2 8
9 1
4 4
7 5
6 9
2 10
3 4
2 3
3 2
8 5
2 5
4 4
5 1
1 4
7 1
3 9
4 10
10 7
2 1
10 5
8 10
10 4
10 9
4 2
3 8
2 2
1 7
6 10
4 10
7 2
2 2
5 3
4 8
3 9
5 9
2 1
10 7
2 4
1 5
7 8
9 3
2 7
3 7
5 4
6 2
9 10
3 2
6 6
5 3
5 7
3 4
5 2
8 6
4 4
6 5
7 3
10 9
8 5
7 8
3 8
4 1
8 10
2 1
6 5
10 1
2 7
6 7
5 1
6 10
3 4
5 8
2 2
6 1
10 5
9 9
9 1
7 2
3 2
1 5
8 4
3 8
8 8
4 4
6 8
10 8
6 1
1 6
1 8
1 3
2 2
4 3
3 4
9 1
7 2
1 1
7 1
9 8
7 2
8 3
5 9
8 9
10 4
2 8
8 8
8 7
8 1
3 6
4 7
5 2
8 6
10 9
1 3
5 3
9 9
8 3
1 7
2 4
6 10
6 9
3 9
8 8
10 2
5 3
5 7
10 1
2 1
10 5
3 8
5 4
8 4
3 4
6 2
9 7
3 7
8 6
2 8
2 6
7 5
4 6
6 9
9 1
10 1
2 9
5 2
10 6
2 5
8 3
8 4
2 10
8 6
7 3
4 5
9 10
2 6
3 10
7 9
4 4
10 4
6 4
8 5
6 8
7 8
7 1
1 8
3 10
5 2
4 7
4 10
10 3
3 1
5 8
9 2
3 10
1 9
7 2
2 1
3 10
3 6
8 8
2 6
2 10
3 10
9 6
2 3
4 6
4 5
6 6
6 1
1 2
2 8
3 7
2 3
10 1
8 3
2 3
1 8
7 4
4 4
5 9
1 2
2 6
4 1
10 7
1 5
5 9
1 1
2 7
2 5
10 7
5 1
6 1
7 7
1 4
1 4
4 9
4 1
2 5
8 2
1 8
1 4
9 6
9 10
5 7
3 7
1 1
8 1
5 3
7 3
1 10
1 1
6 10
9 1
4 8
7 9
2 3
6 1
7 9
2 6
4 10
4 2
5 2
5 9
4 5
8 6
5 2
2 10
3 4
3 1
5 3
4 7
4 1
7 1
6 4
3 5
3 2
4 1
7 7
2 7
2 3
1 6
5 7
3 7
6 10
8 1
8 6
5 3
8 5
3 8
5 6
9 8
5 5
7 10
9 7
8 8
8 9
1 3
4 9
10 7
7 1
6 3
5 3
4 1
2 5
1 1
10 1
1 6
4 7
7 7
7 7
7 3
3 7
6 5
9 10
7 10
6 1
4 2
4 4
3 5
5 8
5 6
8 10
7 2
1 7
10 9
3 6
6 1
2 7
1 1
8 3
10 4
7 8
4 6
3 6
6 4
6 10
6 7
8 7
7 2
2 5
1 2
5 2
5 9
9 1
9 10
10 3
5 9
1 8
2 1
5 1
4 4
3 9
2 8
3 1
7 8
9 8
9 1
2 2
6 8
8 4
9 5
2 9
1 8
1 9
6 9
4 9
1 7
8 2
2 7
6 4
9 9
4 6
4 3
9 1
5 3
1 6
1 5
7 4
5 4
4 7
6 4
4 1
6 2
8 3
4 3
9 3
4 2
1 7
5 3
10 4
5 9
4 6
5 1
8 4
3 9
10 10
3 10
3 6
7 4
9 4
2 2
6 7
2 9
3 4
8 2
1 7
7 2
4 4
7 4
1 2
2 2
8 10
8 10
9 5
4 3
9 8
3 1
7 6
7 9
1 1
10 5
2 4
7 4
2 3
3 8
10 6
1 1
7 3
5 10
7 1
9 2
5 5
2 3
9 6
2 9
6 1
1 9
1 7
10 6
5 6
9 7
10 1
7 4
6 10
4 3
10 4
1 3
2 10
7 3
7 6
8 8
1 6
7 1
6 10
3 8
5 4
2 7
5 1
5 10
7 4
3 7
10 3
4 6
10 8
8 9
8 4
9 2
7 2
3 8
5 1
4 7
3 8
10 3
9 1
2 3
9 6
9 1
1 3
1 7
6 3
8 7
1 6
8 10
8 10
6 8
2 5
7 8
9 10
3 6
10 8
3 3
7 5
8 8
5 1
1 3
1 9
3 4
2 9
3 1
9 5
5 7
7 5
5 1
6 7
4 9
2 5
9 7
8 1
9 10
1 4
6 2
3 2
8 1
10 1
4 3
5 3
1 3
8 5
7 1
5 3
6 10
9 8
1 1
4 9
5 5
8 1
2 1
3 1
4 3
5 2
2 8
5 9
6 10
6 8
5 8
3 8
2 4
2 3
4 8
8 6
9 6
6 4
9 6
9 7
7 4
5 8
5 1
3 8
4 4
8 7
4 6
2 2
4 2
5 3
8 4
7 4
10 9
10 2
3 4
4 1
9 3
7 9
3 5
10 5
3 6
9 7
8 9
5 6
8 2
4 10
9 1
2 10
9 3
1 2
9 7
8 8
9 2
9 10
10 10
6 6
10 3
9 1
2 10
8 10
3 1
8 4
7 1
8 5
5 10
6 9
8 6
4 5
4 2
7 7
4 7
2 8
4 1
6 8
8 6
1 9
6 3
4 7
9 5
6 7
13 16 54
17 11 54
16 17 81
10 14 73
10 14 56
10 12 85
20 20 99
16 17 68
13 16 62
18 18 96
13 17 85
15 16 80
15 17 96
13 14 63
20 13 78
20 11 56
20 10 56
16 15 95
18 13 54
16 11 91
14 10 59
11 12 61
18 11 85
15 20 72
11 10 61
15 13 97
15 15 82
11 13 93
13 14 78
15 17 83
13 19 74
16 10 89
20 11 52
10 11 64
19 14 100
14 10 90
14 11 68
12 13 73
16 16 91
18 15 96
12 14 57
16 12 57
11 10 54
16 20 82
20 11 95
12 20 60
15 16 52
13 16 83
13 10 89
20 19 91
16 13 85
11 15 54
12 16 73
10 15 65
19 11 76
12 16 84
10 16 56
12 18 55
10 15 89
16 20 86
17 18 96
11 13 78
17 19 58
13 10 80
16 14 88
19 15 63
17 15 83
13 18 51
19 16 99
16 17 55
16 10 86
19 17 91
20 14 95
18 12 66
18 16 53
12 16 65
14 17 89
20 19 87
20 13 64
13 20 96
15 14 99
15 17 60
18 20 75
12 15 94
17 19 95
19 13 50
10 20 88
18 11 96
19 10 91
17 16 73
16 16 72
13 20 73
18 11 86
10 14 94
13 16 93
11 11 84
10 14 83
12 11 61
16 15 66
13 13 85
15 13 92
18 13 62
12 12 54
13 17 70
17 20 55
18 12 71
10 14 74
13 20 98
11 10 76
10 20 92
15 15 87
13 12 96
15 10 99
13 11 93
18 20 84
11 17 54
12 14 83
11 11 65
12 16 70
12 10 84
13 12 74
17 20 52
18 17 76
18 15 51
18 12 65
17 12 69
16 18 61
15 18 59
12 18 54
17 17 78
17 14 90
11 19 81
17 11 64
11 11 85
15 14 87
10 11 84
17 14 58
15 12 73
13 16 53
10 15 71
12 18 95
13 11 99
12 11 84
18 11 100
10 10 65
13 10 80
12 16 66
10 15 61
17 20 67
16 14 100
20 16 89
14 20 56
14 14 100
19 10 97
11 10 76
17 17 77
11 15 60
18 19 80
19 13 84
19 12 64
10 20 99
20 13 72
20 20 63
13 12 95
11 18 74
15 18 85
16 16 75
17 20 98
13 12 60
17 20 75
15 18 95
16 10 73
20 19 93
19 14 64
18 17 86
17 16 83
13 13 56
11 12 54
15 16 72
13 19 67
13 18 90
11 20 85
15 15 98
14 19 95
16 15 88
17 12 73
16 16 58
20 12 93
11 17 97
10 14 58
16 13 80
14 15 83
15 20 89
11 20 54
11 19 74
12 20 68
14 13 78
11 14 89
12 19 96
20 13 100
12 15 77
18 16 76
11 10 79
11 11 80
11 20 75
12 18 51
11 14 87
19 12 56
11 19 80
14 16 83
19 11 96
15 14 58
16 16 85
18 10 73
11 20 64
17 19 79
14 15 70
11 19 89
14 11 81
18 15 68
18 10 87
20 13 96
17 11 89
11 17 71
20 18 77
16 17 90
17 13 66
19 12 82
19 13 68
10 15 70
11 10 61
18 13 72
15 10 67
18 11 89
11 15 83
17 18 89
12 20 83
16 19 94
11 14 54
12 15 56
11 10 63
13 20 92
11 15 100
17 20 54
13 20 88
11 10 97
16 14 90
17 14 97
11 13 51
19 12 60
16 14 95
20 15 82
11 17 53
17 16 53
16 17 64
11 11 52
14 15 74
14 18 54
20 12 62
13 11 96
11 13 89
19 17 72
10 16 83
10 16 88
20 12 98
10 19 70
16 10 82
11 15 89
19 19 67
19 16 53
15 11 57
11 13 99
13 20 72
18 14 96
11 13 52
13 14 85
14 11 93
17 13 55
14 15 72
17 11 84
12 20 96
13 17 83
20 10 85
18 12 95
19 18 100
16 16 71
20 18 60
11 20 87
12 18 63
17 16 94
13 10 63
19 11 54
11 14 93
20 11 100
10 12 85
20 20 93
10 12 80
15 14 82
15 16 68
13 17 86
15 10 73
16 20 86
14 18 60
14 10 90
12 16 96
20 18 86
19 20 79
17 12 62
17 20 80
18 13 87
13 19 95
17 17 60
16 12 70
15 20 55
16 19 67
16 10 70
18 19 56
19 12 84
11 13 95
13 20 73
11 12 65
14 20 61
13 18 80
11 15 99
11 11 78
10 11 75
11 15 97
13 13 93
14 15 72
15 15 54
19 11 75
14 17 56
18 10 80
20 12 83
15 18 54
17 10 74
12 19 62
14 16 74
13 11 52
12 13 87
17 19 80
12 13 77
15 14 83
20 17 54
19 13 66
13 16 50
17 16 55
11 10 66
15 10 82
16 19 62
16 14 87
17 12 57
13 20 66
15 10 95
16 15 68
12 16 90
12 11 64
17 17 53
18 15 61
17 11 71
11 14 93
18 18 66
17 16 75
17 12 84
10 14 76
18 13 73
15 15 57
14 17 91
16 19 73
17 10 91
15 15 85
14 14 93
12 15 92
10 20 50
17 20 67
19 17 64
20 16 74
18 20 78
13 14 55
16 20 86
15 12 75
12 10 77
20 15 92
14 13 78
11 19 72
10 17 94
13 10 82
12 11 100
18 20 92
15 16 100
18 19 68
14 18 52
16 20 59
18 14 69
13 15 92
17 15 51
16 14 88
10 12 95
15 13 82
12 11 66
