650 433
5 6
5 4
3 2
7 4
1 6
6 1
9 4
2 3
5 1
3 6
9 5
8 2
10 3
3 5
9 2
4 9
9 5
1 5
2 10
8 7
7 1
7 3
5 1
1 8
10 8
7 1
2 10
1 9
9 4
7 9
1 9
3 3
9 8
7 10
2 1
7 7
3 9
9 3
2 3
5 7
2 10
5 9
4 5
2 2
10 5
6 6
8 3
7 9
8 9
9 10
8 8
3 1
9 7
7 7
9 10
3 5
6 10
1 3
1 7
7 2
1 10
9 3
8 6
3 9
4 2
10 4
3 4
3 3
5 5
6 3
6 1
7 10
5 1
6 9
1 5
9 10
4 8
9 9
6 6
4 10
5 9
6 2
2 7
6 3
2 8
8 4
6 7
10 2
10 10
3 4
7 4
1 3
8 3
6 2
8 6
5 8
9 6
5 8
9 10
7 3
4 10
7 8
9 7
5 7
8 10
8 4
4 8
9 3
2 1
4 2
1 1
10 6
1 9
10 6
10 2
2 5
4 7
1 1
9 7
2 2
3 8
6 9
10 7
4 7
9 5
10 5
9 8
6 6
5 10
5 9
9 3
3 10
2 1
9 3
8 10
6 3
4 1
7 8
8 5
5 3
9 4
8 7
10 8
7 7
7 4
5 7
3 9
9 8
8 10
8 7
1 9
3 5
7 10
3 8
5 3
4 1
3 9
7 3
3 8
2 8
10 6
1 10
2 8
5 1
5 3
10 8
5 7
1 8
10 9
7 7
10 10
8 5
2 6
3 7
3 10
1 5
9 3
7 10
6 7
10 10
1 2
6 2
9 3
5 9
5 1
8 5
5 9
3 5
10 1
9 4
6 7
1 10
8 10
8 2
4 10
6 5
1 4
6 3
6 10
5 9
8 2
2 3
9 4
9 6
6 8
6 1
3 2
5 4
3 7
4 1
8 9
5 9
9 5
8 9
4 2
5 5
7 5
6 2
3 9
2 3
9 4
7 10
6 1
6 9
3 2
1 5
8 4
6 8
7 1
4 7
7 1
2 4
7 9
9 2
2 1
1 5
2 4
8 8
9 10
10 10
5 3
8 4
7 6
5 5
1 3
10 6
6 9
8 5
8 3
9 3
2 1
1 8
1 2
8 2
4 7
6 5
7 2
4 2
1 5
5 8
6 1
8 4
4 2
9 1
4 5
5 1
6 1
2 3
2 6
1 5
6 4
6 8
7 3
9 6
1 10
2 4
6 5
4 1
6 6
8 7
1 6
2 7
10 7
1 7
3 1
2 2
5 6
10 3
10 9
9 9
5 10
4 7
7 1
3 4
1 2
5 10
10 9
3 7
6 7
4 4
8 1
9 3
2 4
1 9
8 4
4 9
7 7
5 8
6 3
5 2
7 10
1 7
7 4
5 8
10 8
4 7
4 7
4 6
9 5
1 6
2 4
7 6
3 7
3 5
7 2
4 1
4 4
7 1
6 1
8 10
6 8
9 9
4 3
10 4
10 3
5 4
8 10
2 3
8 10
7 4
9 4
1 10
9 2
8 3
7 8
6 4
9 8
4 5
7 4
5 3
5 9
1 9
6 10
3 10
7 10
3 1
9 2
6 1
1 5
9 2
8 1
9 3
8 1
5 7
7 10
10 9
1 7
10 4
9 7
4 1
10 2
5 6
4 2
3 8
1 7
8 8
2 3
7 4
1 6
2 1
2 7
2 7
4 3
4 8
5 5
9 3
8 6
7 7
2 8
3 10
10 9
6 8
8 6
10 10
4 7
4 6
7 2
6 6
1 4
5 3
9 5
5 1
6 7
2 10
9 8
4 7
4 4
10 8
6 8
6 2
4 8
8 5
1 1
5 4
10 5
8 4
8 1
3 6
6 10
3 5
6 8
1 10
5 8
8 3
9 6
6 3
7 3
9 6
9 6
1 3
6 2
8 10
5 8
4 2
4 7
9 8
8 7
8 5
1 8
5 2
4 2
2 2
4 6
7 1
2 5
8 8
1 5
7 8
2 8
6 2
4 9
1 3
10 3
1 6
3 3
4 4
4 2
2 3
5 3
9 3
7 10
2 5
4 4
2 10
9 3
4 3
6 6
2 4
9 4
5 10
10 9
8 10
5 3
8 3
8 3
6 6
5 9
7 2
3 7
5 6
4 7
5 9
6 4
4 5
6 9
4 8
1 5
10 7
8 10
4 2
10 9
3 6
6 7
1 1
4 5
5 8
2 1
9 2
7 4
10 4
5 8
9 3
8 9
8 9
4 2
6 5
10 8
4 8
7 6
6 7
1 9
6 6
5 8
9 5
8 1
9 8
2 10
5 3
9 1
10 8
5 7
10 8
7 10
7 5
8 4
4 2
7 7
2 9
2 7
9 9
5 5
10 3
2 4
1 4
9 9
6 1
9 4
3 5
8 7
8 1
2 5
7 6
5 2
7 5
6 5
1 2
9 4
7 3
7 2
5 8
3 9
6 5
2 3
9 2
4 2
10 9
1 4
4 6
10 4
9 7
8 4
3 5
10 8
9 10
10 2
5 7
7 5
5 7
9 10
1 4
10 3
3 8
1 5
5 5
9 7
1 5
5 7
1 10
9 9
2 8
9 10
4 4
3 6
9 6
1 5
10 2
9 5
8 7
4 9
2 2
6 1
6 5
2 9
7 5
1 3
7 9
9 10
6 5
1 7
10 3
4 7
6 3
3 7
5 8
9 4
7 8
9 8
8 9
1 5
8 9
2 1
1 10
7 1
9 4
2 1
5 2
8 5
6 5
1 10
6 8
4 10
4 10
9 9
3 6
9 2
7 9
3 6
8 8
4 10
7 6
8 9
7 4
2 8
1 4
5 4
8 9
3 3
9 6
7 7
10 4
5 4
1 4
5 3
5 4
1 1
6 1
7 6
6 9
2 7
2 1
19 20 95
16 13 92
15 20 71
10 15 67
11 17 50
19 16 55
17 12 96
19 10 68
14 15 75
16 16 92
13 16 51
20 15 81
20 14 74
16 13 85
15 10 56
12 17 62
12 19 91
10 11 99
13 16 52
17 20 96
17 20 60
10 14 83
15 15 69
16 12 64
15 18 85
20 17 77
15 10 77
13 11 81
20 12 90
19 13 91
16 11 54
15 12 91
16 19 69
12 12 56
15 20 63
18 18 89
19 18 54
14 14 51
12 16 91
13 20 90
14 11 67
16 13 59
19 18 57
15 18 82
12 10 61
12 10 74
20 12 63
18 17 54
15 12 81
18 11 89
10 11 89
11 20 96
17 12 62
11 12 89
19 11 83
18 12 55
20 18 69
16 14 75
18 15 91
13 10 73
13 11 99
15 13 83
10 17 96
15 13 91
14 13 96
13 19 80
20 16 63
17 11 95
17 15 52
16 20 89
16 19 92
19 16 71
16 20 82
15 18 62
17 15 86
16 16 57
13 16 59
18 20 56
12 15 83
18 16 78
14 16 79
14 17 97
11 10 98
17 18 84
12 18 70
17 10 61
11 11 81
18 12 70
14 15 63
10 14 68
13 14 87
17 18 87
15 19 86
14 18 81
10 19 65
12 10 75
10 16 52
20 14 95
13 12 79
11 14 67
16 14 53
17 10 53
15 11 65
19 19 95
19 19 88
17 13 62
18 13 95
12 20 96
16 11 95
10 11 52
10 13 90
15 10 63
19 13 58
19 10 94
19 16 94
19 13 75
18 11 51
20 20 87
20 11 87
14 11 83
17 12 77
19 19 60
13 12 64
12 11 86
15 14 53
15 12 80
16 20 91
14 13 90
15 20 72
14 11 86
17 19 62
16 12 61
16 13 93
18 14 62
17 16 74
20 16 51
13 15 99
12 11 84
11 12 100
15 14 86
16 18 83
14 10 73
20 16 77
19 16 66
10 16 62
18 19 59
15 10 95
15 11 99
19 18 78
13 15 53
14 14 95
18 13 88
12 13 85
20 13 53
10 15 51
10 15 82
11 14 92
17 13 55
18 13 94
12 19 92
12 10 68
13 10 69
17 11 95
18 12 73
12 19 99
13 19 52
12 15 56
17 14 89
16 10 73
14 17 59
15 13 70
13 15 80
16 19 52
13 14 83
17 11 84
10 15 51
18 20 99
12 14 63
15 20 62
17 10 69
15 14 78
20 20 53
15 20 62
11 17 84
11 13 92
19 17 51
15 19 72
17 10 55
16 15 98
20 19 89
16 16 86
19 14 75
17 17 89
15 13 80
10 13 58
13 15 54
13 17 75
12 16 74
12 14 80
10 17 60
10 13 58
14 16 70
12 11 99
20 14 64
15 20 55
10 20 66
16 15 66
19 14 50
18 14 50
17 17 75
15 12 99
11 14 84
10 17 76
11 14 81
11 19 83
19 10 87
11 14 100
12 15 62
15 12 83
15 20 83
11 18 77
17 12 56
19 14 71
11 18 61
12 16 56
10 14 98
16 14 66
14 13 78
10 12 77
13 18 65
19 16 70
17 16 57
19 19 92
16 20 100
18 13 78
18 13 76
10 17 54
10 15 65
15 19 50
16 18 62
14 18 54
16 10 69
18 12 83
13 15 74
17 11 54
15 20 55
18 16 70
13 11 93
13 11 99
15 10 70
20 12 67
12 19 100
10 17 52
12 18 61
12 13 95
18 17 71
13 11 64
20 11 72
11 20 80
17 20 63
19 18 67
10 20 87
20 11 91
18 10 96
20 16 66
19 13 69
17 16 96
13 18 51
17 14 59
20 18 83
13 17 63
12 14 78
10 15 68
20 18 99
16 13 55
12 18 61
18 16 58
14 12 93
19 10 99
11 19 94
15 12 96
18 16 71
11 11 89
10 16 96
20 11 69
13 11 57
10 11 72
20 15 62
20 19 61
11 20 100
18 13 69
12 11 69
18 16 55
10 11 72
15 16 71
17 14 81
13 13 92
14 14 64
20 15 100
10 20 93
18 13 95
20 14 93
10 18 79
18 13 59
11 20 82
20 14 56
13 18 88
15 10 56
17 13 62
20 14 62
18 19 83
18 11 83
19 19 98
16 15 71
15 19 89
12 19 71
16 18 94
11 19 53
13 13 64
20 16 71
18 15 88
11 13 54
16 10 55
12 17 83
14 15 96
20 16 54
13 10 93
16 19 84
12 10 66
16 20 62
20 11 56
16 10 99
13 16 75
14 17 66
15 10 58
14 11 99
10 17 95
17 17 65
17 10 97
11 10 53
16 18 77
19 19 64
10 12 85
20 15 63
14 12 80
13 18 77
16 10 64
10 20 95
19 12 92
10 16 50
14 16 63
13 18 77
18 11 69
12 10 51
11 10 64
19 10 94
20 18 90
11 15 88
17 10 80
16 19 88
11 11 97
13 15 69
16 10 60
13 17 97
20 18 69
17 12 98
18 11 91
12 17 83
12 17 94
13 13 80
11 11 91
17 16 100
15 18 66
13 17 78
12 20 57
15 18 79
19 16 75
20 19 72
15 14 54
13 13 92
15 12 86
10 14 66
18 18 77
11 17 97
16 18 84
11 14 66
17 17 72
19 16 89
20 11 64
15 18 90
20 14 92
15 14 64
19 19 94
11 17 51
20 16 74
19 19 100
17 13 87
15 10 72
14 20 72
13 14 81
18 19 92
17 15 69
14 15 77
18 10 65
14 19 84
14 19 90
10 14 59
16 11 78
20 16 70
13 17 57
12 17 83
10 16 84
10 19 65
17 15 83
19 16 71
12 20 62
19 20 78
15 15 61
14 14 71
14 13 82
14 10 63
16 14 98
15 15 54
17 20 64
13 13 57
20 17 92
13 19 52
12 20 67
15 13 100
11 13 68
14 20 80
11 12 80
10 14 67
