700 466
2 5
5 1
6 6
3 10
6 4
8 9
10 1
8 5
7 2
9 8
6 1
3 2
7 10
4 8
8 1
1 2
9 7
8 10
4 6
6 6
2 2
5 10
10 4
2 9
7 7
7 7
5 4
9 2
10 2
4 8
10 1
7 6
6 7
4 1
7 5
4 2
7 9
6 7
10 9
9 7
5 9
7 1
4 1
8 1
10 1
3 10
9 4
7 5
9 9
7 9
3 1
4 8
9 6
5 2
4 1
8 1
2 10
1 8
1 5
1 10
6 5
7 2
3 8
1 9
7 8
5 8
3 10
8 4
5 9
10 5
2 4
6 1
6 7
10 4
4 1
8 1
2 1
9 3
10 4
6 9
9 3
6 7
4 4
1 10
3 3
7 5
9 10
4 3
4 4
3 2
8 2
6 2
8 10
9 10
7 8
7 4
1 6
4 9
2 7
7 3
5 6
7 6
5 10
2 1
3 2
10 9
8 10
2 4
3 9
10 10
7 3
2 7
2 8
2 9
7 4
6 8
7 2
1 1
1 5
8 5
10 2
3 6
5 2
8 2
3 4
7 3
9 9
4 10
6 2
4 8
3 5
1 1
8 1
1 5
4 1
2 7
5 8
9 1
5 9
9 1
4 7
2 4
9 2
10 6
4 5
6 10
9 10
4 1
5 9
7 5
1 1
8 7
5 2
10 2
1 2
7 7
2 5
9 7
5 2
10 6
6 8
6 8
1 3
10 10
2 8
2 3
5 4
1 10
6 7
9 4
5 9
8 1
10 2
1 2
10 9
8 1
10 8
5 8
5 7
5 3
9 9
5 4
6 1
8 4
9 7
8 9
8 3
3 2
4 1
6 4
7 9
6 5
2 2
10 10
8 6
2 4
7 1
9 1
10 8
4 2
4 5
9 7
5 1
8 2
4 9
6 6
8 6
9 4
7 4
8 2
4 9
3 4
6 10
8 10
5 2
9 4
7 7
7 9
5 3
3 5
1 7
2 3
7 5
3 5
3 3
10 8
5 9
6 8
7 8
9 8
7 9
1 5
9 10
3 1
1 7
4 8
3 10
2 6
4 5
6 2
6 1
6 2
3 3
3 2
5 5
5 3
3 10
8 7
7 10
6 6
1 9
6 4
9 7
10 2
1 6
7 8
9 4
9 3
4 1
3 4
2 5
10 2
1 2
1 4
7 4
8 9
9 10
8 5
7 6
1 8
9 10
8 1
5 9
3 4
5 2
8 7
6 5
5 6
4 7
10 7
2 2
5 4
4 3
8 2
4 10
5 7
6 1
4 1
9 6
5 4
5 4
2 9
5 1
2 1
2 8
4 3
3 5
4 9
10 6
1 7
5 5
9 6
9 6
5 10
8 3
1 8
8 10
2 1
3 2
6 6
2 5
5 10
6 6
1 8
6 9
5 7
4 9
4 10
3 8
9 6
10 1
5 7
5 1
2 1
4 7
5 1
9 7
10 7
5 7
5 7
8 5
1 6
9 9
9 8
10 1
7 7
8 4
1 2
8 5
8 4
1 4
5 1
10 8
3 9
1 10
7 7
9 8
4 7
2 8
1 1
10 9
1 8
4 10
5 3
6 8
8 9
8 2
9 4
8 9
6 1
2 8
6 1
4 1
3 5
7 8
2 1
6 3
5 1
3 2
6 4
6 5
2 5
10 6
1 8
4 2
5 10
5 5
6 7
8 9
10 9
6 2
2 5
1 10
5 7
7 5
8 9
9 5
3 5
6 2
6 10
1 10
10 8
1 5
9 1
4 2
4 2
2 3
5 1
4 7
2 6
9 6
8 8
6 3
1 5
1 7
3 3
2 8
3 5
2 3
3 4
3 6
4 8
4 8
1 4
1 9
10 7
4 7
8 5
3 4
10 6
4 9
9 3
2 1
9 6
10 5
2 5
10 1
7 2
7 9
6 2
4 4
2 3
4 1
3 9
1 10
5 7
3 10
10 2
10 4
4 5
2 8
1 2
2 7
4 5
10 9
3 9
1 7
8 7
9 1
3 9
10 9
5 2
1 5
8 8
9 2
10 3
5 3
4 3
2 1
5 4
8 4
1 10
4 1
6 9
6 10
2 9
10 6
3 3
7 7
6 10
1 8
1 7
5 10
8 7
10 7
9 4
3 10
2 1
5 2
10 1
6 10
9 10
6 4
3 7
4 6
4 2
7 10
10 2
8 2
9 3
8 10
8 8
7 10
4 6
3 7
9 9
4 1
4 2
4 10
7 2
4 10
7 4
1 10
8 9
2 9
3 5
9 8
3 5
7 7
8 5
3 6
10 5
4 1
7 6
10 1
7 7
9 8
2 8
8 7
4 5
10 2
10 5
7 4
2 1
1 10
2 5
6 4
9 5
7 1
3 2
9 1
5 8
10 5
6 10
10 4
1 4
4 5
5 1
6 1
6 2
9 2
1 4
3 1
5 3
5 2
4 1
9 6
6 7
9 8
5 2
4 5
5 5
4 3
8 10
4 3
5 6
10 6
1 7
1 7
8 3
9 4
3 1
4 5
4 4
4 3
5 2
1 5
5 3
1 8
7 2
10 2
10 1
1 10
2 10
7 7
10 3
4 8
5 3
10 4
4 5
7 3
1 1
10 8
3 5
7 3
2 2
2 2
1 7
6 9
9 10
8 3
4 4
9 9
1 3
2 9
2 10
6 10
1 5
4 6
7 6
3 4
7 2
7 3
4 5
7 7
2 8
10 5
2 9
8 3
4 2
9 5
6 9
9 4
1 6
1 1
7 7
4 3
5 5
8 1
4 10
2 7
8 4
8 8
3 10
2 9
3 5
1 6
1 1
7 3
3 7
2 2
6 3
1 1
3 7
5 2
6 9
4 2
9 4
4 9
6 10
4 1
5 7
7 5
4 2
1 6
10 4
9 3
6 6
3 5
8 5
5 5
4 9
9 7
2 7
7 7
10 5
2 2
6 10
4 9
1 3
1 8
7 5
5 9
9 8
8 9
7 10
3 10
3 1
3 8
2 4
9 1
7 9
1 5
4 1
2 4
2 8
2 1
6 6
1 5
9 9
5 1
3 6
9 1
6 7
2 5
4 7
10 7
8 6
7 3
7 8
6 9
6 1
6 2
6 1
1 8
10 6
8 10
7 5
7 8
1 7
14 16 87
10 13 78
11 14 85
17 11 59
11 15 87
17 15 86
20 12 90
12 17 80
14 20 85
15 10 92
16 10 77
16 18 83
14 18 75
14 18 96
12 16 97
20 11 53
11 20 79
19 12 77
20 14 54
14 13 73
14 10 86
11 11 65
19 18 76
17 17 71
20 15 50
10 17 63
15 16 55
18 19 70
18 20 63
18 11 56
15 11 64
15 16 73
17 20 90
19 20 58
14 18 80
17 17 90
17 18 67
10 19 96
14 10 82
11 10 82
15 13 69
16 19 50
15 20 52
15 18 66
19 17 85
16 20 77
14 13 54
17 14 61
16 16 59
11 17 94
10 15 79
10 13 83
10 18 77
13 10 61
15 19 97
16 20 75
10 20 75
20 16 72
17 13 50
17 15 76
11 17 60
16 12 91
16 11 84
12 14 82
17 19 54
11 16 97
12 20 81
11 17 85
10 17 77
10 10 100
13 11 74
19 11 94
13 19 54
13 17 89
14 10 73
11 11 90
19 13 99
12 18 73
17 16 54
16 12 79
18 13 75
20 17 92
14 13 66
16 13 63
18 19 96
13 19 78
20 18 81
11 20 71
11 18 60
16 17 99
19 10 72
14 19 69
16 17 51
14 14 71
13 17 51
20 19 76
19 19 86
13 13 80
18 12 91
19 17 57
18 12 86
12 11 56
14 18 83
16 18 95
10 16 80
11 15 91
10 20 54
11 13 76
11 11 86
18 17 77
20 13 94
17 12 66
15 12 82
13 20 85
20 14 89
17 13 59
19 18 64
19 11 81
20 16 59
15 20 100
10 10 87
14 16 89
18 10 65
11 19 95
12 14 54
19 20 61
15 12 60
19 10 87
15 20 70
11 20 52
19 12 54
19 20 98
18 15 82
17 17 64
13 10 82
20 17 72
15 16 58
13 13 74
13 12 78
15 10 61
20 14 65
14 16 68
12 12 71
17 11 50
17 19 81
18 19 59
18 13 66
12 20 51
13 14 73
17 14 82
18 18 51
12 20 64
18 18 92
12 12 54
17 14 83
12 19 83
11 19 89
19 12 73
15 13 97
10 15 88
16 12 96
11 19 71
16 12 75
17 13 52
16 20 59
18 17 56
20 19 54
20 15 82
12 19 91
14 12 98
20 12 99
15 17 57
16 10 91
10 16 78
18 14 96
10 10 71
14 14 83
14 10 66
16 17 85
13 16 77
17 11 93
19 20 57
19 15 50
11 17 85
10 17 80
10 14 82
16 11 71
10 14 60
17 15 98
14 15 57
20 10 95
17 15 76
18 16 74
17 10 60
15 11 86
11 18 79
11 12 63
13 18 58
15 13 86
12 13 67
13 11 51
14 12 50
15 11 51
11 20 86
20 12 87
15 17 81
15 19 78
10 19 72
13 20 90
17 10 94
19 18 79
20 14 99
13 12 88
13 20 68
11 15 63
12 20 64
14 18 60
16 13 59
12 18 100
13 16 72
20 17 68
16 12 83
17 17 100
14 12 56
19 10 82
15 20 62
18 10 58
13 20 65
17 16 63
11 13 64
11 17 87
12 20 79
16 17 87
13 16 92
12 12 81
13 20 52
16 13 75
19 12 92
13 19 96
20 10 87
10 20 97
18 20 98
11 15 75
12 12 81
16 12 79
12 19 76
20 15 82
13 11 71
19 20 88
17 10 74
14 13 52
14 13 56
16 12 66
19 19 84
20 19 52
18 18 99
17 20 50
19 10 88
10 19 92
18 15 66
10 18 91
15 13 50
14 19 69
20 18 60
10 14 93
19 18 98
19 13 77
12 13 63
15 12 91
18 16 70
16 12 51
15 16 86
15 15 97
13 19 75
20 10 80
18 14 51
14 19 73
18 20 76
20 11 50
19 20 63
17 18 57
19 13 100
11 16 98
10 18 74
17 10 88
11 19 95
12 13 91
17 17 94
13 20 75
13 16 94
14 18 68
10 19 55
14 11 95
12 20 92
20 12 80
16 15 82
13 15 76
20 14 87
20 20 84
20 20 62
19 13 56
12 16 51
13 10 66
11 15 63
12 14 75
16 15 93
12 15 51
14 17 80
12 14 91
13 15 57
10 12 79
18 19 80
16 14 80
15 19 85
13 13 96
14 12 99
12 18 68
12 18 94
11 14 91
14 15 88
15 17 86
10 16 98
11 18 60
10 11 81
10 11 64
19 15 52
16 15 93
12 16 67
13 12 61
10 16 55
17 20 73
17 10 85
11 19 70
12 18 98
18 20 98
16 12 85
15 10 91
19 20 88
17 18 93
17 13 92
15 19 98
10 13 74
20 16 75
18 10 59
12 10 66
17 13 64
11 18 87
14 20 50
16 11 62
17 12 61
16 14 92
11 20 61
20 20 96
12 11 65
10 14 98
12 14 56
19 20 72
15 18 58
10 17 92
15 18 67
10 12 82
14 15 93
10 14 63
10 15 88
14 14 85
15 18 67
19 11 54
11 17 62
13 18 93
17 13 70
13 19 61
16 12 93
17 12 96
16 16 68
15 20 54
11 11 77
18 14 88
19 11 83
12 12 64
10 12 58
13 20 60
10 17 81
17 19 68
10 17 56
13 20 55
15 14 56
15 20 74
19 12 89
18 20 85
19 18 87
13 19 91
17 18 54
20 17 72
17 14 53
10 14 75
18 12 63
19 10 61
16 13 98
11 19 50
18 14 62
17 20 72
14 11 56
12 16 54
11 12 52
15 15 83
20 13 65
18 18 75
16 13 51
19 17 88
15 12 54
10 17 65
10 12 64
15 15 83
10 14 88
19 13 89
19 17 93
18 18 63
10 15 57
12 20 93
18 13 84
10 19 89
13 16 71
10 15 94
12 20 50
13 13 90
11 20 60
17 10 92
19 16 98
16 12 83
18 14 68
15 12 60
18 16 69
10 13 72
10 14 98
18 12 69
13 19 72
18 11 88
18 12 85
17 19 92
11 18 57
13 15 92
16 19 59
17 15 72
12 11 70
11 13 100
12 15 80
19 16 78
12 20 51
20 20 99
20 15 61
10 11 58
10 19 93
18 13 84
11 16 79
20 13 88
15 18 57
16 12 96
11 20 78
16 11 70
12 13 79
18 11 76
17 19 66
20 13 95
15 16 84
17 19 68
11 11 65
