750 250
9 1
2 2
7 1
4 2
4 8
8 3
3 8
2 4
3 5
2 8
9 4
3 5
2 10
6 7
3 4
9 5
6 3
9 1
1 6
10 3
4 9
5 3
10 3
7 4
9 2
10 5
3 1
9 3
10 9
10 6
1 10
5 5
1 5
9 10
5 10
7 4
9 3
3 4
7 6
8 10
6 1
3 7
3 1
7 2
5 6
7 10
10 4
10 3
9 7
2 10
10 1
3 8
2 3
8 10
8 6
1 10
6 4
7 9
8 10
1 10
8 3
2 3
5 7
5 8
9 3
1 6
10 2
8 10
2 5
9 4
8 8
6 3
3 8
4 8
6 1
1 6
8 9
10 6
10 8
6 1
6 3
8 1
7 8
5 9
4 1
7 8
10 8
4 1
3 10
1 6
10 6
7 6
4 5
2 6
9 4
1 7
2 10
10 8
2 2
6 3
8 2
1 5
8 5
8 2
6 4
8 2
10 3
8 7
5 2
7 8
4 1
3 10
3 3
8 9
6 10
3 2
5 6
3 7
10 10
9 10
8 1
5 1
8 8
2 3
9 9
5 8
1 7
5 4
1 1
1 1
7 8
3 4
4 9
8 4
9 6
3 8
10 6
7 4
10 4
5 4
5 8
3 1
10 4
5 1
7 4
7 1
2 9
5 10
1 1
10 2
6 5
6 10
6 9
2 4
9 6
1 6
4 1
3 2
6 1
6 10
6 1
9 4
6 9
1 7
4 7
8 8
10 2
1 3
4 4
5 8
8 4
6 2
4 7
2 1
10 9
8 6
8 1
9 1
3 9
5 8
5 8
3 10
2 2
10 4
10 4
8 7
1 4
9 2
10 3
4 9
1 8
1 8
6 10
2 5
10 3
8 3
10 5
10 9
7 6
2 6
2 4
4 1
4 2
10 6
5 9
4 4
9 1
6 5
4 6
1 5
2 1
10 2
7 1
7 7
4 1
3 10
2 6
8 5
6 9
1 3
6 7
2 5
8 9
7 1
7 1
5 9
3 9
4 1
7 10
3 4
10 4
1 4
2 9
2 10
1 3
1 9
1 6
8 5
5 2
6 5
3 7
8 10
1 7
7 5
4 3
10 4
5 5
6 4
3 10
8 4
9 9
9 2
2 2
4 7
8 2
5 8
3 3
5 6
7 6
2 5
6 5
6 1
2 1
1 3
6 6
10 1
1 9
6 9
6 9
7 7
3 6
7 7
2 4
3 5
7 7
7 10
10 10
7 5
1 9
4 8
7 7
5 10
6 3
5 8
9 9
1 1
9 4
2 8
10 1
5 5
3 2
1 3
5 2
8 7
3 9
2 5
3 3
2 2
1 7
2 8
1 6
7 2
7 1
5 10
2 4
8 2
4 7
6 7
7 9
3 6
4 5
2 1
6 7
10 8
4 9
5 6
4 9
4 6
9 1
2 10
10 3
7 3
1 1
9 5
8 6
9 1
1 2
8 8
2 2
9 6
10 2
6 5
4 4
8 5
7 7
10 5
7 4
9 9
4 10
3 3
2 10
2 8
9 8
1 9
8 9
4 3
9 8
5 6
7 1
8 3
7 6
2 1
7 7
7 1
7 10
4 9
5 5
2 6
3 8
2 7
2 2
2 3
2 10
7 9
3 5
6 5
1 2
1 1
3 10
8 2
10 8
8 5
2 2
6 4
3 7
3 9
10 1
5 3
5 10
2 1
8 4
8 9
5 1
9 3
6 1
1 10
8 8
8 6
2 5
8 2
10 1
5 8
1 2
2 2
4 1
1 1
2 10
5 6
3 2
7 6
2 7
10 6
8 5
4 3
2 7
7 8
7 3
5 1
6 6
7 10
4 9
4 8
9 3
8 4
4 6
2 6
9 1
4 3
8 4
10 1
8 5
3 3
1 5
9 5
4 10
2 6
4 9
6 4
2 1
8 5
1 2
10 7
9 2
1 6
7 8
10 1
4 2
9 2
10 4
7 7
4 9
3 6
8 10
3 3
3 9
8 7
4 7
9 4
2 9
10 4
9 4
9 4
10 5
7 2
1 2
3 1
5 9
10 6
5 3
7 10
6 4
9 9
9 9
10 4
5 2
8 2
8 8
1 6
4 2
7 1
1 9
5 2
3 7
5 7
4 10
4 3
6 8
9 2
6 2
6 7
4 1
7 2
2 7
9 6
4 9
9 9
4 1
5 5
3 1
2 8
9 1
7 1
5 6
1 2
9 2
2 7
5 5
7 10
2 1
1 9
2 9
10 1
9 4
5 1
10 5
3 4
7 9
3 2
4 6
3 3
9 1
6 10
8 10
5 1
3 8
4 8
4 6
2 5
4 8
10 8
7 5
3 6
9 5
6 4
2 9
6 6
4 2
7 8
2 3
10 9
4 3
5 9
2 2
1 3
3 3
2 7
6 6
4 3
6 2
3 6
4 10
1 1
10 2
5 5
7 1
3 6
9 2
9 8
5 4
10 4
6 3
8 9
1 5
10 10
3 9
1 1
1 1
1 7
7 7
2 6
3 4
2 7
5 3
5 2
9 2
7 6
8 1
5 7
9 10
4 4
7 4
9 7
3 9
7 10
1 1
10 5
1 6
1 1
9 9
7 3
5 3
10 1
6 7
8 6
8 4
7 2
9 8
3 8
5 9
5 7
2 1
4 7
7 9
8 6
4 7
2 10
7 4
3 7
9 9
2 8
7 2
2 10
3 4
9 8
6 9
10 6
7 7
3 6
10 2
5 2
10 4
9 1
1 3
4 8
3 1
8 3
1 9
5 1
9 3
7 1
3 9
4 10
5 9
8 6
6 5
3 8
7 5
1 3
3 1
8 3
4 2
4 9
6 1
7 2
4 2
6 1
5 3
1 9
9 5
7 8
10 8
6 9
9 10
1 3
5 2
5 9
1 7
4 8
2 5
9 8
2 1
4 2
9 1
8 5
1 9
8 6
1 6
7 8
7 10
10 3
10 4
5 2
3 5
10 6
9 2
2 5
7 2
4 5
8 3
9 7
2 10
6 4
3 5
4 9
4 3
10 2
1 5
4 2
4 2
1 2
8 2
4 7
8 9
9 3
7 5
2 8
6 3
8 8
9 7
4 6
9 2
6 7
6 4
7 8
9 9
5 7
10 4
9 10
5 10
9 9
1 10
7 4
10 9
8 2
3 4
6 8
9 2
3 6
5 5
3 6
10 3
6 8
1 9
5 7
2 3
2 8
4 3
6 8
7 5
3 1
7 10
10 1
9 3
7 4
1 10
5 3
1 10
10 4
1 9
6 1
1 8
1 4
3 3
3 5
2 10
10 5
7 7
4 7
6 5
4 2
2 2
6 5
8 2
6 6
2 10
3 5
9 10
8 10
9 4
1 4
11 11 53
20 20 55
18 20 89
11 19 63
10 20 68
13 19 81
11 12 89
16 13 92
17 17 61
13 13 80
16 14 81
11 13 58
13 10 64
13 18 60
16 15 81
16 20 72
16 11 100
12 20 75
20 16 84
11 10 83
12 16 60
14 17 73
10 10 70
12 15 60
14 19 84
20 12 79
11 18 97
18 11 53
16 20 95
19 12 55
20 10 56
12 18 69
16 18 54
11 20 89
14 18 99
15 19 97
18 18 98
16 13 88
12 19 67
18 10 83
18 16 76
12 10 71
16 17 99
12 18 69
20 19 87
16 14 63
19 13 53
13 15 63
13 13 95
17 20 67
14 11 58
15 16 56
14 15 85
10 15 51
15 10 90
17 13 63
20 14 53
20 18 50
15 18 93
12 16 61
18 10 68
16 18 93
16 14 93
20 18 65
11 20 87
17 11 86
11 20 63
18 20 53
18 16 79
15 15 79
10 14 65
11 13 89
12 12 100
18 15 51
19 16 94
17 17 75
18 19 74
19 15 62
10 15 64
18 20 60
13 20 73
14 19 54
14 10 100
19 15 93
14 20 83
20 16 84
15 14 52
18 15 91
14 10 61
20 11 92
17 13 71
12 20 82
12 18 62
14 11 98
19 12 83
19 16 53
14 11 96
15 15 62
10 17 85
14 10 81
10 10 53
15 16 97
10 17 51
12 16 67
10 13 50
20 12 58
17 17 50
12 10 99
19 18 66
14 15 56
14 12 65
17 19 58
15 16 76
14 16 67
12 19 76
20 10 82
19 15 63
10 10 91
15 12 51
11 20 58
10 15 82
13 13 77
20 18 80
18 12 60
12 11 92
11 11 50
19 19 81
13 11 75
15 13 90
14 12 50
16 15 74
18 14 89
14 16 69
16 13 51
14 19 59
11 15 92
20 13 53
14 16 60
14 15 71
19 15 51
15 20 56
19 11 82
18 14 60
12 11 61
10 14 55
12 11 78
20 15 79
10 17 82
20 15 78
14 17 74
13 15 90
11 17 93
12 15 73
20 14 84
19 15 86
18 14 53
17 11 53
14 11 64
17 17 95
18 18 94
15 18 64
11 19 87
16 16 72
10 15 89
14 19 97
18 12 91
17 14 64
15 16 67
11 19 91
10 16 79
12 16 98
15 19 60
13 10 91
12 19 65
19 13 100
11 19 83
15 17 51
16 18 87
13 17 79
19 13 100
12 18 95
20 11 63
19 20 82
15 11 78
17 13 63
12 16 68
14 10 89
18 13 91
15 10 69
18 16 83
18 13 69
15 16 84
13 13 84
17 17 89
12 13 67
16 16 98
12 15 68
10 15 70
14 13 76
17 17 69
18 16 98
20 17 95
10 13 85
13 15 51
11 10 93
18 17 66
14 14 79
17 17 65
15 16 54
16 12 70
17 12 67
16 14 100
19 16 89
12 19 57
13 12 78
20 13 73
12 20 88
18 17 88
20 12 89
14 12 73
19 11 77
11 19 78
11 12 75
18 17 99
15 13 65
16 15 51
18 14 81
15 15 55
20 15 97
18 15 71
15 12 76
20 12 67
17 11 82
10 20 84
16 13 93
13 14 77
15 18 59
18 13 95
20 19 85
18 11 70
18 15 88
20 17 95
18 10 84
19 20 67
15 14 71
16 17 62
12 17 82
19 12 81
12 10 78
20 14 84
