800 266
9 5
5 9
1 6
1 6
4 3
8 7
8 8
10 1
9 5
9 5
6 9
7 8
2 5
9 5
8 5
6 2
8 5
3 4
5 8
5 8
3 9
6 4
4 9
1 6
4 6
10 5
10 4
1 2
10 9
4 2
7 2
9 4
7 2
5 3
9 4
4 1
2 6
4 6
4 9
7 6
8 5
2 8
5 4
10 5
7 2
1 2
2 7
9 4
4 1
10 7
2 9
10 8
9 8
6 1
10 1
8 1
3 1
10 9
3 5
10 8
10 4
10 1
8 5
10 4
7 10
1 3
3 1
9 4
3 1
1 3
2 4
8 4
8 9
3 8
8 7
8 6
8 7
8 7
5 7
3 7
4 10
1 1
8 6
7 10
4 6
1 9
1 4
6 8
10 8
4 5
5 2
9 1
7 4
6 7
1 1
1 3
1 1
5 1
2 9
5 2
5 10
5 5
10 5
9 1
8 8
9 8
7 3
10 6
9 2
3 9
1 8
3 2
1 6
4 2
7 8
5 2
7 2
4 7
6 7
3 4
2 8
6 2
4 1
6 2
7 7
1 10
9 5
8 3
9 7
5 1
8 10
1 1
9 7
1 4
2 2
8 10
8 1
10 8
1 10
6 8
2 3
10 7
10 3
1 8
5 4
8 2
10 4
6 5
8 5
4 2
8 10
8 10
5 1
9 6
9 8
10 5
4 3
2 2
2 3
10 8
3 3
4 2
9 4
2 1
9 6
1 10
5 6
3 9
1 5
1 7
1 1
8 10
5 8
6 4
6 5
1 4
1 2
5 9
9 10
10 8
4 1
7 2
8 2
4 7
1 4
3 1
5 6
4 9
3 2
6 5
3 1
4 4
1 2
6 5
9 10
2 3
5 2
2 1
1 4
5 1
8 6
7 5
9 9
4 2
2 5
2 1
10 5
5 7
1 5
7 6
4 8
4 6
4 2
3 10
4 1
10 2
8 5
6 8
10 4
8 8
5 8
1 2
7 4
5 4
4 3
6 4
8 2
3 10
5 4
4 3
8 8
10 8
5 4
5 2
2 1
10 7
8 7
7 6
6 10
10 4
5 2
7 6
9 7
9 10
6 3
1 8
4 3
5 7
8 9
9 8
2 8
7 7
3 3
8 6
10 7
4 5
5 5
3 10
1 9
3 1
10 4
2 10
3 5
10 2
1 8
5 1
4 2
3 6
7 4
1 3
8 2
8 3
10 8
8 3
6 10
10 3
9 5
6 8
2 4
6 6
10 4
8 6
2 3
6 9
5 2
1 10
3 6
6 7
3 7
8 6
6 6
1 4
8 10
4 1
9 5
7 2
5 9
7 10
6 8
10 3
3 9
4 2
4 3
1 4
6 2
7 6
3 10
5 3
8 8
10 10
3 10
10 8
2 2
9 4
2 5
3 5
2 8
2 10
1 4
2 6
2 5
6 10
9 10
5 4
10 9
5 9
4 9
5 3
3 7
10 6
7 2
7 5
3 10
6 2
1 4
8 9
2 3
8 1
1 10
3 10
5 6
4 1
9 2
4 9
2 8
2 2
7 5
1 9
10 1
4 4
7 7
5 10
10 6
4 8
2 4
2 9
2 6
3 1
1 10
4 10
7 6
10 4
8 6
9 6
2 7
9 3
9 9
8 9
8 3
1 6
6 1
5 10
1 8
8 6
7 2
5 3
2 3
3 10
8 10
3 9
5 10
4 6
7 7
3 3
1 4
3 6
9 7
7 3
9 6
6 9
6 7
5 7
2 2
5 3
5 2
1 7
9 6
9 1
9 5
3 6
9 10
10 3
2 2
3 3
2 3
9 9
6 1
4 8
2 1
3 10
2 7
4 2
1 4
2 2
2 9
2 9
9 3
6 9
2 5
5 4
6 6
2 5
4 10
4 10
2 5
4 9
4 4
2 9
5 4
7 9
8 5
9 1
3 6
6 2
2 3
5 8
8 4
4 2
8 1
5 7
1 10
7 2
4 6
7 3
4 4
2 2
6 8
10 8
2 2
1 9
4 2
10 10
7 8
5 1
2 1
2 5
5 4
1 8
4 10
8 5
10 4
3 9
6 5
4 10
2 5
9 3
3 8
8 7
7 10
2 4
2 10
7 1
7 6
5 8
10 1
4 3
10 6
8 9
1 8
1 3
3 4
8 9
2 3
6 10
4 4
9 2
9 1
7 8
10 6
1 3
2 5
4 7
9 7
7 8
3 7
8 8
6 3
7 8
5 7
2 9
7 5
8 5
9 7
10 8
9 3
5 3
2 6
1 7
1 8
8 10
7 2
7 5
4 1
9 1
8 6
1 1
8 3
6 3
8 3
4 6
7 7
2 6
5 7
2 2
7 3
4 7
4 5
4 2
6 5
9 8
10 3
7 1
10 8
10 5
8 10
6 4
5 9
3 6
6 5
7 6
8 3
1 5
10 7
3 3
4 8
7 4
1 7
7 9
4 9
10 7
2 8
8 5
5 7
2 10
1 1
6 5
7 6
5 7
8 8
6 9
10 8
10 4
4 10
10 4
3 5
4 1
3 1
6 5
10 9
8 1
4 3
7 8
8 9
5 1
2 7
5 10
9 8
5 5
6 9
6 2
2 9
8 5
2 10
6 7
6 1
1 2
1 9
8 10
9 7
7 9
5 9
2 10
9 2
6 4
10 8
9 4
5 4
2 2
2 4
6 4
1 8
4 1
2 1
3 1
7 6
8 2
7 8
10 1
8 3
4 10
9 10
3 2
5 10
6 10
9 6
10 4
3 8
6 4
7 1
4 1
2 2
10 8
8 4
5 10
3 1
7 4
9 8
9 5
6 1
9 1
9 4
1 7
6 1
5 1
8 3
9 10
10 1
4 3
6 1
8 4
2 1
10 5
8 5
5 5
7 6
4 3
8 7
1 10
4 2
6 1
3 7
2 8
10 1
4 2
6 2
3 3
5 8
6 1
5 9
3 1
8 3
10 2
6 1
4 10
1 3
9 2
10 3
5 8
9 9
4 9
10 4
6 2
4 10
6 4
2 4
9 8
6 2
6 2
2 10
6 10
4 4
8 3
6 2
2 5
1 6
2 10
9 10
3 8
1 4
8 10
9 4
8 4
4 1
2 7
10 4
7 10
1 7
1 7
10 8
1 2
10 8
8 3
9 2
7 3
3 10
5 9
2 6
3 4
6 7
8 7
3 3
7 5
6 6
9 10
2 7
3 10
7 2
3 1
1 1
1 5
3 4
6 8
8 2
9 6
9 4
1 9
2 6
7 5
8 2
10 1
6 3
1 8
4 4
4 9
2 4
7 9
4 4
4 1
1 2
4 1
8 7
3 5
10 8
4 7
2 3
5 3
10 9
7 10
10 3
7 6
2 7
9 10
2 1
5 6
4 3
6 3
8 3
10 3
2 9
7 8
3 4
5 7
9 7
8 5
8 10
6 6
10 7
7 2
4 8
3 3
5 3
2 7
2 7
7 3
6 8
1 2
6 9
6 9
1 10
4 8
7 10
7 3
8 3
4 1
3 7
7 4
1 2
9 9
2 3
4 6
9 5
2 2
4 4
3 5
3 8
9 6
3 3
6 3
8 8
8 10
15 16 82
17 18 61
10 17 67
14 14 84
16 20 99
14 15 95
10 16 80
20 13 79
17 13 96
13 15 87
17 20 81
11 17 69
13 14 81
17 13 57
12 20 96
17 10 74
15 12 85
13 19 99
11 11 53
18 10 63
15 10 68
19 14 95
15 17 97
11 10 83
19 18 60
18 17 52
19 20 89
10 15 91
20 13 92
10 20 75
19 20 54
15 19 77
12 14 91
19 10 78
14 17 56
16 13 86
17 10 94
12 18 92
18 16 80
10 17 85
11 18 51
13 12 82
11 18 60
14 10 72
13 19 89
12 10 62
14 15 59
18 14 51
16 12 60
18 19 80
16 20 55
18 20 78
17 15 74
18 12 67
17 19 75
20 14 72
20 16 50
14 16 55
14 14 65
10 11 69
11 20 67
13 13 71
18 19 85
17 10 50
16 14 100
16 14 75
18 13 55
16 10 82
14 14 54
13 12 78
10 11 88
13 19 71
13 16 61
17 13 71
17 17 75
12 18 62
10 20 89
14 16 95
11 16 71
16 20 84
11 10 80
19 19 73
15 15 60
10 20 86
10 11 78
19 18 100
11 15 53
15 13 70
15 20 64
14 12 58
10 17 76
15 15 73
17 10 61
18 16 86
20 18 52
14 13 57
20 11 95
16 13 53
16 20 100
11 14 50
18 19 64
12 10 97
10 15 71
19 15 77
19 16 76
20 15 81
16 14 59
20 14 85
13 13 59
15 14 74
12 15 86
11 10 55
19 13 61
13 14 78
18 12 91
18 19 80
11 13 68
15 13 88
12 10 80
13 20 82
11 13 82
15 20 63
17 20 86
16 14 82
18 15 57
11 19 99
11 13 91
15 10 64
15 10 57
13 16 50
17 11 78
11 11 77
19 20 51
13 18 96
17 16 72
16 15 95
13 15 90
18 17 56
11 18 72
10 17 56
17 19 84
10 13 74
10 17 91
14 11 56
11 18 54
14 10 53
14 14 91
13 18 59
13 13 78
18 15 77
13 12 57
12 12 96
15 16 96
15 15 80
10 19 95
18 13 81
20 17 68
13 19 69
12 18 84
14 13 78
14 18 65
13 15 51
19 13 53
16 15 51
15 15 65
10 14 76
10 14 70
19 10 52
13 14 87
17 14 64
16 19 86
14 10 64
12 15 65
10 20 95
12 10 79
15 17 57
11 12 93
10 17 61
14 10 63
19 11 84
13 17 100
12 12 57
10 20 89
13 20 59
14 18 98
20 19 63
18 15 61
14 18 83
13 12 67
16 10 70
17 12 98
17 17 52
18 19 89
16 19 96
19 18 54
17 10 53
13 12 56
13 19 71
15 17 85
13 20 92
16 14 57
15 11 92
11 13 65
16 20 94
17 19 59
20 10 75
12 19 76
14 18 81
15 18 89
13 20 60
13 15 82
17 14 99
18 15 71
17 12 92
19 13 99
14 20 72
14 15 70
20 18 52
17 10 92
18 20 87
20 16 71
19 19 80
17 12 68
20 15 62
10 16 60
19 11 67
17 18 56
18 14 82
19 10 95
20 19 93
12 12 50
17 19 94
10 18 71
20 16 99
14 11 99
17 13 58
13 11 83
19 14 70
13 17 86
19 20 94
12 13 77
17 17 65
14 10 93
10 13 78
16 14 74
11 15 57
10 18 58
14 19 54
20 15 64
10 13 85
19 17 78
15 17 70
11 15 95
19 17 94
13 19 75
19 19 94
13 17 98
14 14 70
10 13 51
17 12 93
10 11 79
13 16 86
17 11 78
16 13 74
15 11 50
10 14 65
