850 566
1 7
3 1
9 7
6 4
10 1
9 9
7 9
2 5
3 5
10 5
7 4
9 5
6 9
1 1
8 3
8 4
9 7
8 4
8 4
4 2
10 1
9 6
10 6
10 6
7 7
8 3
5 10
9 6
8 9
3 8
2 4
7 10
1 1
1 5
9 3
5 10
1 9
4 4
9 4
3 1
10 4
2 9
10 3
7 6
6 9
3 10
7 3
5 2
5 2
2 4
2 1
7 5
9 3
3 9
3 5
3 10
2 2
2 1
7 4
8 7
9 9
8 7
8 4
7 9
6 8
6 4
4 10
5 5
10 6
6 7
2 6
10 6
9 4
10 3
4 7
9 1
8 3
10 9
6 1
10 4
5 1
7 1
6 8
4 2
3 5
2 1
1 9
1 7
9 2
6 3
2 6
1 7
7 3
7 7
9 1
7 8
9 5
8 4
8 4
10 3
1 6
8 1
1 5
8 2
5 5
3 8
1 6
8 4
5 5
3 10
6 9
7 1
2 6
1 10
6 10
1 7
3 6
6 3
7 10
4 8
3 7
4 6
8 3
9 9
7 10
4 9
2 9
8 10
5 2
4 6
6 8
2 2
4 6
3 7
4 3
10 1
3 8
6 1
9 7
10 6
4 2
10 8
1 3
8 10
7 3
1 5
7 7
8 1
7 4
9 8
1 1
1 6
2 9
2 10
1 5
1 10
1 10
8 1
1 4
4 3
5 3
7 2
2 6
7 1
7 3
4 2
7 4
7 6
9 1
7 3
6 4
9 9
9 5
6 9
5 10
10 2
10 6
8 7
3 6
1 5
1 8
1 6
9 5
6 5
1 7
1 9
1 4
7 2
1 10
3 9
2 5
3 4
9 8
5 9
4 6
4 2
8 6
6 1
3 7
6 9
6 8
8 4
2 7
5 6
6 8
5 6
9 7
4 5
1 6
3 8
2 8
1 1
10 6
10 8
7 8
2 6
3 8
4 2
2 10
1 3
3 1
1 6
7 7
10 1
3 7
8 10
7 8
6 3
3 2
6 3
6 1
1 7
4 3
6 7
9 5
2 8
7 7
8 2
5 8
3 5
1 5
10 10
6 8
7 6
6 6
6 4
6 1
10 3
10 9
2 7
7 2
1 1
2 1
4 7
10 6
5 10
5 7
6 1
9 6
1 8
9 5
1 10
8 7
1 7
8 8
4 10
9 1
9 8
4 8
4 1
1 2
2 3
1 1
2 3
6 10
5 1
4 1
1 6
2 1
5 4
4 9
1 8
3 7
1 10
2 7
2 9
4 3
7 6
7 8
4 1
10 10
4 1
8 9
9 2
10 8
10 3
8 1
6 8
3 1
7 1
10 9
4 10
3 10
5 10
1 1
8 8
7 5
3 3
1 6
1 3
3 5
9 7
8 4
4 7
6 8
10 5
1 4
6 2
2 5
5 6
5 6
10 6
6 10
2 6
10 5
4 6
5 3
6 6
2 7
6 4
10 7
9 5
10 9
1 5
9 1
5 7
1 4
10 6
5 5
9 6
2 3
9 7
5 9
4 9
4 2
8 3
9 6
6 1
2 10
2 1
3 7
4 7
2 10
8 9
5 9
10 4
3 3
6 6
3 3
3 7
3 2
1 7
7 8
9 1
7 4
10 4
9 8
2 7
2 9
7 1
9 9
6 4
3 7
6 3
6 5
1 9
1 9
3 3
2 9
7 2
1 7
5 1
9 9
7 9
3 2
6 5
6 6
10 10
4 6
3 4
7 2
7 2
2 4
2 9
9 6
4 4
9 7
6 8
8 10
5 10
3 9
1 5
2 7
2 10
1 2
2 1
8 5
7 5
4 5
10 9
6 4
8 3
2 7
5 9
2 8
3 8
2 2
9 4
4 7
5 6
7 9
2 7
6 10
9 8
5 5
9 6
5 10
1 6
6 5
3 9
4 4
2 4
8 4
4 5
3 8
9 9
3 3
8 4
4 8
1 2
3 4
4 7
4 8
9 7
1 7
10 2
8 6
4 4
8 1
6 9
6 2
10 9
3 9
8 5
7 5
10 2
1 3
1 5
2 5
1 5
4 6
9 8
8 5
10 4
3 9
3 5
2 5
6 7
2 4
1 3
5 10
1 6
8 8
4 5
10 1
5 8
5 10
4 1
10 7
3 9
3 3
1 3
9 2
8 6
2 6
4 1
9 4
9 10
10 5
1 4
9 5
8 1
10 5
4 3
6 9
5 9
2 10
5 7
9 4
10 6
5 3
7 6
8 8
9 9
1 1
10 1
9 7
1 9
8 3
4 9
4 7
6 10
2 1
3 1
3 8
9 6
2 1
10 1
2 2
7 5
9 1
4 9
4 8
3 7
3 4
2 10
6 6
9 1
6 1
10 5
9 4
8 2
3 4
7 10
8 1
2 6
2 1
7 1
4 10
6 4
7 5
5 5
9 2
7 1
3 2
10 7
3 5
3 3
5 9
7 7
10 2
8 2
6 3
1 6
9 8
7 2
7 3
2 9
8 9
7 3
10 2
1 1
8 5
8 6
4 4
3 2
8 7
4 8
7 6
9 8
3 5
10 4
10 9
6 7
5 7
5 1
6 8
9 4
9 5
7 5
1 2
10 6
3 2
6 9
5 2
1 10
2 9
1 3
10 7
2 3
7 3
2 7
3 2
9 4
3 2
3 6
7 2
8 3
4 2
10 6
7 6
10 3
5 10
1 8
10 6
6 6
10 6
9 3
1 5
8 2
5 6
3 3
2 1
6 6
7 2
4 3
2 9
5 7
9 7
10 3
1 9
7 1
6 4
5 6
4 1
5 5
9 6
4 10
10 10
7 3
10 6
9 10
7 10
5 6
3 8
1 1
7 2
6 9
6 5
4 2
10 7
9 8
9 4
10 4
6 4
6 6
3 2
5 3
9 8
1 8
9 8
8 5
8 1
1 1
1 1
8 7
10 4
7 6
3 6
4 3
2 10
5 9
5 10
10 8
8 4
6 7
1 7
10 7
9 3
8 10
1 6
4 7
1 1
9 8
5 2
7 10
9 2
8 9
10 10
9 2
8 1
7 9
1 1
10 8
6 5
9 2
9 4
1 9
4 7
6 4
1 4
3 8
1 5
10 10
3 1
2 5
1 10
1 2
6 1
1 3
9 1
6 5
7 10
4 2
1 2
7 10
10 2
3 1
8 1
7 4
1 6
1 1
10 5
10 9
2 3
5 8
4 1
5 1
8 10
2 10
2 8
2 3
1 10
8 8
9 9
8 10
6 8
8 5
4 5
5 1
4 1
3 6
4 4
2 9
5 6
7 4
4 6
3 1
8 8
6 1
6 4
5 1
5 8
2 3
4 1
9 3
3 7
6 8
10 1
3 8
2 4
7 6
6 4
5 2
5 4
7 10
1 4
2 6
1 6
4 7
7 6
8 8
7 3
8 3
6 3
8 3
2 7
8 5
2 8
9 1
4 5
2 10
4 9
9 8
5 3
2 6
4 3
5 10
2 2
3 10
10 10
1 10
1 8
8 10
4 6
10 8
10 10
4 9
10 8
3 3
3 10
4 7
7 8
5 6
2 10
7 8
3 10
6 5
6 2
3 1
7 8
6 3
6 4
10 9
4 5
4 2
3 10
5 9
9 1
3 4
1 2
10 2
7 9
2 4
1 9
6 8
10 3
5 6
4 2
7 8
9 2
9 9
7 4
9 5
7 7
1 9
7 3
10 8
1 3
7 3
5 8
4 2
7 3
1 1
7 5
7 7
5 4
8 3
2 3
3 5
6 2
8 6
8 8
4 10
5 1
4 3
4 1
9 9
1 1
6 1
16 11 71
17 20 100
20 16 59
10 16 59
15 13 94
16 19 92
13 10 84
15 15 66
20 13 97
11 20 56
13 15 87
14 20 76
12 15 60
19 16 93
11 18 56
17 12 81
13 17 82
12 12 69
10 17 79
18 12 67
14 13 56
14 10 82
12 12 97
18 11 83
20 14 70
10 20 76
12 14 50
20 15 75
14 15 80
14 20 69
19 20 60
15 12 63
16 10 55
11 19 68
12 10 95
19 10 50
13 12 86
18 15 91
18 18 63
18 15 90
15 14 57
11 12 92
11 10 85
18 11 50
12 18 67
15 11 76
17 14 91
10 17 51
12 16 66
10 20 78
20 16 52
13 14 53
19 20 84
19 20 73
19 11 68
20 11 62
12 10 57
15 17 63
20 16 70
20 10 65
17 11 93
16 10 67
11 13 78
12 15 51
10 11 91
13 12 70
12 20 73
12 14 85
16 20 86
20 11 99
11 16 69
20 11 80
19 16 98
10 11 96
17 12 96
18 10 80
10 10 67
13 13 53
20 10 54
10 14 95
14 17 83
14 19 81
11 20 59
19 18 100
18 15 62
16 14 76
17 12 58
18 14 85
11 16 71
12 18 78
14 16 85
12 14 51
12 15 58
17 12 61
11 20 91
16 19 99
12 13 86
15 16 64
18 15 81
18 15 70
15 14 98
16 18 95
11 14 94
14 20 54
16 16 61
20 19 55
12 15 53
17 14 97
18 18 92
10 14 82
19 10 63
20 11 89
14 13 89
15 14 65
16 17 52
13 15 69
12 18 93
17 20 62
14 11 100
18 16 57
12 16 69
15 10 85
19 17 79
10 20 92
19 11 80
12 15 91
14 18 56
11 16 56
20 20 87
13 17 56
18 12 75
11 19 86
13 12 50
20 15 93
16 20 59
17 16 96
15 17 50
13 20 58
18 12 51
13 15 79
11 11 80
11 14 67
13 13 71
11 14 78
11 17 69
13 17 97
17 17 93
14 10 96
17 16 91
12 20 80
15 18 83
20 13 93
17 13 55
19 15 75
19 13 55
11 13 99
18 13 88
19 19 51
13 19 78
10 10 72
14 15 75
15 20 77
15 20 70
11 14 50
16 16 56
15 12 78
12 16 89
16 14 58
11 11 58
10 20 89
11 12 75
10 10 80
18 18 62
17 20 73
14 17 94
15 10 89
10 10 99
20 11 68
17 12 68
13 13 97
20 10 75
16 18 85
14 18 85
16 12 96
15 16 87
18 15 59
14 12 55
20 18 76
19 17 88
20 12 95
11 13 57
13 10 57
16 16 51
10 11 81
11 14 63
12 18 88
18 14 80
10 11 79
12 16 54
13 13 69
15 20 52
11 18 51
15 18 97
15 20 90
17 13 63
13 14 56
14 14 63
11 16 88
12 20 77
11 15 92
12 16 97
13 13 68
20 20 59
16 14 85
19 14 99
11 13 78
15 18 58
20 17 93
18 19 93
17 15 67
16 19 57
13 20 50
14 14 53
17 12 96
14 16 56
16 15 74
14 17 91
19 12 70
20 14 72
13 18 57
18 14 88
10 14 75
17 19 82
13 12 84
15 10 79
11 16 83
11 10 72
10 18 72
14 13 74
13 14 59
18 10 90
10 18 87
15 16 86
15 10 80
18 17 52
14 10 77
13 15 99
17 13 79
10 19 90
17 17 97
15 12 96
10 18 70
13 20 83
13 16 77
11 12 53
12 13 53
10 13 57
12 11 84
10 17 62
17 16 54
14 16 66
17 10 69
19 20 58
15 18 70
12 16 92
10 17 73
12 10 69
11 17 61
17 13 59
14 19 72
17 13 78
10 13 70
20 11 63
14 10 56
18 17 87
12 10 91
20 18 64
16 12 73
11 10 95
17 16 70
14 19 65
13 10 85
11 17 53
15 16 85
11 11 88
11 14 62
15 10 96
17 19 77
18 18 80
19 13 60
20 10 95
14 17 58
12 14 66
11 19 65
18 13 89
13 18 94
16 14 98
17 14 92
18 16 95
17 10 56
14 17 56
20 13 63
11 18 81
18 13 51
13 16 78
17 10 90
12 19 66
18 11 98
18 15 68
11 15 54
14 14 80
17 17 77
12 16 67
11 13 76
16 10 67
11 19 51
17 16 90
13 16 74
20 18 89
17 15 100
16 10 71
16 16 87
12 18 59
18 11 51
14 19 82
17 12 62
18 10 87
15 13 51
20 19 65
11 16 87
14 11 88
19 20 66
14 10 67
20 20 61
11 12 92
15 17 63
10 20 69
20 20 93
14 17 55
11 19 64
14 10 97
18 14 51
17 20 55
17 13 70
17 15 63
15 10 84
19 12 79
17 14 81
20 17 64
15 13 74
12 18 74
20 15 82
18 15 56
15 18 62
17 12 85
18 13 75
14 10 74
15 15 57
20 18 86
10 10 66
17 20 89
12 18 85
19 19 83
12 11 98
16 20 76
19 17 84
17 10 67
16 19 94
15 14 84
17 13 57
16 19 86
12 12 68
17 13 65
15 18 65
14 18 75
15 13 65
14 20 74
14 12 89
18 16 59
19 10 98
16 20 52
18 14 74
20 18 54
18 18 91
18 20 81
16 14 67
15 18 71
10 18 96
15 12 61
16 15 77
19 14 57
11 10 93
20 10 59
18 11 89
10 17 51
20 11 61
10 20 68
17 15 53
18 13 96
10 18 65
16 10 89
10 12 72
16 12 73
19 16 81
13 13 78
14 16 68
12 17 78
17 10 82
18 16 56
10 12 89
19 16 73
11 18 73
20 20 99
19 17 54
16 15 64
16 19 94
17 13 68
19 14 50
14 15 73
11 12 91
14 14 92
18 17 50
13 10 71
20 16 85
18 10 60
15 10 99
11 20 85
13 12 73
13 15 86
18 12 80
14 16 73
10 10 75
19 18 85
12 11 63
16 13 65
13 15 97
18 17 98
17 14 80
18 15 85
18 11 64
12 14 83
11 19 61
14 17 90
15 12 50
15 11 52
14 17 69
10 14 99
20 17 94
17 12 95
12 18 59
19 14 68
20 15 58
20 13 61
16 17 57
20 16 87
20 20 88
16 11 63
20 19 76
20 17 50
15 13 79
19 18 67
20 17 60
13 15 96
17 19 50
16 18 84
16 17 64
11 12 62
12 13 58
14 13 84
12 19 68
19 14 76
17 18 74
15 10 98
20 14 55
13 19 99
17 19 78
10 13 95
11 14 62
10 16 52
20 14 90
18 20 50
19 20 72
12 18 60
19 12 76
18 15 87
14 14 79
11 10 71
10 20 74
13 20 82
20 14 60
12 19 89
18 10 72
16 18 83
14 10 67
13 20 62
18 10 88
17 18 54
19 13 83
18 20 82
19 18 76
18 14 79
13 17 58
20 18 98
19 14 64
11 11 89
17 14 81
10 19 88
15 15 60
19 16 85
19 16 70
12 11 67
20 13 58
13 14 82
19 11 81
12 18 54
17 18 99
14 13 94
10 11 65
13 20 64
19 15 55
11 14 62
17 10 74
17 15 75
10 15 77
14 17 96
15 14 84
19 11 74
12 20 83
18 17 77
19 17 88
15 11 96
15 16 99
14 10 97
12 18 86
15 19 73
19 20 89
10 13 62
17 15 77
19 18 79
10 19 83
19 14 71
17 19 53
11 20 58
16 13 61
14 16 98
12 17 65
19 18 96
14 20 69
14 14 92
18 13 59
19 11 77
13 10 65
10 15 78
17 20 98
14 11 51
16 13 53
17 18 75
13 20 73
18 14 50
18 11 59
20 11 61
19 13 77
15 17 52
14 19 91
15 10 91
17 18 77
