900 600
2 7
8 1
9 10
6 4
5 2
10 8
10 5
5 1
9 6
2 7
9 1
9 1
10 4
10 7
8 10
6 4
8 2
5 5
10 10
3 8
5 10
10 3
3 9
9 7
2 7
5 6
4 7
4 3
3 1
9 2
9 8
8 9
10 6
7 2
8 3
10 7
10 3
8 7
6 1
6 3
2 3
9 3
10 9
3 3
2 8
7 4
4 7
2 4
5 6
5 8
8 8
9 9
6 6
3 5
9 10
5 8
6 7
5 4
7 5
6 1
7 8
4 2
1 3
8 5
9 5
9 6
2 3
10 3
8 2
3 7
9 8
3 5
6 7
6 3
10 2
8 5
5 10
1 9
9 9
6 7
1 3
7 5
7 7
9 8
1 4
9 7
10 5
9 2
1 9
10 8
8 9
9 7
3 6
7 9
1 3
6 4
1 9
9 5
3 8
8 3
2 2
10 9
4 6
6 9
8 7
3 5
7 6
8 10
3 9
2 3
8 7
3 1
4 2
1 10
4 8
5 4
9 2
3 8
8 8
5 3
1 8
10 7
4 10
6 6
3 1
3 6
2 3
3 8
3 10
1 2
1 5
7 5
8 1
5 1
3 5
5 2
3 7
5 10
3 4
7 8
2 7
4 10
3 6
5 5
2 2
2 9
4 3
10 9
6 9
3 1
4 4
2 7
4 9
1 2
2 8
6 1
9 1
5 9
2 8
2 2
4 7
3 1
9 10
8 2
5 9
6 2
3 5
10 6
5 7
9 4
6 10
2 10
2 3
6 9
9 4
2 6
3 8
5 3
1 8
3 1
6 7
5 9
7 9
3 3
1 10
5 10
1 2
6 5
3 7
4 7
2 7
4 5
9 3
2 3
5 10
6 9
3 1
9 9
3 3
8 6
9 10
6 9
6 3
6 9
4 10
3 9
5 9
9 1
6 4
6 7
8 3
3 4
5 7
6 1
9 8
8 1
1 3
6 9
8 8
8 5
1 3
9 5
2 2
2 10
3 1
2 4
10 4
2 7
5 3
8 9
3 5
6 7
10 10
9 4
2 6
1 3
5 3
7 1
4 2
1 6
1 2
6 9
5 1
10 6
2 7
4 10
7 2
8 7
8 8
6 1
8 3
8 7
3 4
1 10
2 7
5 1
3 8
3 7
3 2
9 7
2 4
3 9
10 1
8 10
7 3
6 4
6 5
6 10
1 3
4 3
8 5
7 6
1 1
1 4
4 3
9 8
9 2
8 7
10 7
10 7
8 1
8 6
10 9
5 8
7 3
8 1
1 4
1 5
10 1
5 9
4 6
10 4
2 3
2 10
7 8
1 3
2 6
1 6
10 4
4 10
8 5
1 1
10 8
10 6
7 10
1 9
5 3
2 2
3 2
7 6
9 3
10 5
4 4
1 9
1 6
4 10
3 9
6 2
7 5
5 4
10 1
1 1
3 5
8 3
4 9
8 9
6 10
4 8
6 8
7 3
6 3
3 3
9 5
1 6
10 10
1 1
6 6
10 1
1 4
2 6
1 6
3 9
1 8
7 6
2 2
1 1
9 5
10 7
6 5
4 3
8 5
2 3
6 1
5 2
8 1
7 1
4 3
2 8
7 10
1 8
9 7
2 5
10 6
10 8
10 6
4 6
2 7
3 8
2 5
7 7
3 5
7 10
5 3
5 9
10 3
4 3
5 4
2 9
9 6
10 8
4 9
1 1
10 9
2 10
8 6
9 1
9 8
2 6
9 2
4 5
10 10
2 10
6 9
4 4
1 2
2 1
3 6
7 4
2 7
3 4
3 8
10 7
1 10
8 6
4 8
5 10
7 7
4 2
8 6
1 5
4 3
6 2
6 4
6 7
6 8
6 2
7 3
4 3
4 5
3 6
8 7
4 3
9 5
2 6
10 5
3 8
9 3
5 2
7 2
9 10
7 6
7 5
4 3
5 1
5 7
2 2
8 4
8 5
4 6
6 7
1 4
2 6
10 8
7 6
9 4
9 5
6 2
7 10
8 4
5 1
2 7
6 1
7 4
2 10
10 5
3 7
4 2
2 10
5 4
5 8
6 2
5 3
4 5
5 1
4 7
6 2
6 10
5 8
5 10
1 2
5 2
6 3
1 1
8 8
2 9
9 8
1 6
2 4
1 7
6 10
6 10
10 8
4 4
6 10
3 2
6 10
9 9
4 1
4 1
6 1
8 8
5 7
2 4
2 4
5 9
1 4
5 2
10 5
6 8
2 4
4 7
3 2
1 9
3 5
5 7
2 1
9 2
2 4
5 9
8 3
2 4
9 3
2 2
1 8
1 6
6 7
3 2
3 4
10 2
4 4
9 5
8 5
6 2
9 9
2 3
1 9
3 2
9 5
4 9
1 8
1 7
10 1
7 1
5 2
3 8
3 2
8 1
8 7
1 5
8 7
6 5
4 8
4 7
1 8
4 1
1 8
10 5
5 7
1 5
3 9
9 7
9 6
9 9
1 5
2 6
9 5
6 4
3 8
1 1
4 3
1 2
10 9
6 3
9 7
3 10
4 1
5 6
9 6
8 2
4 6
5 1
4 5
2 1
3 9
10 8
6 3
8 7
9 2
4 5
3 8
7 6
2 8
7 1
3 8
6 4
9 2
4 6
1 8
4 2
2 3
10 3
8 10
9 9
9 8
3 7
7 8
1 9
3 3
7 9
1 6
7 2
7 7
4 2
7 5
2 10
8 6
8 9
8 9
1 10
8 7
8 10
6 2
10 1
9 6
2 10
5 8
2 7
6 3
6 4
6 8
8 4
8 9
6 5
4 7
5 6
7 8
7 8
1 2
8 2
7 4
1 2
1 5
3 5
5 4
2 7
8 6
7 4
4 5
10 1
9 3
10 10
3 8
8 6
8 3
1 1
9 7
8 7
4 8
5 3
8 2
7 2
10 8
9 7
2 6
7 10
6 2
4 4
3 9
7 7
6 5
9 5
4 3
7 5
7 8
5 4
5 3
8 3
5 5
5 5
8 2
10 8
7 1
8 4
1 8
7 8
2 1
8 5
8 2
2 7
8 4
10 8
4 8
2 4
5 8
10 6
3 10
6 6
3 1
4 5
9 4
1 7
8 1
8 1
3 7
10 8
10 4
4 7
3 2
2 7
8 1
8 3
1 10
5 4
5 4
4 5
6 5
4 2
7 4
9 10
7 4
9 8
5 6
6 6
7 1
8 5
6 5
9 8
6 6
7 4
4 8
4 1
4 6
1 1
4 5
8 2
10 5
9 5
3 6
2 3
7 2
8 6
4 3
1 8
4 3
1 4
8 1
6 7
10 5
3 1
6 6
9 2
5 10
2 1
1 4
1 9
3 5
6 3
6 10
3 10
4 2
2 6
10 2
4 9
5 7
7 6
5 7
2 9
8 6
4 5
7 3
8 9
9 1
3 10
8 8
4 4
9 5
7 4
4 8
6 8
1 2
10 1
3 1
2 5
2 2
4 1
9 9
7 4
8 6
9 8
7 6
2 7
7 8
5 5
5 5
1 3
8 3
7 8
7 5
8 1
5 1
6 1
3 4
3 2
2 7
7 6
5 10
7 1
4 7
3 1
5 2
2 7
1 2
1 4
8 7
3 5
8 5
8 8
4 10
10 5
7 3
9 9
4 6
9 2
8 8
9 1
5 3
9 3
8 10
9 5
4 4
1 3
2 5
10 1
7 5
10 3
1 10
6 10
10 2
6 1
3 1
6 3
1 9
9 7
10 8
6 7
2 9
7 5
3 8
5 5
3 2
5 4
5 8
7 10
9 8
1 7
6 9
5 4
5 5
1 5
2 1
8 9
10 5
1 3
2 4
9 8
9 2
1 5
1 7
2 6
2 5
4 6
7 2
5 2
3 10
10 2
2 10
1 10
7 4
10 7
6 1
2 10
2 3
4 9
1 10
5 2
4 2
4 5
1 2
1 2
4 5
3 9
4 10
7 3
4 1
8 4
10 5
3 7
7 9
8 6
8 6
3 10
6 2
2 9
6 7
1 7
2 10
9 1
9 10
4 3
7 10
19 19 86
13 13 83
11 15 87
16 13 69
20 15 50
11 17 68
10 12 67
15 18 51
15 20 84
11 18 62
16 16 88
13 18 61
10 14 68
11 12 85
13 18 96
19 10 51
13 15 83
12 10 72
20 12 93
12 11 50
20 14 76
20 13 79
19 12 90
14 11 89
12 13 52
17 14 95
16 12 86
17 14 83
17 15 66
12 19 54
10 11 57
11 14 83
11 18 85
16 12 62
14 16 62
10 17 79
12 14 81
19 13 59
19 19 84
11 16 70
20 20 98
18 18 74
13 11 64
10 17 54
15 15 100
17 12 84
13 20 52
15 18 97
10 16 53
15 11 91
11 15 50
19 17 72
14 11 77
10 13 98
16 13 76
20 20 78
12 18 82
10 17 69
17 18 100
17 14 65
15 19 95
10 11 60
13 14 71
10 10 85
15 14 91
12 13 53
14 15 56
14 18 93
15 10 67
13 13 64
13 18 90
19 12 77
16 20 57
17 12 78
16 11 90
12 20 96
18 20 95
13 15 94
20 12 87
13 15 78
10 17 96
12 15 85
11 19 67
19 18 78
16 10 98
12 12 75
18 15 66
20 20 75
16 19 100
20 16 62
10 10 56
11 20 91
11 13 85
17 20 90
13 20 98
17 15 84
15 18 55
13 16 83
13 18 75
14 12 86
12 16 96
17 14 100
13 11 71
19 14 56
17 15 63
12 16 86
10 20 65
13 14 95
19 17 63
13 20 85
17 14 96
10 20 99
20 19 80
15 17 59
13 18 88
17 12 91
14 16 94
19 18 90
14 18 88
18 10 97
10 15 84
16 15 84
17 19 70
15 12 74
16 13 59
13 13 60
10 15 95
15 16 97
10 14 56
10 19 80
17 14 95
14 20 74
13 13 95
19 14 96
11 14 58
19 19 75
11 18 57
12 16 80
18 14 95
17 17 62
19 12 57
18 17 80
20 12 66
14 12 67
19 17 57
19 20 78
17 10 60
18 15 73
10 10 59
11 10 69
19 13 95
13 16 55
14 12 93
18 18 66
16 20 88
11 19 84
10 10 61
16 10 97
17 20 93
11 13 88
19 15 56
17 10 95
18 11 67
13 12 82
20 11 76
13 17 98
16 11 77
12 15 74
14 12 51
10 19 95
19 20 52
12 15 63
20 10 67
14 18 88
17 19 52
11 15 82
18 11 74
13 18 54
14 15 65
12 19 70
16 12 83
13 15 82
18 16 69
19 17 53
19 17 95
17 14 92
16 20 98
13 14 77
17 13 96
13 17 69
20 18 51
11 12 76
11 18 89
15 10 65
17 15 79
11 19 73
18 18 63
12 18 96
20 18 71
13 10 86
10 14 71
20 13 53
15 14 97
17 12 83
14 16 73
14 14 59
20 17 81
20 16 69
13 13 73
16 16 99
17 20 59
16 14 52
20 12 73
19 17 96
12 20 76
10 11 96
13 14 89
12 15 92
17 16 79
13 11 64
12 20 77
20 10 57
13 10 52
13 16 56
10 17 93
20 20 96
12 12 74
17 12 61
14 12 93
18 13 69
11 17 69
11 15 100
15 12 91
20 17 50
10 15 93
15 17 55
14 19 60
13 18 92
16 13 56
18 10 99
20 19 73
16 16 52
14 19 72
14 14 59
20 16 73
12 20 55
18 17 54
19 10 50
15 18 64
18 19 100
18 18 66
11 10 74
12 11 87
12 16 86
17 19 71
11 19 56
18 15 85
19 12 57
12 14 93
12 13 61
17 16 51
11 14 63
15 19 65
17 17 96
15 19 60
13 12 97
11 18 72
18 19 92
12 10 85
20 17 99
20 14 86
16 14 69
14 20 73
10 14 98
20 15 60
12 12 57
13 20 100
18 12 50
13 16 65
11 13 97
12 11 61
18 19 97
11 14 79
12 17 51
13 11 98
13 16 67
17 10 50
19 13 90
11 12 67
17 16 73
12 19 67
10 19 77
18 12 96
17 17 57
11 18 59
10 14 94
15 13 85
18 11 87
20 16 90
13 17 58
17 11 65
13 11 89
14 12 100
13 14 88
11 18 57
19 16 70
14 18 77
16 20 73
19 11 93
18 11 66
13 20 52
16 15 82
15 20 52
15 14 79
19 10 98
18 11 80
20 16 94
19 17 72
20 12 67
19 11 65
18 15 92
20 11 58
14 17 95
11 13 84
12 11 52
18 11 63
11 16 98
13 12 60
15 18 77
14 11 83
15 17 89
12 16 79
13 18 58
16 15 76
20 20 88
20 14 80
13 14 92
11 19 60
10 14 81
13 12 59
14 13 78
14 12 63
10 13 63
14 15 86
15 11 66
17 17 72
12 15 63
18 17 73
15 12 53
17 20 60
16 17 68
10 17 51
13 15 60
12 20 61
12 15 96
16 13 77
16 10 78
12 13 57
12 15 86
15 10 63
11 12 80
10 20 51
16 18 67
12 18 70
11 19 93
18 12 78
10 11 53
20 11 59
10 10 66
13 11 53
15 13 99
18 20 51
19 13 97
15 16 96
18 15 83
12 14 69
17 19 85
17 13 85
19 15 76
13 12 82
20 11 76
10 12 93
18 17 56
10 19 88
18 16 92
13 13 90
12 13 54
10 13 76
16 20 69
16 15 94
19 14 72
10 17 50
10 14 77
12 16 86
18 17 66
12 16 91
13 18 89
18 10 100
10 14 56
20 11 64
13 11 100
16 13 81
13 18 60
16 20 78
16 18 91
20 13 90
13 17 58
14 15 76
15 12 73
19 14 59
12 20 53
18 10 84
12 12 59
20 11 58
20 19 54
14 15 100
17 14 55
12 15 80
10 10 91
16 17 97
18 14 100
17 18 99
11 10 89
11 17 61
19 11 51
17 17 65
16 15 59
17 20 91
10 11 56
12 16 59
19 12 65
15 11 57
20 12 78
10 17 70
18 15 83
13 17 73
10 18 57
19 18 75
12 16 98
15 16 75
15 20 57
19 18 63
20 14 60
15 17 60
10 12 62
14 19 57
15 17 87
14 12 66
15 14 78
19 20 66
16 19 86
17 13 94
16 13 73
11 13 53
16 15 74
15 11 97
13 17 75
15 15 65
19 14 62
20 19 64
12 10 63
15 10 92
17 15 60
13 12 75
11 13 87
12 18 53
18 18 90
18 16 64
20 12 79
16 18 63
13 10 88
14 11 65
13 18 53
16 16 90
17 11 59
18 14 56
18 20 50
19 12 79
10 12 72
16 20 72
17 12 52
16 13 93
13 12 68
14 10 58
19 16 56
17 17 79
19 11 61
14 20 55
15 10 81
20 13 97
14 16 81
19 17 88
16 16 100
16 11 74
19 11 94
17 12 99
20 12 98
14 12 63
15 13 84
16 12 88
20 12 89
12 16 90
12 10 58
12 12 74
16 13 86
18 16 66
11 13 87
15 18 86
13 10 86
17 12 90
19 12 51
14 13 56
14 17 89
16 12 81
16 13 79
13 14 85
18 12 59
14 13 85
14 11 100
10 14 71
15 10 72
15 11 72
13 20 88
16 17 88
15 11 85
12 10 75
12 20 95
11 20 90
10 13 64
20 16 64
13 15 81
12 10 95
17 16 68
18 11 57
12 14 65
11 15 50
20 16 76
18 14 66
20 10 64
18 14 78
12 10 80
10 14 51
13 10 82
15 20 83
12 16 76
12 18 53
13 10 69
17 10 84
19 14 67
14 19 91
13 14 81
19 10 52
10 12 76
10 16 84
17 20 61
12 12 83
16 20 57
18 10 69
15 13 68
16 12 81
12 14 74
15 12 93
12 19 84
17 17 80
18 10 89
11 11 69
12 10 86
12 14 74
13 20 79
10 19 52
17 20 61
20 15 70
11 10 75
19 12 64
17 19 74
15 20 51
14 15 74
18 13 98
11 16 76
16 13 100
17 17 60
18 13 75
11 10 84
16 12 96
16 15 65
18 11 88
16 16 65
16 12 51
14 12 61
14 13 90
17 19 62
12 16 85
20 14 71
12 14 98
11 14 100
14 14 59
14 18 73
20 10 56
14 12 61
20 20 98
