950 950
8 2
7 7
5 4
9 5
8 9
6 5
10 2
3 8
10 6
7 8
8 5
7 10
1 1
5 4
1 10
5 10
9 10
4 3
8 5
5 9
6 1
4 1
6 6
4 5
9 4
2 9
8 2
10 4
8 3
8 10
9 3
3 10
7 8
9 8
2 5
7 1
3 3
10 6
5 4
3 4
10 2
10 10
3 9
2 6
7 6
7 3
9 2
4 10
9 1
4 6
5 4
4 4
2 6
8 3
10 8
8 10
4 2
9 2
10 8
2 8
5 7
7 7
2 5
4 6
4 6
3 2
7 7
9 10
2 8
6 7
3 6
3 10
3 8
10 4
5 8
9 7
10 3
5 2
10 5
3 2
9 4
5 8
3 1
9 5
10 6
6 2
9 8
6 8
2 1
5 3
7 5
1 9
7 5
5 10
1 6
5 2
2 9
4 5
6 5
2 5
2 7
2 8
6 4
9 2
1 4
10 6
9 10
3 10
1 1
10 1
1 4
4 7
1 7
6 5
6 1
7 10
2 2
10 9
5 6
2 10
1 2
3 5
8 10
10 3
10 8
2 3
5 3
10 1
7 5
2 8
1 3
9 8
9 6
2 4
5 6
6 4
5 2
5 5
2 3
10 10
1 3
10 2
4 9
3 10
2 6
2 3
3 10
8 4
6 7
1 8
3 4
7 10
2 3
9 4
6 8
5 8
6 7
1 5
7 1
2 9
6 7
7 6
8 4
10 10
4 3
2 10
2 2
6 2
8 5
8 7
2 3
5 3
2 1
3 1
10 9
5 10
8 9
3 6
10 2
7 4
5 10
9 10
8 3
6 4
4 4
4 5
7 2
4 3
5 7
2 2
3 2
2 4
1 8
8 9
8 2
9 4
9 7
8 1
10 3
4 4
4 3
7 5
7 2
5 4
5 6
3 10
10 3
9 2
1 6
6 8
7 9
2 2
10 5
1 4
2 4
2 1
1 10
2 1
10 2
9 7
9 6
8 1
5 8
10 2
9 6
2 5
7 1
3 5
7 1
4 10
8 8
5 9
5 10
1 6
5 10
2 5
5 9
2 8
9 4
1 2
4 9
9 5
4 9
4 9
3 9
6 2
2 8
5 1
6 1
9 4
4 4
1 9
8 2
2 6
5 9
3 9
6 4
10 4
6 8
3 7
6 5
2 7
1 4
2 4
6 1
3 1
6 8
1 1
5 10
1 1
7 1
7 2
6 3
8 7
7 10
8 8
10 6
4 3
10 9
7 4
6 1
3 1
8 1
6 2
8 5
5 1
9 7
8 9
1 3
8 8
1 8
10 4
9 10
8 2
10 7
2 4
9 7
10 3
3 3
3 9
1 7
3 2
6 2
7 10
9 10
2 5
9 3
7 6
5 7
6 6
9 2
8 3
10 4
4 5
3 7
6 6
5 9
4 7
4 4
5 3
1 8
8 7
9 9
5 1
7 8
1 2
7 3
10 5
9 7
6 2
2 1
4 7
7 7
3 7
2 4
10 7
7 6
6 5
6 2
9 2
4 5
6 4
1 7
10 8
6 1
8 8
1 2
6 8
5 3
1 1
9 9
2 2
7 9
7 8
8 5
2 8
4 4
1 6
9 3
1 7
7 7
1 8
3 7
2 4
6 5
6 4
3 3
9 1
6 8
4 3
9 2
8 3
10 2
6 5
8 8
4 2
5 7
2 1
4 2
9 4
7 4
9 4
7 3
10 8
2 9
6 5
9 9
10 5
1 6
2 10
8 5
5 8
8 7
3 6
4 5
7 8
4 4
1 7
8 10
1 2
2 4
5 4
10 3
3 7
8 5
9 8
4 2
9 8
7 8
5 9
7 9
10 3
7 8
4 4
5 9
2 9
8 7
8 5
6 4
7 9
10 6
9 7
3 9
5 5
6 10
3 8
3 5
2 2
7 5
2 1
9 9
4 6
8 10
2 8
6 5
2 9
5 1
3 8
1 6
2 10
2 8
7 10
1 7
6 7
10 8
2 2
7 2
3 1
10 8
6 5
8 6
7 1
1 4
1 3
9 3
9 10
3 8
3 8
6 2
2 2
4 8
6 2
2 5
8 10
1 3
10 3
2 9
5 6
6 8
5 6
6 6
7 4
1 6
5 7
10 2
6 1
4 1
2 6
5 8
10 6
4 2
10 7
1 4
10 9
5 7
5 5
2 3
9 4
6 9
2 3
2 8
8 6
8 6
10 3
5 2
6 1
3 8
5 1
6 1
2 8
2 2
10 1
2 10
7 10
6 10
7 7
3 2
3 2
10 6
3 1
8 9
8 6
10 4
9 5
7 7
6 2
4 3
10 1
9 2
1 3
7 9
7 1
1 6
10 7
9 10
7 4
4 1
2 10
9 3
3 9
7 7
6 7
1 8
6 10
9 4
8 6
5 6
5 8
5 1
6 2
6 10
10 9
9 10
9 8
2 5
4 7
9 3
2 3
4 2
5 5
6 7
8 4
9 1
2 8
4 3
4 4
8 10
9 8
9 4
8 1
1 2
6 10
7 9
3 9
6 8
10 7
8 4
5 9
2 1
9 7
10 4
6 5
10 8
9 4
4 3
7 2
1 1
4 2
9 4
6 1
1 6
8 9
9 10
9 4
1 6
3 10
6 10
8 8
9 4
7 4
10 3
10 10
7 5
4 2
5 8
1 9
2 7
2 4
9 5
1 10
10 6
2 6
9 5
6 7
2 10
9 8
8 7
6 2
2 10
4 8
2 8
2 9
1 5
1 1
3 5
10 1
9 9
10 6
9 5
4 4
1 3
5 5
6 4
4 9
6 7
9 4
4 2
9 10
2 10
5 2
8 7
5 5
1 1
6 9
5 1
5 6
4 5
5 6
3 8
5 8
1 4
6 3
4 3
3 9
6 2
10 3
7 9
9 10
8 6
6 6
8 4
9 9
7 5
6 3
10 10
3 5
4 5
7 4
3 1
7 6
2 3
2 4
5 3
3 10
10 1
2 3
6 8
7 2
9 6
10 7
5 6
1 3
4 6
5 2
3 10
7 4
7 1
2 6
10 7
2 10
7 1
8 5
6 2
2 5
3 6
2 2
2 1
6 10
6 5
6 7
6 2
7 1
1 1
4 6
6 8
2 4
3 6
6 8
3 3
4 5
9 7
7 8
4 10
9 10
4 8
6 5
8 2
2 6
9 3
2 4
6 1
9 1
6 10
8 8
10 9
9 9
3 2
3 5
8 7
1 10
5 8
8 2
2 1
9 5
6 9
2 1
8 4
8 5
4 7
7 1
4 1
5 7
6 2
8 3
4 3
3 2
8 4
4 9
2 5
5 8
8 7
1 9
10 9
3 5
1 10
3 6
6 7
9 10
5 3
10 1
9 10
7 9
2 8
5 10
2 5
10 3
10 3
9 7
9 3
7 10
7 3
6 1
7 7
1 4
2 4
4 1
9 9
4 4
10 6
8 4
3 2
10 2
5 10
2 7
6 6
10 1
6 2
8 1
3 7
5 6
2 6
9 8
2 1
2 2
5 8
1 9
8 8
6 5
10 10
4 6
8 8
10 7
3 6
6 8
8 2
9 8
4 4
4 7
1 7
6 6
6 7
6 7
6 5
3 10
6 9
10 9
9 7
6 2
4 2
3 4
9 6
8 8
7 4
10 2
6 4
8 6
8 7
8 8
5 7
4 1
5 4
2 7
3 1
9 5
2 9
6 7
4 3
9 8
8 10
10 2
1 2
7 6
7 8
3 10
4 4
1 1
8 2
9 3
3 1
9 2
1 5
7 10
2 2
4 10
4 8
7 7
10 8
10 8
3 6
3 4
9 6
4 6
7 4
7 9
7 9
4 2
1 7
5 1
7 7
6 5
5 1
3 2
1 3
3 10
7 5
10 2
8 1
4 5
10 4
7 3
8 7
5 10
4 2
2 4
7 3
7 6
1 6
8 7
3 3
7 6
9 9
1 5
9 8
8 7
9 3
6 6
7 3
4 10
6 1
9 9
9 7
4 10
9 3
5 1
2 9
2 4
5 10
7 5
1 1
7 5
7 7
9 9
10 3
4 6
5 4
7 1
6 2
9 8
2 10
6 7
2 8
1 6
7 2
8 9
6 5
8 1
9 10
2 8
6 9
7 10
4 9
1 1
7 10
10 4
4 10
6 8
5 10
3 7
1 4
7 9
8 5
7 9
4 4
5 10
3 3
10 5
10 7
10 2
7 4
1 3
3 10
5 9
10 9
3 2
8 1
7 2
6 5
8 2
4 6
4 9
13 11 61
18 16 100
17 20 76
11 18 58
16 10 55
12 20 65
14 17 79
16 14 77
14 19 67
19 12 98
16 11 72
11 17 97
16 17 95
20 13 63
15 20 61
18 13 67
11 20 75
20 15 67
15 14 83
14 17 94
14 17 87
13 17 83
12 11 58
14 18 51
10 15 53
11 10 54
19 18 63
16 18 53
13 13 71
14 15 98
13 16 89
12 13 81
11 17 55
16 16 50
18 14 96
11 10 76
10 11 81
12 13 98
12 19 51
10 19 98
11 14 94
16 14 99
15 12 73
17 20 95
19 13 88
19 13 93
14 13 92
18 14 81
14 15 83
20 14 93
10 14 69
10 13 87
16 15 67
20 16 94
17 10 78
17 17 68
19 14 51
19 19 82
20 17 66
16 14 63
15 12 64
15 17 68
17 19 64
13 11 72
18 20 68
11 12 100
13 12 69
18 19 70
20 12 63
12 16 51
20 14 52
12 14 52
16 13 69
20 10 56
19 12 78
12 11 97
15 10 80
13 18 78
12 14 88
16 11 61
16 14 77
15 15 75
15 11 79
16 10 61
20 20 96
16 18 57
18 14 86
14 18 83
15 12 61
20 15 81
16 11 61
10 13 72
11 16 72
17 17 83
13 17 83
19 12 93
20 12 83
12 16 77
11 20 97
19 18 58
17 13 71
20 13 83
19 13 61
14 18 87
14 19 53
13 17 72
11 12 65
12 13 96
16 10 81
12 10 85
15 11 87
12 12 60
14 12 80
18 17 63
10 17 87
11 15 79
16 20 80
17 17 100
13 12 90
13 10 78
15 11 52
18 15 64
10 11 85
18 12 72
16 15 99
19 12 81
12 19 53
15 16 90
18 12 89
12 11 73
15 11 57
20 10 72
17 20 53
16 16 69
14 18 54
17 20 77
10 13 94
13 17 98
17 13 79
16 19 84
14 19 61
13 18 59
14 15 95
11 12 76
15 14 56
13 13 58
10 11 63
13 19 92
17 12 61
16 17 100
20 10 97
20 15 87
13 14 66
20 11 67
14 19 100
11 20 66
17 20 84
12 12 86
10 19 80
10 10 84
17 16 62
20 17 91
13 13 82
19 11 91
13 10 97
16 11 100
11 19 61
12 20 99
16 18 73
18 13 97
12 11 80
10 17 91
11 20 50
11 18 92
15 10 80
11 17 97
12 18 72
20 12 94
11 11 97
18 15 58
18 19 86
20 11 69
11 15 99
20 14 92
11 16 69
16 11 64
12 19 68
15 17 58
19 12 50
11 17 86
11 20 96
19 13 75
14 17 68
11 14 81
10 14 72
12 16 66
18 16 58
18 16 69
10 10 57
12 18 92
15 15 61
10 11 52
16 12 68
19 10 77
10 10 60
19 14 53
17 10 65
14 10 50
10 18 94
19 13 51
17 20 98
12 13 97
13 14 63
15 20 78
13 19 71
20 17 89
10 14 51
14 10 70
13 16 65
12 16 81
20 11 81
12 19 99
11 14 87
13 15 82
10 10 51
15 20 94
15 17 80
19 17 98
17 18 93
17 19 53
17 17 99
12 19 72
15 10 73
14 14 75
15 17 61
14 14 97
11 19 55
17 16 82
13 19 83
18 17 54
13 18 60
20 16 51
11 11 84
10 11 87
11 16 69
18 10 78
12 10 99
16 17 68
16 14 65
17 11 88
16 14 54
11 10 50
18 14 53
18 11 90
11 10 97
17 18 58
16 19 77
10 14 72
11 19 73
16 18 73
11 12 56
10 16 53
12 19 86
17 16 70
20 19 64
19 19 93
13 11 88
15 10 94
17 20 78
10 19 98
17 16 81
16 20 88
17 15 51
17 14 98
14 14 54
16 14 69
11 18 82
12 12 80
10 10 67
13 15 56
16 13 86
20 14 67
13 11 74
18 11 75
11 11 51
12 18 62
11 17 62
16 15 84
16 11 63
13 10 68
16 10 96
13 14 99
18 20 57
14 19 51
18 12 89
14 15 50
20 17 57
18 16 77
15 13 52
19 10 55
14 19 59
17 14 86
18 20 62
12 20 75
19 18 100
10 11 63
18 15 60
13 12 81
14 20 93
17 13 68
10 15 75
12 13 61
13 14 75
18 13 59
20 14 60
16 10 89
17 12 60
15 17 76
17 20 75
18 20 56
15 20 77
11 13 80
16 19 54
12 13 92
19 10 72
12 13 74
13 20 70
10 13 63
18 15 80
15 13 68
11 14 81
18 11 87
18 18 99
11 12 56
13 18 59
17 15 80
18 15 72
14 19 96
16 13 58
13 17 60
13 14 81
20 11 69
12 11 93
11 16 62
15 16 97
15 20 94
17 18 93
15 10 64
15 16 50
17 10 77
17 20 99
13 12 60
19 15 77
10 15 98
20 14 87
19 13 69
17 18 76
11 18 66
13 10 54
11 17 77
13 10 66
17 16 92
13 19 70
20 12 63
17 16 62
10 18 86
14 10 89
15 17 63
11 12 67
13 14 55
20 11 71
17 18 60
17 15 69
12 12 50
15 11 72
17 10 97
14 15 65
17 20 53
20 13 56
13 11 57
16 10 83
19 16 80
15 13 55
16 10 60
20 17 52
17 18 84
15 15 62
17 19 67
11 12 76
12 12 81
14 16 80
10 15 100
10 11 71
11 11 63
12 12 94
16 10 67
12 11 80
10 13 81
10 10 59
12 14 56
19 14 55
17 14 60
19 18 74
12 20 88
15 12 98
15 14 54
13 14 91
16 20 93
16 17 77
17 19 95
16 15 78
19 16 81
20 12 69
10 15 60
16 20 59
16 14 78
13 10 69
15 13 63
14 17 72
12 11 52
18 15 56
17 15 51
14 19 81
14 13 77
19 13 69
14 20 71
11 16 87
10 18 66
10 14 89
19 17 79
18 12 55
17 16 82
19 16 99
14 17 89
10 16 97
11 14 93
17 15 79
11 20 53
10 18 90
17 13 65
19 13 75
20 13 92
20 14 87
12 15 79
11 15 81
10 14 90
18 12 51
14 20 57
10 14 83
15 13 75
14 12 51
10 15 80
20 12 72
12 10 55
13 10 97
10 18 95
13 10 88
15 15 57
18 18 50
17 14 86
11 10 75
18 13 53
17 18 58
15 16 68
18 16 59
19 17 56
17 14 66
17 20 93
14 14 93
13 18 56
12 18 65
12 18 55
16 20 84
20 18 64
15 11 66
14 15 91
17 20 52
18 20 99
12 19 57
19 18 56
13 10 83
10 14 69
16 10 53
19 20 65
18 16 66
13 18 64
15 11 61
15 18 68
11 11 50
16 13 86
15 11 77
20 19 84
12 12 51
11 12 59
15 19 55
17 15 65
13 10 85
20 19 86
16 13 68
17 15 95
19 18 91
10 16 73
10 11 51
12 13 76
15 11 70
12 13 61
17 20 54
14 15 74
18 18 55
20 14 74
13 19 74
16 19 62
19 16 63
16 20 78
13 11 64
16 10 60
13 11 85
19 20 54
10 17 65
15 16 88
17 17 88
11 18 72
14 16 71
19 13 55
16 11 90
17 14 64
14 10 90
18 17 86
20 17 56
12 17 68
10 13 88
14 15 57
11 15 54
18 17 81
14 16 75
14 20 79
10 17 100
15 13 85
13 14 67
15 19 74
12 13 84
14 20 73
19 12 55
19 20 76
16 20 74
14 13 89
19 17 53
16 19 70
11 18 91
12 12 60
12 12 55
12 12 76
11 18 50
11 18 67
15 17 70
15 19 79
20 17 78
12 17 68
12 14 76
18 15 83
16 12 68
14 12 82
17 14 52
13 18 73
15 19 59
20 10 94
12 18 67
10 11 71
20 20 84
20 15 72
16 15 97
19 12 75
16 10 57
18 14 66
18 16 74
13 10 88
19 17 53
19 20 61
20 19 65
16 11 68
14 19 83
12 15 64
12 15 76
10 16 64
16 14 95
11 17 51
14 11 91
12 19 56
16 13 59
13 11 71
20 13 53
17 11 89
14 16 81
10 15 99
18 18 62
12 16 54
12 19 67
11 20 70
12 11 97
17 16 69
16 11 82
16 15 98
17 19 72
13 19 85
13 14 55
20 14 70
13 14 86
15 20 99
10 16 99
11 13 67
11 12 76
20 12 72
14 19 89
12 13 53
13 20 66
12 15 52
11 10 51
16 16 85
11 10 80
13 20 73
17 14 74
19 16 56
12 19 69
10 20 83
17 12 68
13 13 75
13 19 98
17 20 60
13 11 77
14 15 82
16 11 58
18 12 71
10 19 69
16 15 80
17 11 74
12 16 66
17 20 86
12 20 68
12 17 86
15 13 56
14 11 55
20 15 74
16 10 88
13 10 59
11 19 78
17 10 71
10 13 77
19 10 88
20 12 51
15 11 57
19 15 57
16 11 93
16 20 95
10 12 67
11 12 83
19 18 93
11 10 78
14 11 99
18 18 74
20 11 61
12 18 91
20 14 81
18 16 71
11 13 63
14 17 99
12 13 96
11 15 56
12 10 60
20 16 67
19 19 55
14 13 83
12 18 59
16 13 97
17 17 76
13 14 84
16 17 62
10 14 53
18 11 81
10 13 59
20 15 52
11 18 98
20 11 73
15 15 51
12 19 50
14 13 71
17 13 67
19 11 91
17 14 89
10 18 65
18 13 58
11 13 87
18 13 56
16 13 68
10 18 88
10 14 58
20 14 63
16 11 63
14 17 91
12 17 63
18 13 70
16 17 98
14 13 83
10 18 80
11 19 93
11 18 68
12 20 94
14 17 85
17 14 81
15 17 62
17 14 87
19 17 53
11 15 69
14 10 70
20 18 100
15 17 59
13 18 74
13 18 93
19 16 82
14 16 54
16 10 70
17 15 56
16 18 86
10 19 73
13 16 59
20 11 63
14 10 99
19 20 89
17 10 93
14 20 59
10 13 51
19 19 81
19 15 51
11 16 92
12 10 89
18 17 70
17 16 59
19 13 55
12 18 93
12 11 98
16 16 82
20 20 93
18 16 61
14 12 86
11 13 87
19 12 70
18 19 68
12 19 70
11 20 55
19 13 77
14 11 98
17 13 73
13 17 63
10 11 71
10 18 71
12 17 74
13 15 66
16 12 82
11 17 80
17 19 70
17 15 84
16 15 95
10 13 54
12 13 71
13 12 84
16 13 52
16 12 56
11 13 81
17 19 70
15 10 51
15 13 55
20 17 98
16 12 90
20 20 69
14 15 76
19 15 91
17 20 81
18 10 95
20 11 76
17 18 69
18 20 78
16 14 61
10 14 52
17 17 92
14 20 66
19 15 79
14 15 88
15 11 55
17 13 89
17 17 62
13 10 76
12 18 67
19 10 82
12 13 68
12 15 77
17 14 90
13 12 52
17 11 88
17 11 76
16 16 90
19 16 99
13 11 60
13 12 61
11 10 51
11 15 89
20 20 60
19 10 93
14 18 57
15 18 50
12 12 59
20 11 83
18 13 68
13 16 65
14 13 92
20 20 96
20 20 100
20 17 93
13 10 73
19 20 82
16 14 99
10 16 92
17 19 74
15 19 68
12 20 98
13 20 67
18 19 100
16 10 66
10 17 81
20 11 76
13 13 85
20 14 58
17 12 99
11 13 79
20 15 69
14 10 74
15 15 56
17 17 97
20 14 69
10 15 71
11 17 66
13 18 59
14 11 74
12 19 52
12 17 99
10 11 79
18 10 86
12 13 84
14 16 80
13 10 75
16 20 54
19 18 64
10 13 68
16 19 96
10 10 98
18 16 76
16 19 93
15 18 51
12 12 91
17 13 100
10 13 64
20 10 71
20 12 75
13 10 84
13 11 91
14 10 100
16 14 68
15 12 60
16 17 96
19 19 79
12 18 89
17 19 89
13 20 70
18 19 76
17 19 77
18 20 62
13 17 100
12 20 90
10 15 91
15 16 79
10 20 52
15 16 59
17 16 62
18 13 57
15 12 91
13 19 76
10 20 95
10 14 76
11 17 83
14 17 86
14 15 93
10 11 72
17 20 63
19 18 60
11 20 81
14 12 63
20 13 100
11 13 89
10 15 60
10 20 73
11 11 95
15 17 64
17 16 50
20 15 85
12 12 62
14 19 55
17 20 58
18 13 76
10 11 83
11 18 97
10 17 59
12 16 58
14 18 77
17 19 55
16 15 80
16 11 62
19 12 95
13 12 59
19 20 73
20 18 74
10 14 52
19 20 73
10 18 72
10 13 84
16 17 72
12 19 60
10 15 95
14 16 94
12 17 100
16 15 69
16 16 76
19 16 86
19 10 74
13 11 71
14 10 89
10 14 53
14 18 53
12 19 74
13 11 63
20 10 99
12 13 50
16 12 69
12 18 58
18 11 100
16 19 91
20 15 65
19 12 84
14 11 61
12 15 62
11 16 79
15 13 98
19 17 82
