1000 333
10 8
5 4
3 9
6 2
10 5
4 9
8 9
4 5
10 3
5 3
3 9
1 2
1 10
3 8
7 1
2 7
3 1
8 7
6 2
7 7
7 8
2 6
2 2
4 2
9 2
2 6
5 10
7 3
9 2
2 4
9 2
3 5
5 8
3 5
5 10
5 10
4 10
5 1
3 5
3 6
4 4
4 7
9 9
1 6
9 8
2 4
9 5
3 1
9 4
2 10
9 9
6 4
10 6
3 10
10 5
4 8
8 5
6 2
6 1
8 8
9 2
1 5
10 6
7 10
3 2
4 3
3 6
6 1
2 9
8 3
10 7
4 10
1 7
1 7
5 9
9 5
4 2
3 1
7 6
10 8
7 4
2 6
4 10
7 7
7 2
7 6
9 9
10 6
2 8
4 10
10 1
7 6
10 5
7 6
8 10
2 7
9 3
5 3
2 7
10 10
9 7
6 4
2 9
4 1
4 8
6 9
3 3
1 2
4 3
7 9
1 8
7 3
3 7
1 8
7 9
2 2
6 10
6 6
8 4
4 1
7 6
8 5
6 3
9 8
8 10
3 8
10 5
9 7
7 4
3 5
9 6
5 10
3 8
5 1
9 5
8 10
7 4
8 8
2 7
6 1
9 5
2 3
3 7
3 8
4 1
4 2
7 6
9 8
5 8
1 1
9 3
10 8
3 5
2 10
9 4
5 5
3 6
4 7
5 1
3 6
5 3
10 10
1 2
4 6
10 2
1 8
10 9
10 2
5 3
9 3
6 6
10 7
2 7
4 6
3 8
3 4
6 2
7 6
1 8
7 9
7 9
3 2
9 7
3 3
5 5
4 6
2 6
7 10
3 6
7 10
3 10
10 1
8 5
1 2
10 4
7 10
2 4
4 6
3 4
10 2
3 9
4 1
1 8
4 7
1 10
8 6
7 5
8 2
3 10
2 5
6 8
4 3
10 1
6 1
5 1
2 6
5 6
10 1
10 2
3 8
4 5
3 3
8 5
9 7
3 9
10 9
10 6
4 1
5 10
9 10
5 8
3 9
1 6
6 8
8 1
7 2
7 9
7 10
7 5
4 8
5 1
7 7
9 3
6 4
9 1
10 3
5 4
10 9
7 4
1 7
7 1
2 6
7 9
6 8
8 4
8 2
10 5
7 7
7 10
2 3
4 2
6 6
9 5
2 3
5 4
4 9
8 1
10 4
2 6
8 2
4 6
3 5
4 6
10 2
2 4
10 10
3 1
6 3
4 4
5 1
5 5
2 10
7 9
9 3
8 3
4 4
4 8
2 6
6 2
1 2
4 7
6 2
3 2
8 3
6 4
9 3
8 4
1 6
2 10
8 6
1 2
5 10
6 5
8 9
5 2
4 4
2 3
9 9
5 2
7 5
2 2
10 8
8 9
2 1
5 8
6 2
4 3
8 10
8 4
7 7
8 1
4 6
2 1
2 10
7 10
9 3
4 4
5 10
3 8
1 5
5 2
4 10
4 4
2 9
8 4
6 7
8 9
7 10
4 1
4 10
10 8
2 6
6 6
6 8
2 2
6 2
10 7
9 2
8 3
8 4
4 9
9 8
4 7
2 3
9 9
1 4
8 4
5 8
5 6
9 7
2 1
6 7
6 3
6 5
7 7
4 7
5 6
5 4
3 2
8 9
2 2
4 3
2 10
8 2
7 10
10 2
3 7
7 6
10 4
5 5
10 2
6 10
5 1
3 10
1 7
3 8
6 8
5 3
6 8
1 10
4 3
5 6
2 10
10 7
3 6
1 4
6 4
1 1
7 7
4 8
5 5
1 1
2 9
10 5
6 2
8 1
4 7
3 10
8 5
6 3
7 6
10 1
8 5
6 5
3 6
10 9
9 3
2 9
1 5
4 7
5 10
3 4
4 10
9 1
6 9
9 5
1 10
2 7
6 10
9 5
8 3
10 2
4 1
2 4
9 8
3 5
9 4
3 2
6 6
6 10
7 8
7 1
5 7
2 5
8 7
2 7
1 7
4 3
3 9
4 1
2 8
7 2
7 3
9 9
3 10
6 8
10 8
3 4
10 6
6 7
5 10
3 6
9 4
1 2
4 9
9 5
10 4
10 2
8 8
10 1
1 4
8 7
6 7
7 5
5 8
9 5
4 5
3 3
1 3
3 2
7 6
4 8
3 4
7 7
4 10
8 6
3 7
8 2
6 2
1 9
9 5
6 10
4 3
6 6
4 1
3 10
2 1
4 9
9 3
7 2
6 2
4 1
10 3
9 2
2 5
4 5
9 6
3 6
2 7
6 3
6 7
4 6
7 9
4 4
3 3
8 2
9 8
3 3
2 8
3 10
3 7
3 7
8 6
1 9
6 9
1 1
2 2
10 6
6 10
9 3
8 1
8 7
3 2
9 3
9 5
1 6
1 7
2 2
3 4
4 2
3 1
6 5
6 9
7 5
8 1
7 10
7 5
2 3
6 9
4 4
5 4
2 10
10 4
4 9
5 2
2 9
4 1
3 7
7 4
3 1
8 8
5 4
6 9
10 3
2 10
2 5
5 4
1 1
4 6
3 4
10 3
9 7
4 3
8 5
5 9
6 9
3 6
3 4
5 6
8 9
10 10
6 1
5 5
9 2
6 4
4 9
7 3
4 10
8 9
7 9
3 2
5 3
9 7
5 9
4 8
2 1
8 7
5 1
4 1
4 3
1 2
7 7
9 10
10 4
6 5
4 2
8 3
2 8
3 9
1 10
1 1
4 9
2 9
8 5
7 3
9 3
1 8
5 3
4 3
3 6
6 4
5 10
1 2
9 3
1 1
5 1
1 4
1 6
6 7
5 6
1 4
3 3
8 2
6 5
1 1
5 9
6 1
1 6
9 6
5 7
5 2
3 8
5 10
1 8
7 2
9 9
3 10
7 5
7 9
8 9
3 4
9 7
4 1
6 1
7 8
9 2
1 6
3 6
4 3
1 4
4 3
6 3
2 5
10 9
9 3
1 2
7 10
10 8
2 6
6 1
4 5
7 7
5 9
5 2
7 8
9 2
4 3
5 1
4 8
1 1
9 7
1 5
3 10
7 2
4 7
8 3
5 3
6 1
4 7
9 3
5 8
5 3
4 10
8 5
2 10
6 6
5 1
1 1
6 1
7 2
2 3
5 4
9 5
1 10
3 1
6 6
6 7
5 10
8 4
8 4
10 6
1 4
5 3
10 1
7 9
4 3
10 4
5 1
4 2
5 8
6 3
4 6
10 3
2 8
9 10
7 3
4 9
3 8
2 7
4 2
3 5
2 8
10 1
3 9
2 10
10 7
2 5
8 4
2 3
9 1
5 2
6 1
6 10
10 1
6 2
1 9
1 10
5 6
3 6
6 10
9 2
2 9
6 2
2 7
8 9
8 10
3 3
9 7
4 9
7 10
6 8
8 2
9 3
3 5
5 6
1 2
4 8
3 3
8 8
10 10
10 7
5 6
9 7
3 4
8 2
3 2
9 4
3 2
10 8
10 5
7 6
9 3
7 4
1 4
9 4
9 2
2 10
6 9
9 8
6 5
10 6
2 8
8 5
6 9
2 2
1 8
8 9
6 5
1 2
2 7
8 6
10 6
3 2
4 9
6 4
3 8
5 4
9 7
4 3
8 1
2 6
6 7
8 2
7 2
7 2
3 9
6 4
9 9
4 6
5 3
10 3
7 4
6 6
10 9
1 3
8 9
8 10
7 7
1 9
1 5
8 10
8 6
1 6
7 3
7 3
2 10
9 4
9 6
4 2
10 3
2 5
4 3
3 5
7 9
10 7
5 9
2 4
6 1
3 3
1 4
6 9
5 9
4 5
5 7
4 9
4 4
1 2
1 8
10 4
3 2
4 3
3 7
10 4
9 9
1 3
10 4
7 8
9 5
5 9
6 2
9 2
4 10
5 4
6 2
9 9
8 6
4 7
10 4
8 2
1 9
6 5
3 2
3 10
6 10
5 3
10 3
5 5
10 4
9 1
10 4
9 1
1 8
6 5
3 6
7 10
2 5
7 6
10 1
3 8
10 10
9 7
6 2
10 9
5 2
7 1
4 1
4 9
6 8
8 9
6 6
3 2
5 2
8 10
3 3
4 6
10 5
9 9
7 6
10 7
4 10
6 10
9 1
5 6
3 10
3 7
10 10
2 4
3 7
4 2
2 1
8 9
5 4
2 10
1 6
3 1
9 7
9 2
2 2
10 4
4 8
8 6
1 3
8 7
10 3
1 5
8 6
4 2
8 7
8 4
6 7
10 10
5 7
6 1
6 5
1 2
6 7
7 7
3 5
10 2
4 6
6 8
5 5
4 3
5 2
10 7
3 4
10 10
2 7
10 9
1 7
2 9
8 3
4 5
5 10
9 3
9 7
4 8
1 3
3 6
9 5
5 4
7 5
2 10
4 10
6 10
2 3
9 4
1 1
7 9
2 9
2 3
2 8
1 5
9 1
5 7
6 6
9 1
2 2
9 3
2 3
11 18 99
11 14 92
18 20 92
19 13 68
20 18 80
10 13 60
11 11 93
14 16 70
16 19 84
12 10 59
11 20 52
12 19 54
10 14 95
17 18 98
10 11 97
12 10 51
12 17 90
11 17 62
13 15 86
17 14 82
13 10 52
18 20 83
15 20 85
16 12 96
20 20 50
17 11 97
15 10 88
17 20 63
20 17 91
15 17 81
17 19 56
18 10 83
14 16 62
10 15 59
13 12 96
18 13 95
16 13 50
13 16 63
19 13 50
15 10 50
16 19 53
19 18 60
18 13 59
15 14 74
12 15 75
11 19 58
19 20 69
14 14 99
15 17 58
16 19 58
18 14 51
15 18 97
15 11 75
16 11 85
13 20 91
17 11 67
13 10 63
14 10 54
18 10 99
17 20 80
10 10 93
20 15 70
14 20 97
13 20 89
17 17 52
15 10 76
12 15 90
16 19 73
20 12 63
10 20 89
18 13 82
14 16 76
20 14 98
10 17 81
15 11 53
20 20 95
20 13 60
18 19 81
11 18 95
18 15 88
10 18 51
11 14 75
14 12 67
10 18 85
10 10 100
10 10 67
10 18 81
11 10 73
20 13 62
15 12 56
16 14 50
11 15 99
20 19 90
17 20 85
20 13 85
20 19 91
12 16 72
17 17 61
11 17 73
10 13 75
11 14 80
18 12 77
17 17 73
20 15 83
10 10 75
14 17 79
19 16 84
12 14 51
12 12 75
19 16 87
12 12 50
16 20 50
20 10 60
19 17 94
11 14 95
13 10 93
14 20 62
17 15 91
17 12 84
19 12 55
11 15 59
18 12 91
16 12 55
13 10 78
19 15 71
20 14 52
19 11 82
18 20 73
11 10 52
17 18 95
12 13 97
20 13 70
20 17 60
12 19 53
10 16 89
20 19 90
10 17 78
15 11 60
14 18 72
10 17 72
20 17 76
13 16 95
14 13 82
16 11 54
19 11 90
16 19 52
19 17 93
19 16 59
18 10 70
14 20 92
10 15 50
19 10 64
19 20 96
10 10 74
20 20 63
17 17 53
13 19 58
10 20 89
15 15 50
19 13 89
10 13 60
17 15 97
20 10 100
17 17 53
20 14 54
15 20 63
15 20 96
12 19 79
14 12 76
17 17 83
14 13 50
17 10 53
14 20 71
15 17 54
17 14 99
10 13 94
17 17 87
19 11 83
10 11 52
20 16 68
20 15 71
14 11 67
15 16 56
13 12 86
16 18 86
19 13 80
14 10 79
18 11 81
17 13 59
14 15 95
19 15 63
20 20 86
10 11 62
14 10 59
15 18 75
11 20 95
13 20 69
11 18 64
19 11 50
20 12 58
10 14 72
18 11 72
12 18 93
12 19 56
12 13 81
11 15 99
14 20 64
10 11 90
11 19 62
11 13 61
16 14 96
17 11 61
10 10 85
17 20 100
19 20 86
15 19 62
17 12 72
14 14 52
18 13 51
15 11 52
15 12 65
19 14 85
17 18 79
13 15 91
20 20 96
15 18 84
18 11 58
20 10 91
12 20 58
18 13 68
14 17 84
15 16 71
18 11 55
11 20 73
14 15 51
19 15 65
11 20 75
11 13 100
16 11 56
19 16 86
12 14 93
19 13 76
20 15 99
18 15 61
17 12 59
15 13 75
20 11 71
15 10 70
13 17 72
13 14 74
14 13 56
14 12 65
14 13 91
10 17 61
16 12 51
12 11 74
15 18 51
20 19 87
16 12 65
20 15 74
15 10 73
12 12 68
16 16 88
17 12 78
15 12 56
13 20 100
18 13 88
16 17 63
14 16 85
15 13 53
20 13 89
15 14 98
13 10 98
10 12 95
11 16 52
10 13 100
16 19 71
15 13 84
19 11 51
20 14 97
13 15 71
12 16 67
15 13 65
16 20 65
15 17 64
13 13 74
16 17 84
20 13 73
15 17 62
14 16 99
10 17 65
10 11 60
10 19 98
18 16 90
15 20 58
18 13 83
11 11 54
15 11 80
14 16 79
19 20 96
18 20 81
10 10 57
11 10 52
10 20 78
16 15 86
10 13 80
17 20 69
10 16 91
14 17 84
18 15 76
14 11 63
11 16 51
13 15 94
17 15 71
14 14 93
15 14 83
14 12 66
19 16 98
20 18 67
11 17 93
14 19 88
14 18 63
10 19 91
19 10 68
19 17 96
13 10 64
10 20 63
18 11 89
13 10 70
18 15 85
14 11 82
15 11 68
17 18 92
