10000 3333
6 8
1 8
1 2
3 9
5 10
9 10
6 3
5 5
5 1
8 10
9 7
2 6
1 9
6 9
4 4
5 1
2 7
3 8
6 10
1 10
8 9
8 8
4 9
10 2
5 5
1 6
3 8
2 9
2 6
5 9
1 7
7 10
2 6
2 2
7 5
10 3
4 2
2 6
4 9
8 4
2 6
4 5
2 10
8 9
2 9
3 6
3 6
2 5
4 9
1 6
9 8
6 4
6 8
1 9
6 1
8 2
3 6
2 6
9 7
6 1
7 10
10 1
1 3
10 5
8 3
4 6
2 2
7 2
3 3
3 1
5 5
2 8
4 8
10 4
3 3
6 3
4 1
8 3
6 1
1 4
7 8
9 1
4 1
2 7
10 6
10 2
6 2
7 8
6 2
2 10
4 5
1 2
10 3
4 10
5 6
3 9
2 2
10 4
6 2
1 6
10 1
2 2
1 6
10 7
4 4
6 5
7 5
1 8
2 8
9 7
8 8
3 7
1 3
6 7
5 5
1 6
6 2
5 2
6 4
1 9
9 10
10 4
6 6
10 4
7 4
3 2
3 5
8 6
2 3
6 3
3 2
6 10
9 9
10 3
7 3
2 8
8 2
6 5
1 1
2 8
3 5
5 8
3 3
3 7
4 10
4 5
6 3
10 8
9 9
10 1
7 4
6 5
1 7
3 5
6 5
9 9
7 1
8 4
10 1
6 6
1 4
6 6
8 6
5 6
7 8
6 2
4 7
5 3
9 6
10 8
4 2
1 7
8 3
2 2
5 1
7 2
9 4
4 10
8 8
1 5
9 6
9 4
8 2
1 9
4 10
5 6
4 2
2 4
9 3
3 8
5 9
10 2
1 2
5 6
5 4
7 9
5 2
4 6
3 5
7 4
3 8
1 5
5 4
5 4
3 4
5 8
7 8
10 1
6 7
10 8
6 6
1 8
3 4
4 9
5 9
2 3
6 1
5 4
10 6
7 6
3 3
1 4
7 5
2 10
8 1
8 10
9 6
2 5
4 10
9 3
2 4
4 5
4 1
2 6
1 10
10 5
1 10
8 4
1 10
4 3
8 1
4 1
10 9
3 7
4 6
1 10
5 2
3 9
1 6
6 8
8 6
5 2
6 4
2 8
9 4
7 10
10 6
10 10
2 5
3 3
9 7
10 2
4 9
3 2
6 10
10 4
4 8
6 6
8 9
2 7
9 1
6 9
7 3
2 4
1 6
5 6
7 1
10 1
2 3
1 2
4 8
10 8
6 2
6 2
8 4
5 8
7 3
5 3
9 6
8 8
9 3
10 4
7 9
5 6
3 4
10 2
9 8
3 8
4 1
7 3
9 7
10 7
2 4
7 9
9 9
3 9
2 5
1 1
9 7
3 3
3 4
4 4
6 3
7 8
3 6
10 7
7 1
8 9
1 10
2 3
9 5
9 10
9 7
4 2
5 2
5 8
3 10
10 2
10 7
1 8
10 4
6 9
9 10
7 2
9 10
7 8
4 10
9 3
7 7
2 8
9 2
10 1
2 5
8 9
2 1
5 3
10 6
10 2
4 4
6 6
10 7
7 4
3 6
5 4
1 3
3 4
10 7
6 2
3 10
9 3
2 1
6 10
1 9
5 3
6 9
6 7
6 6
8 9
8 9
7 7
1 9
1 3
10 7
7 5
6 6
4 5
2 6
4 9
6 10
7 8
5 6
3 2
9 5
6 9
8 1
6 10
8 2
4 10
4 6
2 9
10 5
6 1
7 6
5 3
10 2
8 3
10 6
5 6
10 9
6 10
8 10
9 8
7 1
7 5
2 9
9 3
3 6
5 2
5 1
1 8
7 6
2 4
9 1
3 1
5 3
2 4
4 7
1 5
2 2
7 2
10 7
3 9
1 7
1 1
2 7
7 10
1 3
8 7
4 9
2 4
3 8
7 6
2 4
10 3
7 5
7 7
9 6
3 5
4 4
1 9
7 4
3 10
5 8
6 2
1 1
9 2
3 8
6 8
6 1
3 5
4 6
7 9
2 9
2 2
8 2
6 5
2 5
5 7
6 9
6 7
2 4
6 10
3 7
7 5
9 1
9 9
6 3
4 5
7 4
1 5
1 5
7 2
5 10
7 3
5 1
6 8
9 3
2 1
5 8
9 1
1 5
1 7
2 10
1 8
6 10
6 2
8 8
3 1
7 10
7 9
10 5
6 7
4 5
8 3
2 6
6 5
9 3
10 2
5 7
2 9
1 7
6 7
7 2
4 1
9 7
2 9
10 8
3 8
5 6
3 5
1 8
9 8
5 10
3 7
4 4
6 7
4 8
3 10
1 10
6 7
9 7
4 8
7 6
9 6
5 2
9 3
10 8
10 8
3 8
7 10
5 4
10 5
3 4
1 3
5 9
3 7
9 5
2 7
3 7
5 2
8 8
4 7
2 7
9 2
2 7
1 7
4 3
2 3
5 7
4 5
3 10
2 4
9 8
5 5
10 7
8 1
2 3
3 6
8 8
5 9
2 5
6 2
4 2
8 5
8 2
3 8
7 4
5 2
9 1
8 7
9 5
7 8
3 6
3 8
7 2
1 3
7 5
7 8
7 10
4 2
2 8
10 9
2 4
6 1
1 8
5 3
3 3
6 9
10 5
7 7
9 7
10 8
2 2
1 9
9 8
2 8
3 5
9 10
9 4
8 10
2 1
5 9
7 1
7 8
1 6
3 2
9 1
9 3
10 8
4 9
7 1
7 10
8 7
3 6
8 1
2 9
1 8
4 4
4 10
7 9
4 4
8 9
7 10
6 5
2 10
8 8
9 8
6 1
6 3
8 3
9 6
1 9
9 3
10 10
9 8
3 9
8 7
2 6
9 2
3 9
6 3
8 8
4 6
4 4
9 9
8 6
3 7
7 7
10 1
4 4
1 2
2 10
3 1
9 7
7 8
2 9
2 1
10 8
8 9
4 6
4 4
2 5
10 2
1 3
1 1
10 3
5 6
6 3
9 5
8 3
2 7
9 9
6 2
6 6
6 5
6 10
5 7
3 9
8 8
7 2
8 2
3 1
5 5
8 10
9 9
7 4
7 10
7 5
7 8
4 10
3 6
1 8
8 4
1 8
1 9
5 7
2 4
9 9
4 10
9 5
2 8
3 6
8 1
6 1
1 8
6 9
5 7
6 1
9 1
3 1
4 4
1 2
3 4
5 7
7 1
7 6
8 7
4 1
5 6
1 4
10 9
10 7
6 6
10 5
6 9
6 8
8 1
10 6
6 1
9 6
4 10
10 6
8 6
2 10
5 8
5 6
2 10
8 6
2 7
2 8
3 8
1 4
9 8
2 3
6 2
3 10
10 9
7 9
3 9
10 3
4 4
8 2
1 2
3 1
7 9
5 4
10 9
4 8
9 8
5 4
1 3
8 7
6 7
9 5
9 7
5 1
3 1
1 1
3 5
5 10
2 2
1 2
3 5
2 10
8 1
9 8
1 7
9 1
9 3
6 7
9 2
5 9
1 5
8 1
10 7
2 5
2 9
10 1
4 2
6 2
4 8
4 7
10 4
6 7
2 1
7 8
4 10
9 8
5 9
2 5
2 4
6 10
2 5
1 6
6 7
9 4
4 4
1 8
1 1
3 10
8 10
3 6
7 2
7 8
8 5
4 10
7 7
2 8
3 1
9 10
9 3
3 7
10 1
6 10
4 1
2 4
4 7
10 6
8 1
1 10
9 9
9 5
4 2
8 3
2 10
5 3
7 2
5 5
6 6
5 2
2 4
7 5
4 8
2 3
1 6
4 8
1 10
10 7
9 8
6 8
1 4
2 4
2 2
3 2
2 4
3 10
3 2
3 1
9 5
6 2
7 7
8 9
3 5
7 10
7 10
1 2
7 6
8 4
6 7
4 10
6 1
6 8
10 6
3 5
10 10
8 8
1 6
9 2
6 1
2 10
7 10
9 8
1 6
2 4
3 5
2 3
1 8
9 6
5 2
1 3
2 2
9 6
2 3
1 9
9 10
2 9
7 8
6 10
4 7
6 6
2 3
7 5
2 8
6 10
7 3
4 3
8 1
5 7
10 9
5 1
3 3
9 5
10 3
6 2
8 1
9 1
6 10
10 1
6 2
1 3
5 7
8 2
4 4
4 3
8 3
6 5
5 10
7 6
1 3
4 2
9 4
8 9
3 4
2 5
10 2
4 5
9 3
4 4
1 1
3 1
6 1
8 9
2 5
3 8
6 7
9 2
10 4
6 9
2 6
2 7
7 1
1 9
5 3
4 1
5 9
10 6
4 3
9 7
2 3
2 6
2 4
3 6
9 5
7 8
4 7
10 8
8 8
10 4
10 5
3 7
1 9
6 8
2 5
6 10
8 3
4 6
3 10
1 2
6 8
10 6
4 1
7 4
3 9
2 9
3 5
4 2
2 4
7 3
2 5
1 1
9 2
3 1
5 4
4 2
2 9
3 2
2 10
8 1
7 3
4 10
3 1
4 3
4 6
3 7
4 4
9 1
4 8
4 2
2 4
5 7
9 9
5 9
7 6
3 4
10 7
5 5
5 7
3 7
9 2
2 5
8 9
4 8
8 10
10 9
5 10
9 2
10 2
1 1
8 5
9 6
2 7
5 10
8 10
1 10
6 1
3 5
6 7
9 10
4 2
1 5
3 8
3 2
8 9
4 7
4 4
4 9
2 1
8 7
7 6
6 2
7 7
1 7
1 9
1 4
8 3
10 3
7 3
4 9
8 10
9 10
4 4
8 6
5 8
3 2
9 1
8 3
3 9
8 3
8 4
8 8
3 6
1 4
2 5
4 1
5 6
8 8
9 3
5 7
4 9
5 3
4 3
5 9
8 9
3 9
3 10
4 3
7 8
3 1
5 5
7 7
1 6
10 8
1 4
6 3
1 4
9 6
1 7
5 8
2 1
2 9
2 7
5 2
10 8
2 9
2 7
6 9
10 2
5 10
5 6
2 8
9 6
10 7
8 7
2 5
2 7
2 3
10 2
9 5
7 8
4 8
10 2
4 1
9 4
1 2
3 3
2 7
3 9
5 8
7 2
1 6
5 5
9 1
10 1
1 4
10 5
7 5
3 7
10 1
4 6
6 4
2 8
7 1
2 10
9 4
3 3
6 8
7 9
4 4
8 4
3 3
2 3
4 10
5 9
1 3
5 8
9 8
6 2
2 8
6 8
9 1
5 9
5 6
4 3
4 3
8 7
8 10
7 2
9 10
4 8
10 2
4 2
9 8
3 5
7 6
1 1
7 9
8 1
1 2
2 2
4 9
1 6
9 10
8 10
3 6
2 2
10 4
1 4
5 6
3 9
2 8
7 3
9 7
7 3
5 6
4 4
7 5
1 2
6 5
8 6
10 10
6 5
7 7
8 3
2 4
4 6
6 8
3 1
8 9
5 8
3 10
6 6
9 9
7 6
10 1
2 6
8 4
5 10
6 9
7 8
10 5
8 8
7 9
1 10
3 10
1 2
10 2
9 9
5 1
5 9
2 4
1 1
7 8
5 2
9 4
3 5
8 2
4 9
5 1
4 2
5 2
5 3
2 4
8 9
3 10
9 10
9 1
7 7
2 4
3 10
6 2
10 3
7 8
9 9
9 4
8 2
5 1
5 3
4 3
1 8
7 7
5 3
4 3
9 6
2 3
7 7
4 8
4 8
3 9
8 5
4 9
2 7
3 3
3 10
1 2
1 4
5 3
6 3
6 5
2 2
8 6
6 9
3 4
5 10
8 6
9 3
7 4
3 1
7 2
4 8
5 5
2 7
1 5
9 7
3 9
4 5
8 6
9 5
2 1
9 4
2 1
10 6
10 8
7 10
5 3
7 6
6 8
8 8
6 10
1 1
8 3
6 4
2 9
8 2
3 6
10 8
6 2
6 6
6 3
3 1
2 10
10 2
9 2
2 9
1 4
6 1
4 4
6 2
9 1
5 8
9 9
10 7
5 3
5 7
10 6
3 6
10 9
3 3
9 10
7 9
6 2
3 3
6 2
1 4
10 7
6 9
5 9
4 1
8 7
5 3
2 3
2 2
3 10
6 3
9 9
1 10
1 4
3 2
1 1
5 7
3 6
8 2
9 7
9 1
2 9
6 4
5 1
1 3
4 2
4 4
1 4
9 5
4 10
7 7
5 7
7 8
8 9
10 8
4 1
3 6
5 4
10 6
5 10
5 5
5 5
5 1
5 8
9 6
5 6
6 4
8 2
7 7
9 4
10 9
6 4
8 3
8 5
6 7
7 5
7 9
10 9
7 10
1 7
10 8
9 5
5 8
8 1
3 5
10 2
4 2
6 9
10 4
8 9
4 9
4 1
3 2
6 10
3 6
5 6
2 6
3 6
5 8
5 2
3 1
10 6
1 8
4 8
6 7
8 6
10 4
7 9
1 5
10 3
7 6
8 10
1 3
10 10
1 2
7 8
4 4
4 9
9 1
10 6
7 9
5 5
8 3
5 6
3 9
9 10
9 4
5 10
8 8
3 2
7 9
7 3
1 3
9 8
1 8
9 1
9 4
7 6
7 10
8 7
2 3
4 5
7 6
8 1
1 5
8 4
1 1
2 6
6 4
5 8
1 10
7 6
2 1
3 6
1 9
1 7
10 4
2 8
8 10
5 3
9 5
1 2
5 1
4 4
8 5
5 7
3 1
2 9
6 4
6 3
4 3
9 3
9 3
4 5
8 5
1 10
10 8
1 9
2 1
10 5
3 10
5 2
10 7
4 2
3 3
4 5
3 9
1 1
1 1
2 1
7 2
5 10
9 4
5 3
7 8
5 4
9 3
2 7
10 4
3 10
5 8
5 8
7 8
2 3
2 3
9 3
3 8
2 8
9 2
1 8
3 9
7 7
8 10
2 8
4 3
4 6
6 5
5 3
10 1
7 4
6 2
7 4
4 10
7 10
7 8
10 8
5 10
9 6
9 4
7 9
9 3
7 10
10 9
7 1
10 1
9 7
4 10
8 6
3 1
10 10
10 9
3 6
5 2
9 8
10 9
3 2
1 10
9 7
8 7
4 6
2 9
6 4
5 2
8 1
8 9
3 10
1 1
5 2
7 7
5 7
3 1
9 4
4 5
9 6
9 5
6 4
3 3
9 4
6 8
7 9
3 6
3 5
6 4
6 2
10 8
5 7
7 9
6 2
5 9
6 6
7 2
9 3
6 9
5 3
3 6
1 6
6 7
10 3
5 4
5 7
10 3
3 3
3 2
1 8
10 5
9 6
1 2
9 6
4 9
3 9
10 5
4 5
10 9
8 3
10 10
8 8
8 2
5 2
7 10
5 7
5 3
7 8
3 7
8 1
4 5
4 4
6 9
2 1
7 5
10 10
9 6
8 8
3 4
4 9
6 9
3 2
6 3
5 2
10 3
5 8
8 9
8 4
10 1
4 8
2 4
4 10
6 4
6 2
4 7
8 4
10 3
6 2
8 5
10 4
2 1
7 6
7 7
2 6
6 3
7 9
1 8
10 1
1 1
2 9
4 3
5 10
2 1
3 5
6 5
6 4
5 1
1 9
8 10
7 7
9 6
4 8
3 9
7 3
4 10
9 9
4 3
5 1
9 9
1 10
7 1
6 5
7 7
8 5
8 6
10 10
6 3
5 8
3 10
3 6
4 6
4 1
5 3
10 3
2 4
3 6
3 5
10 5
3 6
6 2
9 4
9 6
9 10
4 3
5 5
2 3
4 6
1 6
5 4
8 7
10 2
5 5
2 6
7 3
3 9
2 7
5 2
5 1
9 9
9 3
4 1
9 4
4 4
2 6
10 9
6 7
4 5
8 9
1 2
1 1
9 6
1 7
3 9
8 4
2 2
6 2
6 3
8 4
10 3
7 9
10 8
2 5
6 3
10 8
2 9
2 8
6 8
6 10
10 5
8 2
2 5
7 3
9 8
8 5
4 4
8 9
4 6
8 2
4 10
4 1
2 4
6 6
1 5
9 1
10 8
6 5
1 4
7 6
9 5
7 7
7 5
3 7
5 5
6 9
9 8
6 2
4 3
4 5
2 7
5 5
8 1
4 8
1 8
3 3
7 10
1 4
7 5
6 1
7 9
3 6
2 10
9 6
5 8
9 9
7 2
5 10
6 10
2 8
5 8
7 7
3 8
3 5
5 7
5 8
10 4
8 7
6 10
8 5
4 2
10 3
3 1
10 3
2 9
7 3
6 6
8 9
8 8
1 1
9 4
7 9
9 9
7 9
3 5
9 10
4 8
9 1
8 9
1 5
9 7
3 2
3 2
10 10
4 1
1 8
3 10
3 6
7 8
8 1
3 4
4 6
1 6
6 10
7 1
5 4
4 2
3 1
2 2
3 4
9 8
3 4
4 3
9 2
10 7
8 8
8 5
9 3
3 2
3 7
8 10
10 6
7 9
5 10
5 4
8 4
1 2
7 6
9 4
7 9
10 4
5 7
7 6
10 5
1 4
4 5
1 10
10 4
10 9
5 4
3 1
5 8
10 6
5 1
7 9
3 4
7 1
2 4
2 4
10 4
1 5
8 9
2 10
3 10
5 7
1 5
8 3
10 9
3 4
10 3
3 7
8 1
2 10
6 5
10 7
7 2
7 3
2 8
8 7
2 6
4 4
7 10
6 2
7 6
8 6
8 2
7 10
8 6
7 2
8 1
9 3
1 10
1 4
6 3
3 7
5 6
7 10
6 2
10 8
7 4
7 7
6 5
9 5
7 5
7 8
3 4
7 1
4 1
4 4
10 6
4 8
4 3
8 8
2 1
9 3
5 1
8 4
6 8
5 6
8 1
3 1
5 5
2 2
2 8
3 1
1 10
2 6
4 2
5 4
10 7
9 6
10 10
10 7
5 5
9 8
10 9
9 8
6 9
9 7
1 1
7 9
1 1
9 7
7 5
10 7
9 6
4 6
9 6
3 2
9 5
5 9
1 3
5 6
2 7
1 10
4 10
10 8
5 5
7 9
9 6
4 10
6 5
7 2
4 6
8 1
1 3
9 10
1 9
7 3
2 2
10 9
4 10
5 9
7 7
2 9
3 1
3 10
4 10
3 6
4 5
1 5
3 9
7 1
4 6
3 10
4 7
4 7
7 10
2 5
1 5
10 7
7 4
8 7
2 8
4 5
5 4
3 10
7 6
6 10
4 3
2 1
6 2
6 1
2 4
3 10
4 5
7 7
5 3
5 8
3 7
6 6
2 7
7 9
8 6
1 4
2 4
2 4
4 1
4 9
9 1
5 4
7 6
10 6
8 5
8 3
6 7
8 3
7 3
9 4
5 1
9 2
5 5
1 6
5 5
9 8
4 6
9 1
4 7
2 9
6 5
5 5
2 10
9 4
7 3
8 3
7 5
5 9
6 8
5 1
3 5
5 6
1 6
9 3
9 7
10 9
2 8
9 3
2 9
6 8
7 4
5 1
6 1
5 9
5 3
6 6
8 9
1 10
2 3
9 2
3 1
3 4
10 8
7 7
10 3
5 3
7 8
10 3
10 6
4 6
6 9
4 3
5 4
10 6
6 10
8 3
4 2
8 3
3 1
1 2
7 1
6 10
6 2
10 10
4 7
4 4
3 9
9 10
6 1
1 7
3 10
8 6
8 2
7 1
9 2
2 9
3 2
8 2
10 1
1 9
2 5
3 10
3 6
8 8
2 6
6 4
3 3
2 7
7 1
7 3
2 8
1 10
1 4
3 7
5 6
10 8
2 10
9 1
2 3
7 3
3 3
8 4
2 3
2 3
2 10
8 10
4 1
8 2
6 3
8 6
8 10
7 2
1 2
5 4
4 6
10 10
3 1
8 6
9 6
7 3
10 4
2 9
8 3
3 1
9 8
3 5
9 5
3 7
8 5
9 5
6 9
2 7
5 6
2 1
10 1
2 8
7 10
9 2
4 8
2 6
6 2
7 2
5 7
6 2
5 9
7 3
4 3
7 6
5 10
10 7
1 6
9 9
7 9
5 5
7 4
2 3
10 5
4 8
7 2
7 9
1 10
4 2
5 1
8 1
4 8
7 5
10 3
6 2
4 10
5 3
9 3
5 4
4 2
7 5
10 4
7 3
4 3
5 8
7 1
7 1
1 8
9 3
4 9
5 6
10 4
4 3
2 4
10 8
10 7
3 4
7 7
10 9
3 10
3 8
3 6
2 6
1 10
7 1
1 1
7 7
3 9
4 6
3 2
3 6
2 4
1 1
9 10
2 1
7 4
9 9
4 6
5 6
6 8
10 4
5 5
9 2
7 5
3 2
5 7
8 7
3 10
9 4
2 5
5 6
3 9
9 3
5 2
4 1
9 6
3 7
9 7
4 5
9 3
5 7
9 6
2 9
6 4
7 3
8 4
10 10
5 10
2 4
10 6
1 2
7 2
3 7
4 5
3 7
10 8
9 6
5 1
1 7
6 2
7 3
6 3
3 10
8 1
9 4
4 6
10 9
5 1
4 10
8 7
7 5
3 6
2 8
6 9
8 3
7 4
1 2
9 4
3 8
2 3
3 8
10 4
5 6
3 3
1 2
1 1
5 4
8 8
4 2
5 3
5 10
2 1
8 8
9 5
5 4
8 6
6 1
5 1
10 3
10 3
3 9
4 6
7 7
2 7
7 9
1 10
7 5
3 5
6 5
3 10
7 6
10 10
8 9
4 2
4 3
2 2
3 1
5 9
5 7
6 3
5 5
8 5
5 2
9 1
10 1
6 9
1 4
3 10
3 2
10 8
3 7
4 2
5 5
9 5
4 4
6 2
5 5
3 1
6 2
2 8
10 10
9 3
2 4
6 5
9 6
3 10
8 1
4 7
9 9
8 1
4 7
2 4
5 2
6 7
6 7
9 3
2 8
9 4
1 6
1 9
3 5
7 10
5 9
2 7
8 6
5 10
3 3
5 4
1 4
6 8
9 3
9 1
7 10
5 2
8 10
3 8
2 9
3 7
10 8
1 6
4 6
10 4
3 8
3 5
7 7
7 3
4 6
9 4
3 5
7 6
5 4
1 7
4 7
7 10
7 1
9 8
2 9
8 9
3 7
4 10
2 9
5 9
6 6
5 1
10 5
8 4
2 10
7 10
2 6
2 8
2 9
6 3
4 2
9 7
7 4
7 8
4 5
2 8
1 8
3 5
9 6
10 4
10 8
1 8
6 4
6 4
3 4
3 8
8 6
2 8
4 8
4 4
3 7
7 2
4 5
8 3
1 5
8 6
6 1
2 10
5 1
9 5
8 2
6 5
2 10
10 2
6 6
7 9
7 10
1 10
10 9
7 1
2 2
1 4
9 7
1 2
2 2
7 5
2 9
4 6
7 6
4 2
6 8
8 2
8 1
7 9
10 8
7 5
5 7
2 8
5 4
9 7
1 8
9 4
4 7
9 9
5 2
1 9
8 5
4 5
7 5
5 9
4 2
9 1
3 10
9 7
2 9
3 3
7 10
4 5
3 4
1 1
6 7
5 3
7 7
4 9
3 5
9 7
10 4
2 7
10 7
4 10
10 9
7 8
5 7
7 7
7 2
1 2
3 7
3 6
5 2
4 6
10 6
5 5
6 8
3 7
7 6
2 4
1 4
5 3
7 8
3 7
6 8
2 2
10 7
5 10
3 1
8 6
7 7
6 1
5 4
9 5
9 9
2 7
6 10
7 5
6 5
6 3
5 7
9 7
8 6
5 7
8 3
2 1
6 3
2 9
10 2
2 9
5 5
4 8
5 2
7 2
6 6
7 4
3 3
2 8
1 8
1 9
10 5
3 3
2 10
8 9
4 4
5 3
7 7
8 9
4 5
1 7
5 8
7 6
8 4
10 9
9 1
10 3
10 9
4 8
1 6
5 9
6 1
6 5
5 3
6 7
2 9
8 4
8 8
10 8
6 4
3 3
10 10
10 6
9 1
9 7
4 10
9 5
2 3
3 6
2 4
8 3
2 5
2 7
9 2
5 2
1 3
9 7
1 9
10 1
10 6
1 10
10 10
9 5
7 10
4 5
3 8
7 2
3 7
10 7
8 7
2 4
9 10
6 10
7 6
3 2
10 3
8 7
9 8
10 3
5 8
3 7
10 1
1 8
8 8
5 4
9 2
6 7
5 9
1 3
10 6
5 4
4 1
5 10
8 2
8 9
7 6
8 1
10 5
8 3
2 5
1 10
2 4
6 7
9 1
7 7
2 7
1 8
6 3
3 8
8 9
5 10
6 6
3 3
3 3
9 8
3 8
5 7
1 2
5 7
7 6
8 2
2 6
8 1
8 7
6 3
1 3
7 2
10 7
1 6
4 3
4 10
1 10
4 7
7 6
5 7
4 2
3 2
7 6
2 10
2 2
6 5
8 10
2 3
10 5
6 6
6 3
6 7
1 1
3 6
8 8
6 9
8 1
5 9
10 7
8 8
5 7
7 6
5 8
5 1
10 2
7 3
1 10
8 4
2 3
3 9
10 3
1 8
4 8
4 6
7 10
4 1
10 4
2 4
5 9
7 6
7 6
5 7
8 2
8 3
10 7
1 8
10 6
7 2
9 7
8 9
2 1
3 4
9 1
10 4
2 3
8 5
3 7
2 8
7 8
3 7
5 9
4 2
9 3
3 5
5 7
5 3
2 9
10 9
7 8
5 6
10 2
10 9
8 6
6 3
5 3
6 7
8 6
6 5
4 10
1 2
5 9
1 4
5 2
9 6
7 2
4 2
9 10
3 4
9 3
10 8
6 1
9 4
10 4
4 10
10 9
6 3
1 1
9 10
6 8
9 6
9 3
8 1
3 2
4 10
4 5
4 7
2 6
8 3
9 7
8 1
4 7
3 2
6 3
2 2
3 5
6 5
5 2
4 3
9 5
7 8
4 7
5 1
9 8
1 8
2 7
4 7
10 3
2 6
1 1
7 2
9 3
1 6
7 4
3 9
3 7
9 5
5 5
1 10
5 4
7 7
10 2
10 3
4 10
3 7
1 4
4 7
3 8
7 5
1 6
2 8
10 4
6 8
6 3
8 5
4 10
1 2
2 4
3 10
2 8
5 1
5 5
10 8
4 8
3 10
3 4
2 10
10 10
9 6
10 8
2 5
9 1
7 1
5 10
1 2
5 5
10 8
9 8
1 3
1 4
7 2
8 6
9 8
9 9
9 9
8 2
5 8
5 6
3 3
2 3
2 2
5 5
6 10
5 9
6 10
6 4
7 3
5 9
1 5
9 7
5 5
6 6
9 9
2 1
6 9
1 8
8 8
2 7
10 10
2 4
2 6
6 8
7 9
6 5
6 3
10 10
7 10
10 5
4 2
1 5
2 4
1 9
3 2
6 9
6 10
8 9
4 1
8 5
3 10
3 10
9 2
6 4
5 4
6 10
6 1
6 2
7 5
7 10
4 8
1 3
6 7
1 1
6 5
3 4
3 10
9 10
9 1
7 7
3 7
4 10
8 10
2 2
4 4
1 1
5 9
8 10
2 1
2 10
7 7
6 2
2 8
8 1
1 6
10 7
6 10
5 3
10 7
7 1
2 2
2 2
1 4
5 4
1 2
7 5
3 1
2 6
1 7
6 7
8 8
6 10
9 10
10 5
3 6
10 3
4 1
5 10
8 3
3 2
8 6
1 2
2 3
10 5
6 10
10 3
4 8
3 2
9 7
9 5
9 9
5 6
4 1
5 8
1 4
10 7
1 9
8 1
2 2
4 10
2 2
10 9
6 5
2 5
6 1
10 1
2 4
8 8
1 9
7 5
1 3
1 7
1 9
5 9
9 10
6 8
9 5
5 7
10 1
3 3
1 1
10 3
8 7
10 7
3 5
4 9
3 3
5 4
4 2
3 1
4 2
4 7
1 1
3 1
4 7
5 9
5 9
6 4
10 9
4 6
2 1
7 9
7 8
2 10
3 9
6 8
8 8
10 6
6 3
1 1
1 5
2 6
1 5
5 3
1 3
8 1
3 6
9 10
2 7
5 2
3 3
8 6
1 7
7 5
7 3
7 10
9 8
8 9
5 8
2 10
4 1
7 6
3 8
1 6
1 8
2 9
6 6
3 1
10 10
4 9
6 4
3 6
10 2
2 4
2 1
9 6
3 6
5 1
10 4
3 9
6 1
9 6
9 2
10 5
1 3
7 1
8 5
6 1
10 1
10 10
6 3
10 2
1 4
7 4
9 2
1 7
4 6
2 8
2 3
6 5
4 6
2 9
10 4
1 3
1 1
10 4
8 2
6 8
5 1
8 8
10 6
4 4
2 6
2 10
2 10
5 5
4 1
4 7
8 6
8 4
4 2
4 10
8 2
1 10
7 7
5 4
8 5
1 4
2 8
1 9
8 7
7 5
3 1
9 5
1 9
1 2
2 7
8 3
9 6
10 3
9 3
1 4
7 1
1 9
8 1
10 5
6 4
9 8
4 8
3 1
7 6
7 5
10 3
4 8
7 1
5 2
8 8
8 5
3 8
4 6
10 5
9 1
1 5
2 5
6 1
8 1
4 2
2 10
1 2
9 2
9 2
2 2
10 7
4 3
8 1
10 8
7 5
7 8
7 9
3 7
4 9
5 4
9 2
6 8
4 1
7 10
2 5
8 8
3 10
5 4
1 5
3 3
2 10
6 9
10 1
3 9
4 4
5 10
1 4
2 7
9 9
7 8
1 3
5 2
4 3
6 5
5 4
2 9
8 6
10 5
9 8
10 1
8 7
4 4
10 9
4 2
2 4
9 5
6 7
2 5
8 2
9 10
1 2
10 2
2 4
10 3
10 1
1 7
7 1
4 1
10 4
9 8
7 6
1 10
6 7
9 4
1 7
9 1
9 5
3 4
1 1
6 1
5 8
10 3
4 9
10 5
2 5
3 7
3 10
1 6
9 8
1 7
3 8
6 7
3 9
2 3
6 3
4 4
8 3
8 6
2 10
8 5
1 6
6 8
9 6
6 8
2 10
2 4
7 10
5 3
3 8
10 6
8 9
7 7
6 8
3 3
6 4
5 7
1 6
3 7
3 2
1 9
3 7
7 6
9 9
9 2
5 4
7 9
4 10
7 5
4 7
6 5
4 9
7 3
3 5
10 5
10 6
4 10
2 6
9 2
8 2
6 3
6 10
6 5
9 5
3 1
3 7
4 4
6 10
4 2
10 9
1 5
9 1
6 1
8 1
3 2
9 3
10 7
5 2
3 4
4 6
10 5
10 5
4 7
7 1
5 9
6 8
9 4
3 2
7 1
7 8
4 7
3 10
9 1
3 3
9 2
9 6
8 8
10 2
4 4
9 8
4 2
6 4
9 2
8 6
10 2
6 10
5 6
7 6
9 5
6 3
6 4
6 1
10 5
5 10
6 1
4 6
10 7
2 4
1 2
7 5
7 1
10 10
8 5
1 10
1 2
7 6
9 7
4 3
9 9
1 4
2 4
4 9
8 5
8 5
6 4
1 2
8 3
8 6
3 1
1 8
2 1
2 5
7 3
2 10
6 2
3 5
5 1
2 10
8 10
10 6
9 10
8 7
6 6
6 8
9 6
1 3
6 10
3 10
4 10
5 10
6 2
7 8
2 3
10 8
8 4
7 6
2 4
5 9
4 8
3 7
1 1
2 2
10 5
5 3
6 7
3 1
2 10
5 6
10 10
10 5
5 9
9 9
4 1
7 4
1 2
10 6
4 6
5 3
5 5
4 7
3 10
7 1
4 8
10 7
2 10
7 9
5 7
9 1
5 7
7 3
4 8
1 2
5 6
5 2
6 10
2 8
1 3
10 4
8 5
9 2
4 10
1 8
5 6
4 1
10 9
8 4
8 2
8 10
3 2
8 8
2 10
8 5
6 2
5 5
8 1
3 6
5 6
4 4
9 7
6 2
3 9
5 1
9 3
7 8
1 3
3 2
8 1
4 3
3 3
10 8
9 2
5 6
9 5
2 4
5 10
1 10
10 6
8 7
10 8
6 3
2 8
10 3
9 8
3 10
6 10
7 1
8 10
3 8
2 7
7 1
7 6
1 4
4 8
8 4
9 1
5 7
10 5
6 6
6 5
9 10
7 6
6 2
1 3
3 5
9 5
4 1
2 7
10 10
10 7
3 3
10 5
3 7
7 2
3 1
6 2
7 9
8 10
8 7
3 7
3 10
1 2
6 2
2 10
7 1
2 1
4 6
9 1
2 5
3 4
10 6
9 1
3 7
8 1
9 2
2 3
2 7
2 7
9 3
7 5
1 6
9 10
9 1
8 8
8 4
5 7
8 4
2 7
7 8
10 4
1 10
3 6
7 1
10 7
4 1
3 6
4 4
3 6
7 10
5 8
10 2
3 10
1 3
6 4
9 5
2 10
8 3
7 4
2 3
8 2
5 4
9 8
9 5
1 1
1 7
6 10
2 1
3 10
5 6
10 2
9 9
4 5
10 6
5 10
10 9
9 2
3 9
10 5
3 8
5 8
4 4
9 8
1 10
4 10
10 7
3 7
5 5
9 3
6 2
9 1
5 8
9 3
3 2
6 2
5 2
8 4
3 1
5 4
2 1
5 1
1 4
1 3
8 6
3 8
5 5
6 8
2 4
7 8
6 4
4 7
7 2
1 8
7 10
9 2
7 6
7 6
2 3
3 5
5 5
5 9
3 9
9 6
1 9
5 2
7 2
4 7
6 2
8 6
5 9
10 4
9 8
8 7
7 8
9 3
7 4
1 6
8 4
10 10
4 3
1 5
9 1
2 1
1 6
6 7
3 6
4 5
5 1
2 10
3 6
8 7
1 1
10 9
7 3
8 4
9 7
2 6
5 10
5 6
7 9
8 2
1 7
7 2
5 1
8 3
5 6
1 7
2 2
10 4
10 9
10 8
7 2
9 10
5 8
5 3
5 2
2 1
3 10
8 2
4 5
7 5
1 5
6 1
3 1
6 5
5 7
6 2
7 7
1 1
8 2
4 1
9 8
3 10
4 1
2 8
4 1
8 4
8 9
2 8
10 3
6 9
2 4
6 4
6 10
5 5
1 7
6 3
3 4
1 5
2 3
3 8
8 7
9 4
6 7
5 7
3 5
1 1
1 3
4 9
4 9
5 8
9 8
5 5
10 6
10 3
2 4
6 5
2 7
2 4
10 10
7 10
5 6
5 10
3 7
1 3
8 6
3 9
4 1
10 2
2 4
3 3
6 8
2 8
4 1
5 7
5 9
4 3
2 9
9 6
7 9
4 3
5 5
6 1
1 1
3 6
2 4
2 10
7 2
9 7
3 1
6 10
5 1
9 5
8 1
1 3
8 6
5 9
8 8
9 3
10 6
6 3
9 8
7 9
6 9
7 5
7 4
4 3
1 7
10 2
10 2
4 6
6 10
2 3
8 6
8 3
5 2
9 4
1 6
2 5
5 6
9 4
9 2
4 7
5 6
8 4
10 9
5 10
10 6
2 8
2 2
5 9
6 9
5 4
9 2
8 7
10 8
2 3
9 6
8 2
4 5
5 8
1 10
6 6
1 1
7 3
6 8
2 9
7 1
1 7
1 1
4 10
1 2
3 3
9 2
10 9
5 1
4 3
7 10
9 1
7 8
4 7
7 8
1 3
4 3
3 7
2 5
6 1
5 9
3 1
2 3
8 6
9 2
7 2
1 10
4 9
7 9
5 9
8 8
10 2
8 6
6 4
7 10
4 6
1 9
8 1
2 1
7 7
7 9
5 7
10 10
8 9
9 3
6 2
5 3
8 9
6 10
1 6
8 1
6 5
7 8
8 1
10 6
4 9
2 5
4 9
1 10
2 3
9 5
6 6
1 8
4 1
8 1
8 7
9 6
7 9
9 6
6 10
10 9
6 7
4 4
10 6
8 10
3 1
7 9
6 2
5 10
1 9
7 3
8 2
5 8
7 9
8 9
10 6
5 6
2 10
9 7
6 7
5 9
1 7
10 5
5 7
6 2
2 2
9 7
1 8
9 10
4 1
8 6
3 9
9 7
7 5
9 2
7 4
2 3
6 6
7 5
9 1
4 4
7 5
4 5
9 6
6 10
10 10
6 5
7 6
8 10
1 4
6 2
10 2
6 6
3 7
2 10
5 1
3 5
6 7
9 3
8 1
4 4
4 5
7 6
8 9
7 1
10 7
4 7
4 6
8 8
9 4
4 3
8 6
7 2
3 8
3 5
2 6
6 6
6 10
10 7
5 3
1 5
7 7
3 10
5 8
2 3
2 8
5 6
5 5
6 7
3 6
7 7
6 4
6 6
2 10
2 3
6 1
9 6
6 4
3 8
5 4
4 8
1 5
5 2
8 1
6 7
4 2
9 9
7 2
10 9
9 6
3 4
9 1
10 5
8 10
1 1
2 10
1 5
8 3
9 4
1 9
7 9
5 3
10 3
10 1
9 6
9 1
9 1
6 9
3 2
2 4
9 9
1 10
4 4
2 7
4 2
10 5
4 6
6 6
4 9
3 5
7 8
2 7
4 8
9 3
10 7
1 6
10 10
7 1
8 1
6 2
10 7
4 5
8 1
9 10
9 10
5 10
2 1
1 5
7 3
10 9
2 1
9 5
3 10
1 10
5 2
1 3
2 3
10 8
1 10
10 8
10 10
7 8
4 4
8 2
10 2
4 4
9 1
9 6
3 9
6 5
3 9
4 1
9 10
5 6
4 10
7 10
10 4
7 5
2 7
6 7
1 6
6 1
1 10
1 8
10 9
5 5
2 6
8 7
9 10
10 9
2 7
10 1
3 6
4 10
3 10
8 6
9 2
5 2
7 4
9 2
6 8
10 1
4 6
9 10
3 8
8 5
1 2
1 4
10 10
4 9
2 6
6 10
7 6
4 1
1 3
9 5
4 4
7 10
8 9
3 3
7 5
3 7
9 7
6 6
1 10
9 9
9 10
10 9
5 10
3 3
6 8
2 4
10 1
6 8
5 2
9 1
4 6
2 4
5 2
5 1
7 4
10 6
3 4
7 9
6 6
1 2
9 5
10 10
10 7
5 7
6 5
6 6
5 7
2 6
3 2
6 8
8 6
3 5
2 3
8 9
2 10
5 2
5 10
1 6
3 1
1 3
10 5
9 1
3 2
6 1
9 2
8 4
10 2
2 7
7 1
5 3
6 3
4 8
10 9
1 3
2 7
5 2
4 8
1 6
5 7
9 6
10 7
8 2
8 1
10 3
1 7
8 6
1 3
5 4
6 6
4 5
7 8
3 3
1 9
1 10
7 9
1 5
3 7
7 6
2 6
7 7
4 2
3 5
6 9
1 7
7 8
7 7
3 8
6 1
6 10
9 1
9 3
5 7
3 1
5 4
9 6
1 1
4 2
3 8
8 3
7 4
6 8
1 4
3 6
10 5
1 7
2 6
4 5
1 2
7 10
2 6
1 2
6 6
4 4
6 2
3 4
1 9
6 7
7 3
1 4
7 2
6 7
6 1
7 1
7 10
8 7
5 6
7 3
10 1
1 2
3 9
10 1
3 6
8 3
6 10
3 4
5 4
1 3
6 8
9 3
3 1
5 3
1 2
8 7
8 4
7 10
1 2
2 7
4 6
7 9
5 8
5 5
9 10
1 1
1 10
9 8
2 8
1 1
2 7
2 7
6 10
5 9
7 5
6 6
10 6
8 2
6 6
6 7
8 6
2 1
2 8
9 10
5 8
3 5
8 9
5 10
10 1
6 2
6 8
2 5
2 8
9 10
3 10
8 9
3 3
2 1
10 9
3 6
10 10
8 10
6 8
8 1
4 8
8 3
8 6
4 10
2 7
9 6
4 10
10 5
3 5
6 2
9 2
4 5
3 7
6 9
8 10
9 5
10 7
8 10
10 10
2 2
9 2
6 2
7 8
4 6
5 2
3 5
9 3
8 3
3 4
8 4
4 2
5 3
5 2
3 8
3 3
10 2
4 1
3 1
6 6
9 8
9 10
9 4
2 3
5 10
8 3
6 8
4 7
6 10
6 2
1 8
3 10
3 10
7 5
5 10
1 1
4 10
7 6
10 7
1 2
5 1
3 3
8 5
7 7
6 3
7 9
4 4
4 9
6 5
2 10
8 3
6 10
8 8
2 9
8 5
10 8
8 8
2 10
3 3
1 8
7 5
5 8
10 8
7 3
7 6
6 6
10 4
9 2
7 9
4 9
2 9
10 8
9 1
1 8
10 1
10 10
2 4
9 2
1 5
6 4
9 3
2 8
9 2
9 6
2 8
3 6
7 6
8 4
7 9
5 1
1 8
10 1
10 6
9 8
6 3
8 6
8 1
8 8
10 7
9 4
7 10
4 6
9 6
2 10
8 1
1 5
7 3
4 8
3 7
3 3
5 9
9 10
9 7
5 8
10 6
8 4
2 1
5 4
4 3
3 4
7 4
10 3
4 3
2 9
5 9
4 6
1 3
4 7
3 3
7 5
5 2
8 2
9 9
4 1
6 6
8 7
7 3
7 8
9 1
7 6
6 8
8 1
10 8
10 5
3 6
7 8
8 9
9 3
5 6
2 6
2 6
6 8
4 5
6 8
7 1
2 3
3 10
1 9
9 4
2 7
1 5
10 7
2 2
4 6
3 1
5 8
2 1
5 2
10 9
10 4
7 3
10 4
9 1
2 7
7 2
9 9
3 9
5 8
7 3
9 9
9 7
6 2
5 9
10 8
7 8
3 2
1 2
3 2
2 8
8 4
8 6
3 8
5 10
7 6
7 1
1 8
6 9
10 5
4 6
6 8
6 3
8 7
3 4
9 2
9 1
3 9
2 5
9 7
6 3
3 3
10 5
10 10
9 6
10 8
3 5
6 3
4 9
9 3
5 3
7 5
6 6
8 8
2 5
7 1
8 5
10 8
9 6
3 3
8 5
4 8
10 10
4 9
3 7
6 7
6 1
9 2
4 1
9 4
5 10
3 6
4 4
4 1
9 6
6 2
3 1
5 5
3 1
1 8
1 9
3 8
1 10
8 10
9 7
8 10
4 6
10 9
3 10
7 6
8 1
10 6
6 10
2 1
1 6
4 2
10 6
8 6
7 9
10 10
10 4
10 3
7 9
1 3
9 7
4 2
2 5
10 1
9 3
5 10
10 5
7 1
1 9
4 2
5 1
8 5
3 9
10 3
4 1
9 9
7 6
7 7
8 1
10 8
6 1
7 5
8 3
1 1
2 10
8 7
8 6
5 2
10 8
7 6
1 8
8 2
7 1
8 6
6 1
10 7
1 7
9 3
7 9
4 7
7 3
5 10
2 6
9 1
7 9
1 3
2 4
3 8
5 7
8 10
4 5
10 4
5 6
3 6
10 5
3 2
7 6
9 1
6 1
4 5
3 3
1 9
2 5
5 8
10 8
6 8
3 9
9 9
6 1
5 9
7 6
10 3
3 5
7 8
2 2
6 4
5 6
5 4
1 8
5 2
6 6
8 1
5 4
4 7
5 5
8 8
4 4
10 5
4 8
9 6
3 3
7 7
5 6
10 2
6 1
1 4
10 1
3 6
7 6
7 3
4 10
9 9
5 4
10 10
10 8
10 3
1 10
10 5
3 3
8 1
8 5
10 2
8 1
1 1
9 9
9 2
2 7
1 1
2 2
9 4
2 1
6 3
2 9
1 2
10 2
2 8
5 3
8 8
7 1
2 10
6 1
4 5
3 9
4 9
3 8
8 3
7 8
8 4
5 3
7 9
9 9
8 10
6 10
8 10
7 2
4 3
5 3
6 1
1 3
7 7
7 9
10 7
8 3
6 2
5 10
7 1
9 5
9 9
3 7
7 6
5 5
6 2
5 6
2 5
9 9
10 4
1 5
4 10
10 5
8 6
8 8
9 5
9 10
7 6
2 5
10 1
10 1
1 9
5 1
4 2
1 9
1 4
2 2
2 4
4 9
1 2
7 2
9 3
2 10
5 2
4 8
5 7
5 3
10 2
6 9
1 6
10 9
1 8
5 3
7 6
4 4
10 5
8 6
3 6
10 4
4 7
2 5
5 7
10 2
5 8
3 5
7 7
8 1
1 5
5 10
10 3
2 9
3 4
6 2
7 4
5 4
1 5
2 10
1 6
10 8
1 9
8 6
5 3
6 4
5 5
9 4
7 1
7 4
5 9
2 2
7 3
1 5
2 6
2 7
9 10
2 4
6 1
4 1
7 3
6 5
3 1
7 3
9 6
8 1
9 1
6 10
7 5
1 10
1 2
10 10
2 2
9 9
5 2
4 10
9 2
1 7
2 9
7 3
6 9
5 7
5 7
4 9
8 4
10 4
4 10
4 8
3 9
4 9
5 9
6 2
4 10
9 8
10 6
6 7
9 6
8 5
5 10
6 5
6 1
7 9
2 2
10 1
9 1
10 8
7 1
10 5
9 1
6 9
5 4
3 9
1 5
5 7
7 9
5 1
2 8
1 6
10 8
2 5
5 9
7 1
7 1
8 8
7 10
6 5
3 6
3 10
6 2
5 1
9 10
1 8
8 10
6 3
6 10
10 7
7 6
4 7
9 4
8 5
9 3
8 10
8 2
3 6
9 4
8 8
2 9
4 1
4 1
9 9
7 8
9 6
6 8
1 7
4 3
9 2
6 2
9 9
5 10
10 2
10 7
7 6
3 8
3 6
2 10
3 7
6 10
10 2
2 5
7 10
7 6
5 7
8 9
3 2
9 9
7 7
7 2
4 3
3 9
6 8
8 10
2 4
5 7
3 10
7 1
2 4
4 6
6 9
2 3
5 6
10 1
6 5
2 10
2 1
4 5
6 2
10 6
9 8
10 5
5 10
2 3
6 4
7 7
6 1
4 3
1 10
10 1
4 4
8 3
6 9
8 3
9 1
6 5
10 7
9 4
8 5
9 8
4 5
9 3
2 9
10 9
9 1
1 7
1 6
10 9
10 2
1 1
10 2
7 5
5 7
6 5
6 6
9 7
6 9
6 6
3 3
10 9
3 9
3 8
6 3
1 8
6 9
9 1
9 4
8 8
5 8
2 9
1 1
10 5
6 3
10 4
6 5
9 4
2 3
8 2
2 3
3 9
7 6
7 1
9 7
2 6
5 1
10 4
4 6
8 5
1 7
8 6
1 4
8 3
5 4
10 10
4 4
9 9
6 2
4 8
8 4
7 1
4 10
8 7
7 6
9 4
5 1
3 3
3 6
9 7
5 9
10 1
3 5
4 5
3 7
1 2
9 4
8 6
6 9
10 6
1 8
6 5
1 5
10 2
3 1
7 6
1 8
1 10
6 8
6 10
4 6
3 8
2 2
2 3
4 5
7 5
4 3
3 9
4 10
6 7
5 1
4 9
6 5
6 8
2 10
6 10
2 10
9 8
7 8
5 6
6 7
6 9
5 6
10 2
1 9
9 7
2 10
10 5
10 4
1 3
3 4
1 10
6 7
9 2
8 10
4 4
5 4
6 8
5 10
5 7
10 3
9 10
5 8
7 5
5 7
8 3
3 8
8 2
4 8
5 2
7 10
4 4
9 8
9 5
4 6
9 3
8 9
4 1
2 1
8 5
4 2
9 4
6 9
3 8
1 4
6 8
6 1
1 3
1 8
8 9
6 8
4 2
5 9
7 4
1 6
4 7
8 9
4 3
4 8
9 1
6 7
9 9
6 10
7 2
3 6
7 2
2 6
8 10
3 9
2 7
6 6
2 1
1 7
1 8
8 10
4 1
10 6
9 6
9 8
5 1
7 10
3 2
5 1
9 3
9 8
4 10
1 9
5 5
6 7
5 1
9 10
4 6
5 7
1 9
4 7
7 10
2 1
5 9
7 9
7 9
7 7
1 9
2 3
10 1
2 1
8 6
5 1
10 2
10 5
4 3
6 9
5 4
1 6
5 4
4 10
3 9
7 5
1 7
6 4
9 4
10 4
1 1
6 9
8 1
5 6
9 5
3 5
7 2
8 8
3 3
6 6
8 5
4 5
6 8
4 7
2 9
6 3
4 6
4 9
3 2
10 2
4 10
5 3
7 8
3 9
2 4
9 9
3 10
7 4
9 1
2 7
3 1
1 1
3 10
9 8
3 9
1 5
9 5
10 1
10 4
1 9
1 6
1 5
3 4
8 1
6 4
2 7
10 1
8 9
8 1
3 7
3 2
3 5
9 4
8 5
10 7
7 9
8 2
3 1
1 7
8 4
7 7
7 8
7 8
9 2
8 1
4 1
10 9
5 1
8 3
7 10
3 10
10 9
1 5
8 7
6 2
2 1
4 4
6 9
8 5
4 4
7 8
5 5
2 10
7 6
2 8
3 6
3 6
10 3
5 9
1 9
5 2
10 3
5 8
8 6
8 2
9 9
1 2
9 7
9 6
6 5
4 4
5 2
1 9
7 7
9 9
5 9
8 8
9 6
6 6
6 2
6 2
9 8
3 8
9 5
9 6
3 2
3 1
5 10
3 7
3 6
8 8
3 1
1 8
1 9
1 8
7 8
3 6
1 5
1 10
2 3
1 1
7 3
5 7
2 7
1 8
8 9
9 9
7 5
9 6
2 10
3 5
10 3
9 7
10 2
3 7
9 7
1 8
1 8
6 6
3 7
4 8
10 4
7 9
10 1
8 10
3 7
7 8
3 4
9 6
5 7
4 1
6 4
2 6
8 7
8 8
3 2
6 6
2 7
2 1
4 8
9 2
2 2
4 3
7 2
5 1
6 3
1 9
4 7
4 9
5 2
10 1
2 4
5 1
1 2
8 9
5 3
8 2
2 10
1 8
8 6
6 10
1 7
9 7
4 7
2 3
8 10
8 2
1 5
6 4
9 1
8 9
5 3
1 1
5 5
7 9
4 1
8 6
10 8
3 6
1 2
3 9
5 8
10 4
8 4
10 5
6 9
9 2
8 6
9 9
6 8
8 3
8 10
5 8
3 3
7 1
2 8
1 3
5 4
5 10
5 2
10 3
5 9
8 5
10 2
10 10
6 4
2 9
8 8
7 7
7 1
9 8
6 2
10 5
6 6
3 5
2 2
7 7
1 7
4 9
9 8
3 6
4 5
2 2
3 7
8 2
7 9
1 5
6 10
1 9
10 10
4 3
4 6
9 6
10 1
1 7
2 8
10 9
7 7
7 8
7 8
10 7
7 7
5 10
7 3
2 4
10 7
9 6
3 1
8 7
5 7
4 4
5 9
4 3
9 4
8 1
5 7
1 3
7 2
2 1
4 7
2 4
1 2
2 5
8 5
3 10
7 2
8 9
6 9
1 8
10 7
3 7
2 4
7 5
9 4
9 3
7 3
6 9
1 10
9 9
8 9
3 5
7 10
1 1
5 2
6 7
8 10
3 6
9 8
3 7
10 7
3 10
2 3
7 5
7 8
10 3
5 7
3 5
8 10
3 10
8 9
8 4
9 1
9 1
7 9
10 5
2 5
10 7
4 7
6 1
7 2
1 10
6 3
7 2
4 2
7 10
1 1
6 8
7 10
9 9
1 4
10 2
8 6
5 9
1 1
5 6
9 3
4 3
2 3
3 7
8 2
10 8
3 8
9 8
6 4
4 2
5 2
6 4
10 6
5 3
9 8
6 6
7 3
1 7
6 9
7 8
3 9
8 5
3 2
8 6
9 7
7 10
8 8
4 7
10 5
7 9
5 4
3 9
10 2
4 6
8 8
3 5
9 1
1 4
8 5
4 2
9 9
9 7
10 3
8 8
10 6
4 3
7 10
10 10
2 8
10 10
10 4
5 7
10 4
6 5
1 10
6 2
8 6
4 3
3 4
5 8
3 8
8 1
2 3
2 10
4 1
7 7
8 4
4 2
2 5
6 9
6 5
9 5
6 4
8 4
4 1
1 1
6 3
7 10
4 3
7 4
3 10
8 1
1 5
3 8
5 9
6 7
6 4
4 5
5 10
2 4
6 10
3 9
10 2
10 7
7 10
7 2
5 2
6 10
5 5
1 10
3 5
6 9
6 9
5 7
3 7
8 3
4 8
3 7
3 9
2 3
9 6
8 7
4 5
6 3
2 2
1 7
10 1
6 8
5 5
1 3
4 4
5 8
4 7
2 6
10 3
4 4
1 2
7 8
5 1
2 7
3 6
1 9
1 2
9 4
10 8
9 8
8 9
5 6
2 5
2 10
6 2
1 10
1 1
8 10
7 3
4 8
1 2
9 2
8 3
5 5
5 3
3 10
8 3
6 10
1 8
5 6
7 2
7 5
8 5
10 2
4 3
6 8
8 10
3 10
6 1
3 6
1 1
3 9
8 5
7 5
3 2
7 5
5 4
1 8
9 5
1 8
9 1
1 7
1 6
8 10
9 4
5 3
10 2
2 9
4 1
10 7
10 6
4 4
9 7
6 10
1 3
5 9
5 4
2 3
8 7
6 10
10 8
3 1
5 7
10 7
4 4
7 7
8 7
10 8
10 10
10 1
3 1
3 3
2 4
8 6
7 3
4 5
8 4
4 1
5 2
2 2
6 7
1 6
1 2
3 3
5 1
3 9
3 9
7 7
9 4
9 9
7 9
4 10
3 9
9 3
3 6
4 2
1 9
8 9
6 2
2 1
5 6
2 8
6 9
2 5
1 10
7 3
10 10
9 1
7 10
7 3
3 10
1 9
8 10
4 4
9 4
3 9
8 8
6 3
1 2
2 9
5 3
10 10
8 3
7 1
2 4
7 6
7 8
7 1
1 10
4 9
8 2
9 2
5 8
9 4
4 8
7 7
3 3
4 7
2 2
8 6
6 3
9 5
10 3
5 6
3 8
10 2
8 9
10 7
5 3
6 10
9 1
4 1
7 4
8 8
5 7
6 4
3 8
3 1
6 5
7 8
10 5
9 1
10 1
7 6
7 5
3 4
3 3
10 3
1 1
5 6
5 5
9 7
10 8
2 8
9 1
2 5
9 10
5 8
5 9
4 7
5 10
1 9
2 10
1 2
2 4
7 4
4 10
8 9
2 5
4 2
10 10
4 3
7 7
3 4
6 2
4 2
1 1
1 4
2 3
3 8
8 2
6 10
3 5
3 6
5 4
9 6
3 6
6 10
9 1
8 2
2 6
7 5
3 5
9 9
6 8
3 10
8 10
10 5
2 2
3 4
9 5
3 7
1 5
5 7
6 8
4 5
6 4
4 10
4 7
10 5
10 5
8 4
4 5
4 4
1 1
5 5
7 10
4 10
6 2
8 9
1 4
1 8
7 10
3 3
10 10
7 6
1 4
2 7
6 3
7 3
10 9
7 10
2 2
8 6
6 10
8 4
5 3
8 2
1 2
5 1
9 8
6 10
7 7
6 9
9 5
4 4
3 4
7 6
6 3
3 3
6 1
10 9
5 6
10 2
9 6
10 10
7 10
4 8
2 10
4 3
7 8
4 3
8 7
9 1
10 3
4 10
7 8
10 10
2 7
4 5
3 9
8 9
3 3
8 5
5 10
5 1
5 3
6 5
3 3
1 3
9 10
4 1
10 4
7 4
2 8
8 2
10 1
3 10
2 2
2 7
4 9
6 5
6 6
2 3
5 10
9 2
1 10
1 7
3 8
10 1
2 6
2 2
1 10
2 2
4 5
10 9
6 8
4 6
7 3
10 9
9 8
9 2
1 7
10 6
8 7
6 2
9 6
6 2
7 3
3 8
2 7
7 3
4 6
7 9
8 8
3 10
4 8
8 3
10 7
3 6
6 5
1 4
3 1
5 6
9 7
6 6
8 5
9 10
9 3
6 7
8 9
1 5
4 6
3 3
5 7
9 4
1 7
5 10
9 7
9 1
8 1
9 7
1 4
4 3
3 3
4 8
5 8
8 5
9 8
4 3
4 3
2 1
1 2
3 5
2 1
10 6
7 3
8 1
8 1
5 6
1 2
5 10
3 5
5 2
1 10
9 6
3 6
6 5
4 8
1 6
10 10
5 1
2 10
8 8
10 10
5 7
10 2
6 2
8 4
1 5
6 8
1 2
2 9
2 10
3 8
10 2
6 5
1 1
10 1
9 2
3 10
10 6
5 9
4 4
9 2
9 8
5 7
9 4
10 7
2 5
7 4
9 2
7 3
2 1
1 1
1 10
5 5
1 2
5 6
6 6
10 9
9 1
8 9
9 8
4 5
8 2
3 2
9 5
2 6
1 1
3 9
3 4
10 9
9 6
4 7
7 4
10 10
4 1
9 1
2 10
4 7
3 3
8 10
4 9
10 2
1 2
8 4
8 10
7 2
9 4
1 8
7 8
3 10
9 3
3 10
7 10
2 1
5 9
9 10
9 7
4 9
10 6
7 4
7 3
4 5
3 9
8 6
3 7
7 6
1 10
10 9
1 8
9 5
1 10
1 8
4 2
2 4
5 9
9 1
9 7
8 9
2 7
2 7
10 3
3 7
5 9
7 6
9 6
10 4
6 5
7 3
9 1
4 7
3 2
6 8
8 8
3 1
9 2
5 5
8 9
10 1
9 5
5 4
6 1
6 5
3 1
4 3
6 5
3 2
10 3
2 6
1 2
8 5
6 3
9 5
3 6
7 2
7 6
3 10
1 9
8 5
9 7
1 3
7 10
1 3
4 3
9 9
3 8
1 9
1 10
6 2
8 7
2 6
2 2
7 8
4 5
3 6
2 6
9 7
9 6
4 7
4 3
6 8
3 2
7 5
9 6
5 10
1 2
2 2
9 8
6 10
9 6
2 5
1 3
6 1
6 10
7 4
4 1
4 9
9 3
3 3
3 3
5 8
1 6
6 7
10 7
10 2
8 2
4 4
4 8
5 7
10 4
3 7
4 4
6 6
4 8
6 5
9 6
1 7
9 6
3 6
3 8
9 10
8 8
10 6
4 8
9 9
2 8
1 7
5 10
10 2
5 6
6 2
5 9
9 9
6 6
7 5
4 1
8 5
3 7
6 10
10 9
10 5
2 7
8 10
7 4
9 6
7 7
8 1
2 7
10 7
6 9
1 9
3 9
1 1
7 8
4 2
6 1
2 7
1 7
1 6
10 1
7 1
3 6
8 9
6 4
6 7
5 5
7 3
9 10
1 6
3 1
3 7
1 8
7 4
5 10
3 5
1 5
8 8
4 6
1 7
2 8
9 1
8 4
2 6
8 2
5 7
8 1
9 8
10 3
10 6
3 8
2 5
5 10
3 10
4 6
1 1
5 6
6 1
10 4
1 5
8 10
10 4
9 6
2 6
1 1
10 7
2 6
3 9
6 3
9 6
8 4
2 6
9 4
6 2
3 4
4 5
6 7
2 8
1 4
8 5
1 10
5 10
8 1
4 8
5 9
3 5
4 1
5 8
10 5
9 9
3 1
6 10
6 10
2 10
3 1
9 5
4 1
4 2
6 1
1 7
9 3
2 6
10 8
5 2
8 9
2 6
8 9
3 5
8 6
5 6
9 1
6 8
8 8
2 10
8 7
4 1
5 8
8 4
4 10
4 1
4 7
10 3
7 9
2 2
6 7
7 6
3 10
2 4
9 10
4 5
7 8
8 10
3 4
1 9
3 8
10 6
8 7
4 3
4 8
6 1
3 4
6 8
10 7
4 2
1 4
10 9
3 5
6 10
1 3
5 2
4 10
5 9
3 10
6 2
9 2
7 6
10 3
8 3
7 7
4 8
2 7
7 4
3 9
9 7
8 2
6 6
4 6
2 3
7 1
5 9
5 2
2 2
1 10
1 10
6 10
9 9
2 2
2 4
8 7
6 9
6 9
4 3
1 10
6 9
8 6
6 6
2 7
7 4
4 9
3 1
5 10
10 6
6 1
6 9
6 4
2 2
2 3
10 7
7 3
3 3
10 1
5 4
10 10
5 5
8 5
9 2
5 2
2 7
9 10
10 9
9 7
1 9
4 6
8 9
3 8
3 9
3 5
6 3
7 3
10 4
5 3
2 1
5 7
9 10
3 1
10 9
5 7
10 10
8 6
3 1
5 2
6 3
10 10
5 8
2 2
3 10
2 2
9 8
2 7
3 5
5 5
9 10
9 2
5 3
2 5
10 4
6 1
3 5
8 4
7 4
4 7
8 3
6 10
3 2
4 2
3 8
2 6
4 6
2 1
4 10
3 10
10 4
9 8
4 10
8 2
7 1
7 1
10 4
9 2
8 9
7 4
1 4
10 9
2 9
4 1
8 2
10 8
1 3
8 5
8 3
5 4
8 10
1 1
4 8
9 6
9 10
10 5
1 4
8 2
10 7
5 3
5 4
10 7
5 3
9 1
1 3
5 1
8 4
2 10
7 5
9 4
3 1
4 8
2 8
3 9
10 9
7 9
7 9
8 8
6 1
6 2
3 9
3 10
4 5
1 2
5 8
3 5
7 5
7 6
1 4
6 4
10 8
9 7
10 8
1 5
7 2
6 4
1 7
8 1
1 7
1 7
9 5
8 3
1 8
2 9
6 5
4 9
3 8
8 10
4 4
3 1
2 5
9 6
9 7
4 7
10 7
6 10
4 5
9 2
7 4
3 10
10 9
4 9
3 3
2 4
7 5
9 5
9 2
4 4
9 10
6 7
2 6
2 10
2 7
4 6
7 1
10 7
5 6
2 10
1 6
10 1
1 10
4 4
1 4
10 3
5 5
1 1
9 7
10 1
9 5
8 9
6 1
4 4
9 5
1 9
5 3
4 10
3 5
8 7
3 8
4 7
9 3
1 4
5 9
10 2
8 1
2 9
2 6
4 6
1 1
6 2
2 2
2 3
4 4
9 1
4 10
9 6
10 9
5 8
10 3
9 6
7 8
3 1
10 3
1 9
10 10
5 8
5 9
9 10
5 8
5 5
8 4
3 8
10 1
6 9
6 9
3 3
1 9
1 2
4 6
9 1
7 10
9 7
9 5
3 10
1 8
2 1
2 6
1 6
8 9
7 1
9 8
2 5
4 8
2 6
7 1
9 5
6 7
9 9
8 9
1 9
2 10
4 2
8 5
6 8
4 9
9 2
7 6
1 8
5 2
7 7
9 3
8 2
6 8
9 10
1 6
2 9
3 9
7 4
10 3
8 8
6 4
3 2
8 1
2 6
2 5
6 2
4 5
2 1
6 3
2 6
7 3
6 4
7 9
8 10
3 2
10 2
5 2
9 5
3 4
10 1
9 2
3 1
8 3
7 8
5 9
3 9
4 2
2 4
4 6
2 5
4 1
4 10
8 7
4 6
10 8
1 8
5 3
9 10
1 8
6 2
6 10
6 6
8 1
7 10
3 10
4 7
2 10
6 8
3 2
5 5
9 6
10 5
8 5
6 4
8 6
9 4
1 1
1 5
2 9
2 1
7 1
8 4
5 6
4 7
7 5
8 10
8 7
6 4
5 7
1 4
8 2
1 9
8 8
10 3
3 4
6 4
3 5
8 6
9 4
1 5
5 10
4 9
4 2
1 5
9 5
7 10
7 5
4 7
5 8
1 8
1 10
9 1
9 8
1 4
2 9
9 1
7 10
5 1
8 4
5 9
7 10
1 2
8 7
2 7
3 9
10 1
3 3
1 2
8 3
5 3
10 8
6 5
5 10
10 5
8 7
2 8
9 9
7 6
1 7
5 7
1 1
6 1
10 9
5 4
4 5
2 10
8 9
7 5
1 7
10 8
2 6
2 5
10 4
2 8
9 4
6 6
1 7
7 5
4 5
9 10
7 8
9 9
5 5
2 1
9 6
2 4
9 6
9 3
9 2
9 5
8 3
10 1
2 2
9 8
8 2
7 6
2 2
3 6
1 1
2 10
10 6
6 10
1 7
2 9
4 1
6 10
5 8
5 7
8 3
2 8
8 2
8 3
6 10
7 2
8 1
6 6
3 6
9 10
1 9
6 2
2 8
8 7
10 1
5 9
9 9
6 5
1 9
5 9
5 4
5 3
7 2
3 6
8 6
5 9
1 8
9 9
3 2
8 1
9 5
2 6
7 8
6 7
7 7
8 6
3 9
9 5
9 1
10 10
10 3
10 5
2 9
2 4
10 9
2 9
2 10
8 4
7 8
9 6
5 9
6 8
6 6
7 2
10 10
4 6
8 7
7 10
5 3
3 10
8 2
4 1
2 3
8 7
5 4
1 2
6 9
8 2
2 1
3 1
2 1
2 3
4 2
9 2
4 8
8 2
9 1
3 8
9 10
8 8
4 8
2 1
4 1
10 9
6 6
1 5
6 6
10 6
1 7
7 2
8 9
3 6
1 10
5 3
6 7
8 1
8 10
4 3
8 8
10 6
8 10
4 1
7 3
2 4
8 1
8 7
1 6
7 1
5 8
6 10
5 9
3 2
4 1
4 7
10 4
5 2
5 9
6 4
3 2
2 3
6 8
9 10
2 4
7 3
5 3
3 1
5 9
6 1
9 3
4 3
4 1
2 5
4 3
5 1
3 7
8 2
3 7
5 2
4 7
9 5
2 1
10 1
1 5
5 4
4 8
10 2
7 6
4 4
5 9
10 7
5 7
9 1
7 9
4 1
1 10
1 6
8 8
8 8
3 8
4 8
1 7
2 7
1 1
10 4
6 3
8 8
6 9
9 6
4 9
8 7
2 3
9 6
1 8
6 7
4 6
7 5
6 3
10 1
5 8
4 8
3 9
6 10
9 2
2 9
2 4
1 4
4 1
8 4
8 8
5 10
4 7
9 1
7 5
9 8
10 4
10 3
8 2
3 2
3 6
3 10
5 3
2 3
1 3
2 10
8 9
1 2
8 8
6 5
1 1
6 8
6 9
5 6
6 9
8 1
10 8
9 9
4 10
4 7
6 10
7 8
1 9
7 9
1 3
10 4
2 10
9 4
7 3
6 4
8 6
6 10
4 7
10 9
8 6
4 1
7 2
1 1
6 3
8 9
8 8
6 2
7 4
7 10
9 3
6 6
1 1
7 7
1 4
9 6
9 9
2 1
7 3
8 7
9 4
10 2
8 1
8 8
5 6
5 10
10 9
1 3
10 8
9 6
2 8
6 2
10 3
1 4
8 1
8 3
8 8
5 4
9 3
9 4
9 9
9 3
2 4
8 4
1 4
8 10
1 6
3 2
5 6
1 2
8 9
9 1
9 5
9 1
5 8
2 2
8 2
9 1
6 6
3 3
5 2
8 7
5 3
5 5
9 5
8 9
4 5
3 8
8 8
10 1
3 1
8 8
6 8
7 8
7 3
2 9
3 10
1 3
5 6
4 9
8 4
3 4
4 2
1 7
5 7
1 5
8 1
6 9
1 8
7 8
4 8
3 10
3 5
10 6
1 6
3 1
2 2
10 6
10 6
3 9
2 10
5 6
9 3
8 8
4 8
8 10
10 2
5 2
9 6
6 3
6 7
10 1
4 8
1 9
8 6
4 1
6 4
8 7
5 9
4 10
7 10
1 8
2 5
4 10
1 4
6 7
10 3
7 8
8 4
4 1
10 7
5 8
5 10
1 8
8 9
2 6
5 3
2 1
5 6
6 4
2 9
7 6
6 4
4 5
4 3
3 2
6 2
5 4
1 10
1 1
4 10
4 7
4 9
2 1
4 5
7 4
2 7
4 8
1 7
8 8
2 4
4 8
8 4
1 7
5 3
6 7
7 2
8 5
6 4
2 7
5 8
1 7
9 2
5 8
10 2
9 9
10 5
7 10
3 9
3 2
1 1
8 3
1 6
1 4
7 3
7 10
7 7
5 6
10 2
7 6
9 1
10 7
9 5
5 5
4 5
1 1
9 5
10 2
5 4
5 7
5 2
6 3
2 3
9 3
1 1
3 2
8 6
1 3
10 4
2 2
3 4
9 2
9 10
4 2
1 6
5 1
7 3
4 3
10 2
9 8
5 4
3 1
1 6
3 3
10 7
4 9
2 8
4 5
7 9
8 10
3 3
9 6
2 3
7 8
3 10
9 6
5 4
6 1
5 8
7 3
9 5
8 7
3 1
1 2
4 3
9 10
4 10
3 2
1 7
3 7
2 5
8 7
9 6
1 9
7 5
1 9
6 6
6 6
7 8
2 4
4 5
6 10
4 9
7 4
5 9
6 1
9 6
9 1
3 1
9 9
1 5
10 8
9 7
3 5
8 2
9 7
2 3
6 1
9 1
4 6
4 8
10 6
4 2
1 6
2 2
4 5
1 2
4 10
2 10
1 8
7 10
8 5
4 8
3 9
2 7
8 8
2 7
2 6
7 5
4 3
4 9
5 2
4 9
5 6
4 10
2 9
4 7
1 5
2 2
10 2
1 2
5 5
7 9
9 7
4 4
5 9
8 10
9 2
10 5
6 8
9 6
10 1
1 5
4 8
2 10
10 9
2 3
1 2
5 7
5 9
10 2
1 2
8 2
6 6
2 8
4 10
7 4
4 5
10 2
6 4
4 1
4 3
2 10
3 10
4 9
3 1
8 9
2 6
9 3
4 1
6 1
1 5
5 10
4 9
7 10
10 6
9 7
2 9
2 6
10 7
7 4
3 3
4 3
9 4
9 10
9 10
7 9
6 6
3 10
1 10
2 6
8 1
9 1
2 2
4 3
5 3
1 9
10 1
1 1
5 10
3 4
6 5
3 1
1 7
8 8
5 9
7 1
3 1
9 3
1 8
10 2
4 5
6 4
6 6
1 5
1 7
6 3
1 1
2 10
4 1
6 4
3 4
2 2
2 1
9 1
6 4
1 10
3 3
6 5
3 9
6 4
4 4
7 7
3 2
4 4
7 9
1 10
10 8
9 3
9 4
6 8
2 1
5 10
9 7
7 2
9 8
10 4
10 5
1 1
9 9
4 6
3 2
6 8
9 8
1 6
7 9
4 7
6 7
9 10
1 7
7 9
8 9
8 10
6 1
7 3
4 6
8 1
1 6
2 4
5 1
5 8
8 7
8 8
4 1
6 5
3 2
5 7
4 9
9 8
2 10
4 2
6 4
2 5
6 10
1 8
10 8
2 4
3 7
2 7
10 1
1 7
1 7
8 2
10 5
2 1
9 2
2 7
8 3
5 5
3 1
7 3
6 8
2 4
4 5
1 10
4 6
3 1
7 6
9 1
4 1
7 9
4 1
9 1
8 8
4 2
9 4
6 10
7 6
10 6
4 2
1 4
6 3
4 6
8 3
1 10
7 9
7 10
4 5
3 9
6 9
5 10
5 8
2 2
4 1
3 4
7 10
10 7
10 9
8 10
8 6
10 4
4 8
7 3
10 5
3 5
5 2
2 2
7 7
6 5
9 6
9 2
8 6
9 6
7 7
5 9
8 8
8 2
3 8
2 1
9 4
5 8
10 5
5 7
2 4
9 7
6 1
2 7
4 9
5 2
5 3
2 7
1 5
4 3
9 2
10 3
3 5
8 8
3 8
5 1
3 5
8 5
10 7
1 3
4 5
5 1
4 7
2 10
4 4
3 6
5 3
1 9
8 4
6 1
3 2
6 10
3 8
9 5
2 6
7 8
8 2
9 6
9 2
5 10
7 5
8 4
8 6
10 6
1 10
10 8
5 7
1 6
10 3
6 6
9 9
2 1
1 1
10 9
4 5
1 9
5 10
10 10
5 1
6 6
7 10
4 8
4 5
1 2
9 6
4 3
4 9
3 5
1 1
6 2
8 4
9 3
1 5
8 4
3 3
6 5
7 8
1 5
2 9
4 3
10 6
8 5
3 1
9 6
9 7
2 2
10 3
10 5
6 8
10 4
3 3
8 4
6 8
7 3
9 3
1 3
10 3
1 3
10 9
5 4
6 10
6 6
1 3
4 6
7 4
6 3
10 9
1 9
6 1
3 3
8 9
10 3
4 8
3 4
4 2
7 6
7 5
1 3
7 10
2 1
3 8
3 7
9 6
1 5
1 7
9 2
3 4
8 4
7 8
1 3
10 5
9 1
10 3
10 8
7 10
2 2
4 10
4 4
9 10
1 10
9 10
1 4
1 1
3 5
1 8
3 3
5 9
5 5
7 5
3 3
7 2
6 10
1 3
6 7
8 5
10 3
9 4
8 5
7 4
10 7
9 4
10 3
8 4
10 10
10 3
1 1
2 3
3 5
6 10
2 2
6 3
7 2
6 10
5 10
1 6
9 8
5 9
10 2
1 7
2 1
6 3
6 3
5 10
2 7
3 2
9 9
4 10
2 3
7 3
7 5
5 4
10 6
8 10
6 8
8 8
8 8
8 5
3 10
10 8
6 1
7 9
3 9
1 5
2 7
8 2
8 7
6 9
7 9
10 3
6 6
7 9
9 9
2 3
3 8
5 8
5 7
9 5
3 6
10 10
7 3
8 9
2 8
1 3
2 1
3 7
6 4
8 8
2 7
4 2
5 8
9 9
8 6
4 1
10 8
3 5
2 10
6 10
3 10
4 4
5 7
5 6
4 3
8 6
10 1
6 1
1 5
9 3
9 2
1 6
7 2
5 5
5 2
7 8
3 9
10 5
10 6
9 7
8 3
4 9
5 8
3 5
4 7
8 4
3 5
1 5
4 10
6 8
10 4
9 6
10 3
6 2
5 7
7 9
7 1
7 2
5 4
9 9
5 5
3 9
7 2
3 5
6 10
10 4
6 6
1 8
4 5
3 4
9 9
10 9
6 7
4 3
2 3
3 5
7 8
2 2
5 8
2 2
1 7
2 8
6 2
10 5
4 2
9 7
3 7
4 8
8 10
9 8
5 10
1 5
4 6
10 4
4 7
1 8
3 3
7 2
2 6
10 7
7 7
6 5
2 7
3 10
4 5
10 2
1 4
9 7
3 4
3 7
6 9
1 10
7 9
1 9
5 9
10 7
4 4
1 6
9 1
2 4
1 10
7 6
1 2
1 5
8 3
7 10
4 8
2 10
1 3
3 2
3 3
4 3
10 5
9 10
3 7
5 9
6 2
10 8
2 6
4 4
1 8
7 5
10 2
5 7
1 4
6 3
2 3
7 3
5 1
4 2
9 9
7 2
8 2
9 1
2 5
5 1
5 5
4 9
6 1
8 7
9 8
8 10
6 1
9 7
5 8
8 3
4 10
6 9
2 3
2 1
2 6
1 6
9 2
4 7
8 9
9 4
4 2
2 7
7 8
4 5
2 8
7 3
5 6
4 4
5 3
4 7
10 8
7 1
10 4
6 7
6 2
1 6
3 2
8 3
5 4
3 7
1 7
4 6
10 8
4 8
5 6
8 3
4 6
9 8
5 2
4 5
7 2
8 1
2 9
1 5
9 8
2 5
3 2
5 9
8 8
6 5
1 5
8 8
7 3
1 9
1 10
5 8
5 5
7 6
6 5
5 8
5 6
2 9
5 8
1 4
8 10
1 2
6 4
5 3
9 3
4 9
4 9
7 2
3 10
7 10
10 1
2 5
6 5
5 9
1 10
4 8
1 2
3 1
2 8
2 7
3 8
4 3
5 5
5 5
6 10
6 4
2 5
2 2
4 7
5 10
9 5
3 4
1 7
2 7
7 4
8 8
4 1
1 6
6 9
9 5
3 8
1 6
9 3
8 4
1 1
10 6
1 5
4 6
2 6
4 4
10 7
2 1
1 4
5 8
7 10
4 9
1 3
4 10
8 7
10 8
6 8
3 6
4 7
10 9
1 4
8 6
1 1
9 5
7 7
6 5
4 8
4 10
4 10
1 10
5 9
9 3
1 3
8 2
5 10
4 8
5 10
1 5
8 3
5 3
1 10
4 9
8 5
4 4
8 4
10 8
4 10
6 3
3 3
4 1
4 9
7 8
10 1
4 1
8 3
7 6
6 7
5 7
1 6
9 7
3 9
1 7
4 2
5 2
9 4
9 4
9 10
3 1
9 5
6 7
7 3
2 3
4 4
4 4
3 8
8 8
5 4
4 10
10 3
4 1
8 3
2 3
5 10
4 6
6 3
9 1
7 9
5 1
10 10
5 1
10 1
9 1
3 5
6 7
2 6
6 9
6 2
9 1
5 5
10 1
5 2
3 2
2 6
3 9
4 10
3 10
7 2
4 10
1 2
10 6
1 1
9 3
7 1
7 10
4 4
9 3
7 10
10 6
1 3
10 3
10 7
10 1
8 4
2 4
7 10
9 9
3 6
5 7
7 4
7 1
10 7
9 9
3 6
4 8
10 3
2 10
5 2
9 7
1 1
7 9
2 1
5 6
3 9
8 2
5 6
4 4
5 7
8 10
7 7
2 4
10 8
4 6
9 4
5 6
9 10
2 3
8 8
7 2
4 7
6 10
4 4
2 10
8 9
1 3
6 4
2 8
8 6
10 10
10 10
6 7
4 10
1 8
1 5
8 10
8 1
10 4
7 5
8 9
2 2
9 2
1 4
7 2
2 9
9 7
8 7
8 2
4 2
10 2
6 3
2 9
1 2
1 7
5 3
8 2
9 6
1 8
5 9
5 7
3 9
3 6
1 6
2 1
6 9
3 8
2 5
9 3
5 1
7 4
8 9
4 7
7 9
3 1
10 7
3 9
10 9
3 2
1 1
6 5
6 8
3 7
5 7
9 3
6 10
10 4
6 8
4 9
5 8
2 5
9 5
3 6
2 5
2 1
7 6
7 4
9 5
7 1
1 6
1 8
7 1
8 2
8 4
4 3
1 6
9 5
6 6
2 3
7 7
2 1
3 3
3 8
10 5
1 5
10 10
5 2
6 1
3 9
8 2
7 10
2 4
9 1
7 7
7 8
10 2
1 3
9 8
3 9
1 5
7 6
10 10
4 6
8 1
1 4
2 1
1 7
6 4
9 3
2 1
7 9
5 10
5 7
10 6
8 9
1 4
5 10
8 1
3 10
4 3
8 8
7 8
10 2
3 10
2 2
5 6
10 6
1 10
7 2
2 5
5 8
9 8
6 3
6 5
3 4
3 4
10 4
3 4
10 5
2 6
10 9
1 5
1 8
1 3
4 3
1 10
7 5
7 6
9 1
2 7
5 5
10 8
1 8
6 7
1 6
7 2
1 2
6 1
10 6
7 7
3 9
1 2
9 2
9 2
5 6
8 5
2 6
6 7
7 3
8 1
1 9
1 4
6 9
10 7
4 4
10 8
5 9
9 2
5 7
1 6
1 8
6 5
8 8
9 2
7 6
9 8
7 8
8 3
4 2
8 2
6 9
7 9
7 9
1 2
9 4
2 7
7 2
1 4
6 8
5 4
3 7
8 10
1 1
9 7
2 4
10 1
2 6
8 5
6 10
10 7
3 4
3 8
3 1
10 2
10 1
5 10
5 3
6 3
8 9
2 4
1 3
2 6
4 1
2 5
3 7
1 10
3 9
5 6
9 2
5 5
6 9
7 5
10 10
2 5
10 8
5 2
2 10
10 9
1 2
8 8
7 8
2 2
4 2
6 3
9 9
4 9
2 7
2 6
3 5
2 8
5 3
1 10
2 4
6 5
2 4
5 3
8 10
6 7
3 8
2 1
9 4
5 4
8 8
7 5
5 7
2 2
8 9
3 3
8 10
6 8
7 10
1 7
5 7
3 6
1 10
2 10
5 6
6 9
8 6
1 5
4 8
6 9
9 4
2 3
8 7
7 8
7 3
7 1
1 7
3 10
7 2
3 5
8 2
3 3
1 6
2 6
6 1
6 5
7 5
10 2
1 10
8 8
1 10
2 10
10 4
8 2
4 6
8 1
1 6
10 8
4 2
4 1
1 6
2 3
8 1
10 5
10 8
10 8
3 8
5 10
5 6
5 7
4 2
9 8
7 6
6 2
1 9
1 9
8 5
7 1
6 2
3 3
9 9
9 2
7 5
1 2
1 3
2 10
1 10
1 6
5 8
1 5
7 1
2 1
9 6
5 9
7 7
4 2
5 10
2 1
3 2
5 8
10 10
10 1
4 9
4 6
9 3
6 1
10 8
2 7
3 7
8 10
5 8
10 5
9 8
4 8
6 3
10 9
6 3
4 4
2 8
5 8
6 4
8 3
4 9
10 2
2 1
9 5
7 4
5 9
1 7
5 6
1 9
10 6
6 2
7 1
5 7
3 9
7 8
2 6
5 4
4 1
1 7
2 6
2 4
2 8
7 6
6 3
4 6
3 2
9 6
10 10
4 6
8 7
6 5
3 10
2 2
10 2
7 2
1 10
9 10
6 8
2 6
9 10
7 4
6 9
1 10
2 3
5 6
8 8
9 1
7 6
5 1
9 7
3 8
4 10
1 2
3 9
7 1
9 10
10 4
9 4
10 6
5 9
10 10
9 9
8 4
2 5
10 3
4 2
6 2
8 8
1 8
4 3
8 2
4 4
1 3
3 2
10 3
1 5
4 8
10 1
2 10
1 4
9 1
2 9
7 2
2 5
5 2
10 5
4 6
8 10
2 10
3 3
9 8
5 7
2 9
6 2
2 9
7 1
3 3
2 9
5 8
1 5
3 5
8 2
7 5
4 9
4 10
1 10
10 5
6 7
9 8
9 9
7 7
9 7
2 2
8 1
10 5
8 7
6 5
10 5
9 7
5 3
3 9
3 3
9 7
8 4
2 5
4 9
2 2
10 7
9 8
5 7
6 1
10 6
5 3
5 9
9 7
1 3
3 1
9 5
7 5
6 7
8 8
4 1
10 6
4 1
2 4
8 1
4 5
4 10
6 5
3 2
10 1
9 6
10 6
7 7
8 4
7 1
3 5
2 8
2 6
4 2
2 3
7 4
7 5
6 3
1 9
3 5
2 9
2 7
9 1
9 3
6 9
2 4
5 8
6 5
1 4
6 4
2 4
1 1
3 10
9 9
1 7
3 8
7 3
1 1
10 10
8 5
10 7
6 10
5 7
9 3
4 6
4 6
9 10
10 6
9 5
7 4
8 8
9 7
2 7
10 9
8 1
1 5
5 6
7 6
7 2
3 3
4 4
2 5
2 6
8 10
4 10
2 8
5 6
3 5
2 5
5 1
1 10
7 8
1 2
7 1
7 9
3 3
4 3
2 1
6 9
3 8
8 8
10 1
1 1
6 4
8 7
4 10
4 5
7 10
10 9
9 8
8 2
7 4
8 9
2 2
1 2
7 8
3 9
2 3
2 8
7 7
9 4
1 9
7 1
7 8
10 10
4 4
8 10
8 7
2 3
2 2
9 1
4 5
3 2
4 8
6 10
4 4
1 8
10 1
1 1
9 2
7 2
6 4
8 3
2 5
2 8
4 5
7 4
10 10
4 3
2 10
5 4
10 8
9 2
4 10
8 1
1 3
1 6
4 2
9 2
5 6
1 5
9 8
6 9
6 4
3 10
8 4
10 10
2 5
1 9
6 1
6 4
4 7
3 7
1 8
7 1
9 10
10 6
9 3
7 3
9 8
5 10
5 9
2 3
7 10
6 4
10 10
8 7
3 9
3 7
4 1
1 4
2 7
8 1
5 10
2 2
10 9
10 4
8 6
6 9
4 6
10 1
9 10
1 5
5 2
1 9
8 8
4 7
9 9
3 5
2 5
7 10
7 7
6 10
6 1
8 9
1 3
8 6
8 6
2 6
6 8
9 9
6 1
2 3
1 2
6 5
2 5
3 5
4 1
1 4
8 2
1 5
8 1
10 5
9 3
7 4
7 8
4 1
5 1
4 9
9 8
5 6
1 1
10 4
1 5
9 6
6 3
5 10
3 2
6 2
3 1
4 9
6 3
6 3
6 7
8 5
9 3
3 5
1 4
7 10
4 8
8 8
2 8
7 9
6 7
1 3
5 8
1 4
10 3
4 10
2 7
1 7
10 10
8 10
8 10
8 5
8 9
1 3
3 3
5 4
7 10
6 5
8 7
10 3
2 4
4 1
3 5
1 2
7 9
4 2
9 8
8 7
10 10
4 8
6 8
1 7
1 3
8 1
5 3
4 6
1 7
6 6
3 4
4 4
1 1
1 9
4 1
8 8
6 4
3 6
10 5
2 2
8 7
5 3
4 4
10 6
5 10
3 7
10 6
4 6
9 1
6 3
3 10
1 5
2 2
7 5
4 1
7 1
1 2
7 9
5 4
4 6
6 3
1 5
10 5
9 6
6 9
6 8
4 9
7 8
3 1
2 6
3 4
3 2
9 5
3 7
5 3
2 5
1 3
8 1
6 4
10 4
7 9
4 5
5 5
2 10
5 5
7 1
2 1
3 4
10 5
5 3
8 3
9 5
4 8
8 3
4 6
2 2
10 10
2 3
8 2
6 2
8 6
4 5
2 7
10 7
4 6
1 2
4 7
1 8
2 7
3 7
7 3
5 5
7 3
2 1
6 7
7 1
8 3
4 7
10 4
6 10
5 8
1 4
2 8
10 9
3 4
9 4
6 5
10 5
4 1
4 6
1 3
9 8
5 4
7 1
10 7
1 3
3 2
4 3
9 9
9 3
4 2
9 3
1 10
9 6
3 8
10 2
10 5
10 1
2 5
6 3
2 4
10 10
9 5
3 4
4 9
7 5
8 7
7 6
6 5
2 3
7 9
9 5
3 9
5 7
1 7
8 5
4 4
8 10
6 5
9 10
2 3
4 4
4 8
5 2
7 1
8 6
5 1
9 1
10 9
1 10
7 6
3 1
8 1
2 8
9 7
1 8
9 9
6 8
4 8
10 1
4 8
9 7
8 1
9 5
1 3
4 8
7 7
3 7
1 2
10 2
4 8
3 10
3 9
10 2
2 8
4 8
8 3
2 3
4 10
3 8
8 10
9 4
9 2
2 6
6 3
6 10
6 5
3 3
10 9
5 2
2 10
9 5
2 7
9 4
7 7
7 9
3 5
2 1
4 6
1 4
1 8
9 5
10 8
5 9
10 10
3 5
3 9
1 2
10 5
7 4
6 8
6 8
8 3
2 3
8 1
1 2
5 9
3 7
4 2
2 3
3 4
8 3
1 8
6 3
4 2
2 8
9 1
3 3
1 10
7 3
3 10
8 5
4 10
4 8
3 9
2 6
10 10
7 8
4 9
5 6
10 1
2 1
5 1
7 3
8 10
3 9
4 6
10 4
7 1
5 6
2 6
10 6
2 2
9 5
8 10
5 10
8 3
4 8
3 6
10 2
1 2
10 5
10 1
2 7
2 1
10 10
3 10
2 5
7 7
9 7
2 5
6 2
1 2
2 4
4 4
4 10
5 5
6 1
7 8
2 6
6 10
3 5
5 1
2 5
2 8
3 7
2 10
2 4
6 4
5 6
8 4
2 6
4 2
3 1
10 2
6 6
5 2
3 4
4 7
7 7
9 8
5 6
1 7
6 7
2 9
1 7
7 1
8 1
8 2
1 9
8 5
2 10
6 1
10 3
9 9
6 8
5 1
2 3
7 2
1 3
3 5
7 2
4 6
1 6
8 3
1 6
2 8
5 4
1 3
1 2
10 1
9 7
5 8
2 9
8 4
10 3
10 3
2 1
9 5
6 6
1 4
4 10
5 5
2 1
8 8
2 2
7 1
10 4
3 9
6 7
4 2
4 2
1 8
2 3
4 1
9 8
2 9
5 4
6 9
8 10
4 10
8 1
8 5
7 7
5 3
3 2
8 8
3 5
5 9
3 4
10 9
4 2
3 9
8 2
7 1
4 8
1 3
2 3
8 6
8 7
1 1
7 2
5 1
4 3
9 2
5 2
4 6
3 5
6 7
6 7
2 7
3 2
1 7
4 5
10 7
4 7
3 10
8 3
7 1
8 8
9 9
10 6
6 7
3 9
10 6
3 5
1 10
7 7
6 6
5 10
5 9
9 10
1 8
9 1
6 5
6 5
8 6
1 1
2 1
8 4
10 9
10 7
4 4
9 9
2 10
4 5
8 9
7 4
3 6
9 7
2 3
3 4
5 1
7 10
5 5
6 9
3 5
7 9
5 5
10 5
6 3
9 7
1 1
4 8
4 9
10 4
4 2
6 1
7 10
2 8
7 9
2 7
1 9
2 7
8 6
9 1
7 9
1 1
8 5
4 3
5 9
7 10
3 9
10 3
3 10
1 9
2 6
5 1
9 3
6 6
2 2
6 10
1 5
7 2
4 8
5 2
3 3
3 5
6 8
8 3
5 2
4 2
6 2
7 4
7 7
8 5
5 5
9 9
1 9
6 5
4 1
3 8
6 5
1 9
8 10
9 1
5 7
6 5
9 10
8 4
3 4
4 6
3 8
2 9
6 6
7 2
1 7
2 2
4 6
4 4
1 7
1 7
6 8
7 9
7 8
10 2
8 2
8 3
4 5
3 1
1 10
5 9
2 3
10 9
10 3
9 6
8 1
9 9
2 3
9 4
5 4
6 8
4 9
4 10
8 9
4 4
10 3
5 9
6 6
9 3
1 3
7 4
5 9
1 8
5 1
5 3
7 9
7 3
9 6
3 3
7 5
3 9
9 4
4 2
6 3
4 7
2 8
10 7
9 4
4 4
9 7
2 4
3 10
3 7
8 9
2 7
7 9
5 7
9 1
9 7
9 9
10 6
6 6
5 8
4 3
8 2
1 9
10 5
9 3
2 2
4 1
1 2
4 7
7 7
8 7
8 1
9 3
3 9
2 2
3 6
10 3
10 9
10 5
4 10
8 9
7 7
5 4
10 7
10 10
9 10
4 10
5 3
7 1
2 6
3 4
8 5
2 10
9 4
4 8
3 10
2 8
9 8
7 2
10 4
10 6
1 7
3 1
7 2
2 7
6 8
8 2
2 6
3 8
10 6
5 3
3 10
9 8
3 10
9 5
9 8
5 7
9 2
10 4
3 10
3 10
10 8
10 5
5 2
7 4
10 8
9 6
4 1
9 6
8 4
8 5
6 9
3 6
7 10
1 7
9 8
3 5
9 2
10 9
9 3
10 2
7 5
7 7
7 3
3 2
5 10
4 9
3 1
10 9
9 8
1 3
1 2
9 2
2 3
3 5
8 3
7 3
9 4
6 8
10 7
10 9
9 8
9 2
6 4
2 1
5 8
10 8
4 7
8 8
9 6
4 6
6 6
10 3
7 8
8 2
1 10
4 6
5 4
1 3
5 4
10 10
2 4
6 8
10 18 74
12 12 78
11 19 56
20 19 82
17 18 88
17 15 53
18 19 100
17 11 94
14 11 81
15 14 95
20 13 52
15 15 63
13 18 52
20 13 60
10 14 94
10 13 60
11 10 60
12 16 99
16 19 87
19 20 96
15 12 56
20 20 93
12 14 78
10 19 82
17 14 65
13 10 74
14 19 66
19 12 58
14 19 84
12 10 91
20 10 88
16 17 97
15 11 70
20 15 65
12 10 97
13 18 61
15 18 56
18 20 69
11 14 57
13 16 60
13 19 81
12 15 69
13 15 98
10 10 68
17 16 86
10 10 74
12 12 74
10 19 78
19 12 71
20 13 67
15 17 55
19 12 80
14 12 90
12 20 82
17 19 55
19 13 60
15 19 62
14 20 92
10 18 73
13 10 85
13 19 56
15 17 89
12 20 74
14 15 76
19 11 92
11 19 73
19 13 89
13 10 65
18 16 65
12 17 73
16 15 82
17 17 52
13 16 77
12 10 81
18 18 97
20 17 67
17 17 63
12 15 74
15 10 54
15 17 61
17 14 87
14 14 92
18 13 59
12 14 61
16 18 74
14 13 51
12 12 78
18 11 77
13 14 76
19 15 59
10 10 76
12 10 58
20 16 57
12 11 96
12 17 65
10 11 62
19 11 99
15 15 91
19 11 87
12 10 86
19 20 69
11 17 94
17 10 95
18 11 74
19 15 53
13 19 59
19 10 76
12 12 78
20 17 68
16 10 60
10 11 84
19 17 75
13 14 97
15 19 96
15 14 99
10 14 77
14 18 64
18 18 86
19 17 79
15 17 57
17 17 59
14 11 57
19 20 69
18 15 88
17 10 95
19 13 64
16 13 62
14 15 67
19 18 67
11 19 58
10 18 96
16 20 96
20 10 95
18 14 70
16 20 77
13 19 56
20 11 92
20 11 73
17 13 51
19 13 55
12 17 93
12 13 80
10 18 50
19 14 50
11 15 64
12 16 74
17 20 57
10 20 88
20 11 100
11 14 87
20 19 79
10 15 96
18 13 77
15 14 62
18 10 63
16 17 99
13 13 96
11 10 93
17 15 57
20 20 59
15 11 91
11 12 52
11 20 51
18 10 78
15 14 67
17 12 87
16 13 67
18 17 64
16 11 56
18 13 82
13 18 98
12 16 54
11 10 94
13 10 94
20 16 80
13 10 87
16 10 97
10 17 63
18 13 78
14 11 60
17 16 82
18 12 69
14 13 62
12 14 56
13 14 98
18 16 57
18 14 60
13 13 67
10 16 88
12 18 95
13 12 61
14 19 76
14 20 66
10 12 63
13 20 68
11 20 93
18 16 84
11 19 75
14 18 70
18 16 71
15 13 79
17 15 63
12 10 90
12 14 65
15 13 62
19 17 69
12 20 92
10 10 71
15 11 52
14 13 100
20 18 53
14 19 70
16 20 58
16 20 100
16 11 68
17 20 88
13 10 97
15 15 77
12 12 88
10 12 94
18 14 58
18 10 71
19 18 96
17 15 63
11 18 96
17 13 70
16 11 76
17 12 73
10 10 100
17 12 85
20 15 65
20 14 88
14 10 74
15 16 60
20 11 92
19 15 99
18 10 74
15 14 84
17 18 86
12 15 54
16 17 57
15 20 60
11 17 95
19 18 66
12 19 70
20 19 93
16 20 64
20 17 87
20 19 83
18 15 74
19 17 61
15 13 79
15 13 82
11 10 75
18 14 89
19 13 72
17 14 64
13 13 84
12 20 54
11 13 57
12 12 98
10 17 96
17 10 57
10 11 63
12 16 97
11 10 62
16 19 89
18 18 92
11 10 81
10 20 79
13 14 61
15 16 94
19 10 67
18 18 93
13 15 71
14 13 98
15 11 88
20 14 78
14 10 91
12 18 87
10 20 51
10 19 69
10 19 69
18 16 87
10 10 93
18 13 100
14 13 95
13 17 77
13 12 51
16 15 86
14 12 88
18 14 64
19 17 86
16 17 68
13 11 76
11 15 64
10 12 77
10 17 74
10 12 71
15 16 78
20 17 62
14 20 63
14 20 96
19 19 56
16 15 72
11 13 51
10 11 99
15 10 90
19 16 76
14 12 80
16 15 52
12 19 91
16 12 81
16 13 82
20 16 97
15 19 68
17 15 68
13 18 97
12 10 60
18 14 58
12 13 99
17 20 69
20 17 69
17 14 93
19 11 93
19 18 62
11 13 72
17 19 96
10 13 58
14 10 64
17 13 100
10 14 54
17 20 85
12 18 55
13 12 85
18 16 60
19 20 59
13 19 100
14 12 69
18 20 81
16 10 52
18 12 58
15 10 77
11 14 93
16 10 83
16 18 84
12 18 96
18 11 83
16 12 83
12 14 97
12 16 84
16 16 86
12 12 94
12 18 88
19 20 71
11 11 73
14 13 78
14 12 89
15 11 70
19 15 57
18 16 88
12 13 80
19 16 79
11 18 67
18 17 58
19 13 92
15 15 96
15 16 72
14 12 70
14 20 74
18 16 86
19 20 90
17 15 64
13 12 86
15 20 74
12 18 95
13 18 72
17 20 50
19 16 67
20 13 91
20 12 57
17 13 70
18 10 63
11 15 70
18 20 79
19 15 99
19 17 82
11 12 92
13 11 71
16 17 93
12 20 91
18 11 59
15 14 91
19 18 98
13 15 94
18 20 50
15 18 52
12 10 55
18 12 87
10 11 53
17 20 82
18 19 93
15 12 78
14 15 85
15 18 68
17 10 83
12 11 63
13 10 88
15 13 56
16 18 57
14 13 82
19 16 88
11 11 95
11 18 82
13 14 72
16 14 81
19 13 51
18 18 92
16 19 53
14 20 92
10 11 55
15 13 72
12 18 87
16 12 84
16 14 76
12 13 68
20 20 94
10 13 97
14 12 72
14 13 80
10 17 73
17 15 66
17 18 55
14 12 72
13 19 51
20 10 80
12 18 87
11 10 99
10 12 79
14 14 88
14 17 75
11 16 89
11 13 82
11 14 81
11 16 96
13 17 97
12 12 54
20 18 96
10 13 72
13 12 100
20 19 83
10 18 60
19 14 90
14 16 64
10 10 57
18 10 60
12 13 70
12 19 89
11 15 51
13 20 91
16 12 67
14 13 70
16 10 70
19 15 96
11 20 51
20 13 60
20 16 73
16 11 84
20 16 77
15 15 97
19 13 81
20 13 59
16 17 84
11 10 83
11 17 53
13 20 75
19 20 83
17 19 85
10 11 57
14 14 96
15 19 52
17 10 67
20 20 100
10 13 70
19 14 97
17 11 53
18 16 57
10 15 78
16 17 61
10 18 52
15 13 91
10 11 79
15 13 55
10 19 63
13 10 60
19 19 77
15 11 57
17 11 74
15 10 71
15 17 91
14 18 88
14 12 58
11 15 87
16 12 84
10 14 84
16 12 74
17 17 98
11 14 74
12 12 90
14 17 95
20 19 81
17 17 76
18 14 100
14 10 81
16 17 83
20 13 82
16 12 60
11 17 100
18 10 99
16 11 56
19 13 78
12 12 79
15 18 80
18 15 80
12 15 94
16 16 71
12 14 94
19 18 65
17 20 81
10 12 69
15 10 63
17 16 77
13 20 90
13 10 79
20 17 88
15 19 53
15 12 87
20 14 56
10 15 57
16 19 74
16 19 67
10 13 84
12 13 90
12 14 55
13 13 80
17 15 54
19 11 66
17 15 59
20 20 56
14 16 66
11 15 82
11 11 83
16 13 76
12 11 76
10 14 93
11 10 100
19 13 69
16 17 63
19 15 79
12 18 65
18 10 69
10 10 74
17 17 53
11 17 85
17 18 96
13 10 80
12 12 80
18 13 57
14 13 96
20 12 93
10 17 89
16 13 73
13 17 100
12 10 61
20 20 100
14 14 76
10 18 56
14 15 84
10 12 86
13 11 79
18 14 75
10 14 51
13 18 84
10 19 63
11 20 53
12 15 66
12 14 67
15 13 79
15 18 83
20 11 84
10 11 51
19 19 51
14 20 95
10 12 94
20 17 81
10 19 93
13 11 89
12 18 79
15 10 64
15 13 92
17 10 67
16 14 87
17 18 86
11 13 69
15 20 79
13 20 59
13 19 55
14 12 83
18 10 66
15 13 59
19 11 75
10 19 97
16 14 85
14 16 65
14 14 86
13 16 64
12 14 54
18 15 100
16 16 98
10 19 90
18 19 82
13 18 83
15 18 78
13 14 89
12 17 52
11 15 71
14 19 54
18 10 70
12 11 70
18 19 61
12 16 95
19 19 74
11 12 66
14 14 76
15 20 63
12 17 92
18 12 96
17 20 54
19 16 51
11 10 51
19 18 52
14 10 50
13 12 66
11 12 90
13 20 56
19 12 68
19 10 64
17 11 91
17 14 77
20 17 91
17 20 74
16 10 85
16 17 52
19 19 89
17 16 68
15 14 84
19 15 75
18 17 72
13 15 52
10 17 98
16 14 84
12 15 75
18 10 69
16 14 84
19 16 55
16 19 92
19 20 80
10 12 95
20 13 67
11 20 82
19 13 53
18 19 74
15 12 59
15 19 62
18 17 72
12 18 50
18 14 72
14 18 96
19 15 61
14 11 55
20 18 76
19 13 53
12 14 65
10 13 70
11 12 94
13 17 85
20 20 86
10 10 87
17 14 85
16 18 83
19 19 76
18 13 60
12 16 86
15 19 100
17 12 76
15 12 68
18 14 70
13 12 71
13 15 75
18 20 80
13 17 57
19 14 75
11 10 63
18 15 54
13 11 55
18 20 51
15 15 95
12 10 80
20 14 72
20 17 87
15 10 59
19 11 52
16 13 60
12 19 50
11 17 74
13 18 63
20 11 71
19 10 83
15 19 67
11 20 52
10 19 50
15 19 100
13 20 94
18 15 58
17 18 77
18 13 57
18 10 72
14 13 55
16 13 99
17 10 64
20 10 78
14 10 51
18 13 71
18 13 65
17 13 64
10 13 63
11 14 64
19 18 73
16 15 90
18 15 72
12 14 97
17 18 99
19 16 79
17 11 64
20 16 59
12 19 74
14 17 88
18 12 87
18 11 63
13 11 88
17 19 71
19 15 100
15 16 73
18 15 68
13 11 52
10 18 96
10 20 89
18 11 50
11 16 67
13 19 64
13 12 56
17 10 65
11 16 92
12 12 92
19 15 89
19 13 84
15 17 81
17 15 59
14 19 78
18 15 51
14 20 67
13 20 52
16 15 71
14 17 62
16 16 95
18 18 66
17 17 80
14 20 54
12 19 58
20 15 74
13 17 53
14 15 82
20 17 64
15 19 50
12 12 53
12 11 74
12 12 59
13 11 100
17 11 56
17 12 88
10 19 83
10 13 95
11 13 59
11 13 76
20 19 87
19 18 66
16 15 83
16 16 78
12 12 50
19 15 79
19 14 84
12 18 57
14 14 69
13 16 98
18 10 75
14 14 61
18 20 84
15 16 58
12 17 71
13 18 92
20 13 50
14 16 69
10 16 93
15 15 52
11 14 50
14 16 63
10 13 55
19 19 86
17 13 64
13 19 51
20 17 88
10 14 99
17 20 70
13 12 68
15 20 58
13 13 63
17 16 80
11 10 69
18 16 51
14 12 57
14 19 55
15 17 60
14 11 64
13 17 68
14 10 87
10 11 52
19 16 63
10 15 93
15 14 79
12 14 76
10 16 70
14 12 93
14 15 74
10 15 75
17 12 66
18 17 95
17 16 74
12 16 73
13 10 85
13 12 96
11 17 52
19 15 57
16 17 80
13 14 73
15 13 51
14 19 82
12 13 58
19 20 67
11 10 54
20 17 96
20 15 89
19 16 79
15 17 95
12 14 93
17 20 72
20 18 51
19 14 99
11 16 79
11 11 63
10 20 76
16 16 67
10 11 94
16 11 51
20 15 78
15 13 66
19 20 90
12 10 92
12 14 78
11 18 89
12 19 87
16 12 95
11 16 100
14 18 50
10 19 100
11 10 51
11 11 97
14 10 71
14 17 67
14 18 55
16 15 76
12 19 57
19 17 74
20 15 93
19 17 54
11 19 63
20 17 81
14 14 80
18 15 73
15 20 87
11 18 60
10 10 53
10 10 59
13 13 63
19 16 89
10 12 88
10 15 79
20 13 86
12 20 56
13 15 57
17 17 88
16 11 78
10 18 56
15 17 82
18 11 76
18 14 82
13 19 75
20 11 74
15 19 76
18 17 50
11 11 80
15 15 61
12 13 54
20 13 62
20 11 57
18 11 71
10 16 76
19 14 63
16 14 89
20 10 66
18 11 66
16 12 65
19 16 89
12 20 74
13 13 80
18 14 61
14 19 85
18 13 59
13 10 69
18 10 77
20 18 90
13 18 63
14 14 51
19 19 89
18 17 55
15 20 98
13 13 68
16 14 58
16 19 63
19 19 99
14 10 79
15 20 69
10 11 100
12 14 54
13 15 86
12 20 63
12 19 93
10 11 74
18 15 71
17 13 98
11 12 94
11 20 68
14 12 87
16 18 70
17 13 55
10 14 53
15 10 77
13 19 74
17 18 88
17 11 93
12 12 81
19 17 60
15 11 70
20 11 55
14 11 59
20 16 60
16 10 86
19 10 52
18 11 63
12 11 88
11 13 95
13 16 92
14 14 81
11 19 69
13 13 55
18 13 55
14 13 53
12 10 63
16 16 62
18 15 63
20 15 58
18 10 89
10 12 96
16 18 52
20 13 74
11 20 99
12 17 82
13 10 69
14 12 60
18 20 84
15 14 74
15 19 90
11 10 59
19 16 97
19 10 91
10 10 92
11 14 61
18 17 91
11 12 60
14 13 89
13 16 53
10 15 67
14 14 83
10 19 55
17 17 78
19 20 59
19 10 68
18 20 79
17 10 88
20 15 99
10 10 60
19 13 95
15 18 52
20 14 60
17 10 73
16 12 89
11 12 91
20 14 73
14 18 86
10 19 56
13 13 55
15 13 86
18 17 61
11 17 95
12 18 86
12 12 94
14 17 98
18 19 65
11 16 65
13 18 88
19 15 94
10 18 71
10 10 60
11 14 94
17 18 54
13 12 89
20 19 91
18 14 88
16 12 56
11 12 86
10 12 69
11 13 62
20 17 62
11 18 96
19 12 62
15 16 75
14 17 51
12 13 98
14 18 76
20 11 67
16 20 74
12 11 68
15 18 66
15 11 69
20 10 98
12 10 68
18 12 68
18 20 73
15 12 76
19 20 94
15 15 64
15 20 81
18 17 62
14 12 59
17 16 99
16 15 69
17 10 65
17 12 94
14 13 96
11 14 63
12 11 98
16 17 69
18 14 67
12 20 85
14 14 58
10 17 94
18 15 87
15 15 81
19 11 66
17 20 90
20 17 68
10 17 97
16 13 58
18 19 62
18 18 82
19 13 75
19 11 82
10 17 55
15 15 52
13 16 90
13 15 72
14 10 71
15 12 58
13 16 59
13 17 86
12 11 50
16 13 59
16 17 68
14 11 62
18 10 90
14 13 74
14 15 61
13 18 74
13 15 92
14 14 99
15 13 66
19 20 71
15 14 65
13 14 98
10 10 95
14 11 64
16 20 97
11 13 89
15 19 88
10 17 62
11 19 69
20 14 64
12 16 96
17 14 55
20 18 64
17 14 55
19 20 80
15 17 74
20 15 72
20 19 77
14 17 83
17 14 87
18 18 57
12 14 99
10 20 98
16 20 61
15 12 87
10 20 92
19 13 56
17 17 76
17 19 51
20 13 53
14 20 74
10 13 97
10 10 62
12 20 95
17 13 91
13 12 59
12 18 100
11 17 87
17 16 83
10 18 76
16 16 53
14 15 52
18 11 56
15 15 92
15 10 97
14 13 59
15 20 77
16 17 76
11 19 68
13 20 52
11 12 96
12 20 76
18 10 59
15 19 100
16 11 69
19 18 56
17 14 57
15 20 94
13 11 84
19 17 71
11 14 99
20 13 87
17 15 89
15 20 79
11 18 99
11 10 66
17 15 80
15 16 51
19 10 61
13 19 55
13 10 73
20 16 78
11 19 78
18 15 63
12 10 83
16 11 52
14 19 99
10 10 87
16 11 66
17 19 69
18 14 67
18 10 74
12 12 58
20 11 90
16 17 87
13 13 81
15 19 66
13 11 59
16 20 56
15 16 51
15 15 71
18 10 60
18 15 93
17 16 75
12 16 74
20 14 64
14 20 90
17 15 100
15 20 94
12 14 99
20 16 56
12 16 81
13 20 83
11 20 50
20 14 74
13 11 57
11 19 88
10 12 92
19 17 99
11 15 65
16 20 83
13 11 89
18 18 89
16 17 69
20 20 80
11 16 58
14 11 82
18 13 52
14 20 52
11 12 81
16 11 52
18 16 54
20 20 81
17 20 61
17 12 60
20 16 79
20 15 71
12 17 60
11 16 52
20 17 58
10 17 60
17 13 84
18 10 54
18 19 81
12 16 84
15 17 58
12 12 93
19 16 97
17 10 83
15 10 74
14 13 68
18 20 78
13 20 94
12 19 88
20 17 64
17 16 56
10 13 58
15 16 81
11 19 97
12 16 63
12 12 89
18 12 87
10 13 52
17 12 78
14 11 81
14 16 63
13 14 64
18 14 55
12 20 69
12 15 51
15 15 80
20 18 74
12 17 98
17 17 94
11 18 63
11 18 100
14 13 52
17 18 85
17 17 77
10 16 100
11 15 93
15 19 75
20 16 53
12 19 57
15 16 74
15 12 67
14 19 87
20 16 56
17 11 61
18 12 57
16 11 65
19 14 79
19 13 54
20 11 51
12 10 67
15 20 73
14 16 54
16 20 87
18 11 56
19 17 98
13 14 93
14 19 75
15 15 66
18 20 97
17 10 53
18 19 86
18 12 89
16 15 60
11 13 51
11 20 90
15 19 80
16 15 51
12 18 73
16 11 92
16 11 79
12 11 91
17 10 92
14 16 87
12 17 59
18 15 91
10 11 90
15 12 94
14 19 56
14 15 70
17 19 100
19 14 69
10 14 86
14 15 50
19 12 50
19 17 98
13 15 97
11 13 59
19 13 98
11 16 74
19 20 92
17 15 98
10 15 98
15 11 81
14 18 79
13 17 68
16 14 77
20 14 85
14 11 92
10 18 79
12 19 89
17 15 54
10 12 98
20 11 75
11 20 93
11 14 51
16 15 70
11 19 66
19 18 82
19 15 56
14 15 93
17 19 97
11 13 80
10 12 53
15 20 97
19 19 53
16 19 85
17 12 74
20 16 91
10 16 63
16 16 52
15 12 53
20 13 62
19 16 52
11 12 72
18 10 86
16 18 98
11 19 71
13 16 98
20 16 72
14 12 71
18 18 65
18 19 61
15 12 74
10 10 62
14 10 63
18 15 59
18 10 77
17 12 63
13 18 98
19 16 73
13 11 82
13 13 96
15 11 100
15 18 56
16 18 75
12 11 89
14 10 84
15 11 75
13 18 56
17 13 92
13 15 87
16 13 68
20 16 55
17 10 52
18 15 77
12 19 50
18 10 70
20 10 64
15 11 60
20 14 58
14 10 74
17 12 85
10 14 82
18 12 57
16 20 52
13 20 71
15 20 66
12 18 56
17 20 56
11 13 76
10 11 93
13 13 81
11 18 93
16 12 51
17 13 76
15 15 61
19 10 70
15 18 88
12 19 69
12 14 67
20 12 50
14 12 95
16 10 87
10 16 88
18 14 85
13 13 60
10 17 95
15 15 67
14 14 85
18 20 51
10 11 73
13 10 51
11 11 60
18 16 56
18 13 78
15 10 100
17 10 66
17 18 59
17 11 75
19 12 82
11 13 51
18 10 89
14 12 95
13 11 69
12 15 81
15 16 93
20 14 86
20 13 82
12 15 52
14 17 97
15 15 62
20 11 86
12 13 55
12 13 88
15 20 85
15 16 62
16 12 97
17 19 94
20 13 58
17 10 65
18 14 87
15 14 50
12 14 80
11 19 76
16 17 69
19 11 86
18 12 85
19 18 75
17 19 62
17 13 96
17 16 68
20 16 61
11 14 63
19 13 60
16 18 88
16 15 65
15 16 74
15 10 63
20 13 79
20 15 97
16 19 67
19 11 78
17 20 84
18 20 52
17 17 100
20 12 75
15 11 83
14 15 65
14 11 61
13 11 63
19 10 96
13 19 83
20 18 78
17 13 82
17 12 59
12 12 69
17 19 52
10 18 84
15 13 91
20 14 67
19 14 57
12 11 51
12 13 82
17 11 98
10 13 53
16 15 91
10 13 52
18 15 54
12 16 60
13 11 91
18 19 83
11 11 54
16 17 95
20 14 60
13 20 65
13 10 99
19 10 61
16 10 50
10 18 77
11 11 69
14 19 52
20 10 83
16 18 82
11 20 57
13 18 93
13 19 86
13 17 85
16 15 78
20 12 52
15 16 99
12 19 82
13 17 100
14 11 97
11 18 94
10 16 89
11 19 85
19 12 66
16 12 84
16 19 65
15 17 83
11 19 67
12 10 59
17 16 71
12 10 79
16 13 92
18 10 70
16 13 76
15 11 68
19 16 77
11 11 63
10 12 98
17 14 77
16 16 72
19 17 62
18 15 54
19 14 50
16 14 70
19 12 62
11 15 61
13 15 77
15 12 56
12 18 60
15 18 88
14 15 87
10 10 100
12 17 90
18 10 79
11 13 98
14 12 71
12 14 52
17 12 67
14 12 59
18 12 77
13 16 87
18 12 79
16 14 85
13 10 99
15 16 64
17 15 51
18 20 95
10 11 50
17 12 53
11 17 50
14 16 76
10 15 87
15 12 54
10 14 95
17 12 92
17 15 59
18 20 71
12 15 97
14 12 56
12 11 85
14 17 78
12 20 94
17 15 73
20 10 54
12 12 91
12 12 82
18 17 52
16 13 97
13 17 75
11 11 93
13 19 54
14 20 70
18 15 79
17 10 93
11 15 65
11 18 96
19 19 89
11 13 86
20 12 60
17 16 71
11 17 85
10 14 68
11 20 97
13 18 67
17 16 80
13 20 83
11 11 77
12 18 51
12 19 78
19 18 80
16 15 94
12 15 82
19 13 50
12 17 93
10 19 67
14 17 73
19 20 76
20 19 63
16 18 66
20 20 67
16 20 96
20 18 71
10 18 73
10 13 65
18 12 93
19 12 100
18 16 77
19 10 62
12 14 100
14 14 86
13 18 56
10 17 100
16 18 52
13 20 87
14 13 92
18 16 67
14 15 83
17 18 67
13 18 65
12 19 77
13 12 85
10 16 71
18 11 62
11 11 76
18 15 86
20 11 74
20 18 99
20 19 60
14 16 96
15 15 95
19 11 97
10 13 83
15 16 86
19 14 82
12 10 87
16 18 57
15 12 75
19 15 51
16 16 98
11 16 58
15 14 74
12 19 98
12 13 57
12 10 55
15 13 59
10 13 62
16 10 89
20 16 78
18 10 80
18 16 60
15 14 87
19 18 62
14 17 86
18 20 57
15 18 66
19 16 54
17 17 97
20 15 97
19 20 85
11 20 96
20 19 60
14 12 73
10 10 72
12 18 98
14 14 82
19 11 83
19 16 90
18 11 85
12 17 62
15 12 95
11 19 65
10 14 74
10 12 77
12 20 72
12 13 54
16 15 58
17 13 66
19 13 93
14 12 64
19 17 68
11 16 61
18 20 72
15 13 71
16 20 52
12 17 76
15 16 59
13 19 77
20 16 90
11 16 93
19 16 76
11 14 84
12 16 70
15 20 57
12 10 87
16 10 63
19 16 56
13 18 59
17 17 94
18 20 81
10 12 97
19 17 74
17 14 86
15 10 63
15 11 75
15 10 50
16 10 82
15 14 70
14 17 83
17 17 79
11 17 52
12 17 70
10 11 100
12 10 69
16 10 63
10 14 77
14 12 85
13 17 91
12 14 56
15 13 52
13 18 63
18 11 75
12 13 72
16 16 96
13 16 65
12 18 71
15 14 69
17 14 93
19 16 50
11 12 92
18 12 70
12 11 61
17 15 92
10 19 68
16 14 57
15 13 58
10 18 53
20 16 56
14 14 58
18 17 58
17 20 65
16 13 79
19 18 66
18 13 83
16 11 75
15 16 77
13 20 78
20 13 87
19 18 74
11 16 67
10 20 98
20 17 99
12 20 64
19 14 66
19 14 65
13 18 62
17 14 100
18 19 94
15 10 72
16 18 73
10 12 76
20 16 82
11 20 90
16 19 61
13 14 82
17 16 50
17 16 96
11 10 98
16 10 74
10 20 93
18 15 83
20 20 61
15 14 76
10 11 56
19 19 79
10 10 92
13 19 84
10 14 63
16 15 97
17 14 59
16 10 81
20 14 62
10 10 53
14 16 82
16 12 76
18 15 81
14 20 52
12 11 95
13 12 62
10 10 100
13 19 70
16 16 100
12 20 66
11 17 52
13 11 58
19 19 55
18 16 50
20 19 76
11 14 93
13 12 56
10 13 63
20 10 54
18 12 95
14 14 63
14 14 73
11 15 95
19 14 72
13 18 90
15 10 68
12 10 89
14 15 60
11 12 98
12 19 100
12 14 98
15 16 87
16 19 77
12 11 76
19 13 85
16 14 82
18 10 86
12 18 87
20 20 100
10 15 93
16 14 76
17 20 87
19 12 89
18 13 70
17 13 53
12 10 80
15 14 80
15 13 57
15 17 82
18 16 86
13 11 78
18 18 79
10 10 57
13 10 52
11 17 98
15 15 70
19 13 61
20 13 78
13 13 99
15 19 91
17 14 92
18 19 61
18 17 87
10 19 84
16 19 88
19 18 75
19 10 83
15 17 76
17 12 51
19 18 67
14 17 62
10 12 97
13 16 68
12 12 56
15 17 67
19 12 62
19 16 66
17 17 77
15 10 84
19 16 88
16 14 86
12 20 66
17 19 91
19 11 69
11 11 85
17 13 82
12 11 63
15 17 89
10 12 100
12 12 80
20 17 65
18 12 94
14 15 65
15 15 58
16 14 65
18 14 86
14 16 62
18 17 79
10 20 89
19 11 79
13 13 97
16 12 88
18 20 90
18 16 53
17 12 59
12 13 100
15 10 63
20 11 76
12 12 91
14 14 83
15 10 75
17 15 53
16 10 85
15 10 87
20 15 74
13 18 65
13 12 82
13 17 71
10 13 75
14 10 78
18 20 75
20 20 80
20 15 50
10 13 72
11 18 74
17 15 58
10 17 84
11 13 81
19 13 89
17 12 99
20 17 84
12 18 63
14 19 67
10 18 90
16 10 52
10 20 71
15 11 75
14 19 91
15 18 81
10 20 50
13 10 54
18 14 71
17 11 59
11 12 85
14 12 87
20 13 74
16 11 68
15 16 82
14 18 52
18 12 98
19 17 87
14 13 76
12 14 72
18 20 66
20 10 97
14 17 77
17 17 79
10 18 79
12 12 70
15 18 97
14 15 71
12 14 96
19 14 50
20 18 96
20 17 94
15 14 63
13 13 60
11 15 74
20 18 86
14 10 57
16 13 52
17 12 61
19 15 85
13 17 93
19 14 100
20 15 61
17 18 80
10 10 92
12 17 91
19 19 60
10 20 97
14 12 99
10 16 75
10 13 83
14 18 51
17 11 70
16 10 92
12 13 85
12 14 53
20 14 90
15 12 79
20 10 70
13 17 64
17 20 61
14 10 58
18 12 65
16 11 58
18 10 63
14 12 96
10 15 54
17 16 94
11 13 83
11 15 63
20 18 66
17 18 90
14 11 77
15 11 84
12 15 96
12 19 74
10 14 97
19 20 69
16 12 100
18 18 54
19 18 63
19 17 65
10 14 99
17 11 64
16 16 68
19 11 97
14 14 91
15 11 95
13 19 53
16 16 81
19 15 71
20 11 91
18 13 62
19 13 89
14 11 58
12 14 75
18 18 82
11 16 55
20 12 56
14 15 95
11 17 98
16 19 89
12 18 68
13 13 52
15 18 91
13 10 96
16 19 97
20 12 67
16 12 56
17 17 95
19 16 71
20 20 66
18 16 69
18 12 91
16 11 93
19 18 87
13 11 83
14 20 74
18 11 63
18 20 93
11 18 84
11 15 69
15 18 54
11 10 58
10 13 79
17 17 91
19 18 56
18 19 84
15 19 67
20 12 51
15 20 86
14 20 69
18 18 75
20 14 56
11 20 62
11 18 99
17 18 55
17 20 75
18 20 70
10 11 61
20 20 99
17 20 96
11 15 97
20 20 85
13 20 70
18 18 82
17 15 83
10 12 61
19 15 66
14 14 97
19 18 64
12 18 99
13 18 74
13 13 59
13 18 79
15 19 62
15 13 84
18 15 63
16 17 60
13 17 61
16 12 86
16 17 92
15 13 96
13 15 63
15 12 83
16 11 72
19 12 69
19 15 56
18 10 64
14 13 60
12 14 62
17 19 83
11 19 85
18 12 75
18 19 80
16 14 97
17 14 92
16 14 70
14 13 80
11 19 76
20 11 50
13 10 94
14 11 72
18 15 91
11 10 56
12 16 99
12 18 85
10 16 53
13 19 65
20 12 61
11 11 58
16 11 74
10 12 70
18 16 80
17 11 86
13 14 87
10 20 69
11 19 100
18 13 87
13 14 80
18 10 86
15 11 56
14 14 100
10 11 60
13 16 58
18 16 64
20 10 56
13 16 59
11 20 62
16 12 74
12 16 70
18 19 88
13 15 88
17 12 90
18 16 63
14 19 98
20 16 99
18 12 67
19 14 75
10 17 84
16 17 62
14 13 78
15 17 68
20 15 75
14 13 74
11 18 80
13 20 93
16 14 93
10 19 50
13 12 55
17 16 84
16 15 95
16 18 50
17 14 100
20 15 69
19 15 72
14 19 68
11 11 73
15 18 96
12 15 87
16 15 74
11 19 64
20 20 80
17 20 86
20 20 74
11 10 82
15 18 61
11 10 51
18 13 50
12 11 51
17 13 57
11 18 94
16 16 56
11 16 86
11 10 84
11 12 53
16 16 67
17 15 93
18 12 70
14 18 94
11 18 85
17 14 63
12 19 57
18 17 81
20 17 94
19 19 75
20 19 81
18 14 88
20 17 67
10 16 75
13 12 86
13 10 56
10 20 66
16 18 67
12 13 61
19 14 53
19 13 88
10 11 60
14 20 55
14 10 60
20 11 64
11 20 77
19 17 52
10 10 75
15 15 68
15 10 76
19 13 69
11 10 91
20 16 62
14 17 69
14 13 58
15 10 63
15 12 83
15 19 74
16 20 86
14 18 79
13 20 75
15 17 71
20 13 66
19 10 75
19 14 79
18 12 51
20 20 89
13 13 75
17 10 60
19 18 73
18 14 84
16 20 83
16 14 99
20 12 52
12 13 85
14 11 58
20 11 90
12 16 66
11 17 84
17 19 60
14 15 97
17 11 52
16 17 90
11 10 56
17 19 67
14 10 67
15 14 54
19 16 70
20 15 77
10 14 79
18 16 74
15 17 56
13 18 69
18 15 63
17 12 81
17 16 97
18 15 81
12 18 82
13 10 67
18 16 82
15 20 70
10 11 88
17 10 96
13 18 72
11 18 72
12 19 74
13 17 99
11 19 84
18 14 58
18 18 60
13 12 52
13 18 96
17 16 97
20 13 53
16 11 69
12 14 86
15 11 84
18 18 91
14 19 61
13 12 72
17 18 95
11 17 59
13 11 96
20 11 66
17 10 69
16 14 63
18 12 76
19 12 98
19 18 98
15 16 100
14 20 80
13 20 50
17 20 87
14 18 89
11 15 68
19 14 84
15 12 74
16 14 87
14 14 93
16 15 80
16 18 85
12 18 82
11 11 93
16 18 89
12 10 57
20 19 84
15 12 74
17 11 100
12 14 98
10 19 84
20 13 86
10 19 53
15 11 78
13 16 55
15 14 55
18 17 77
12 16 78
14 10 59
12 19 51
10 10 59
10 20 51
13 18 87
10 12 84
11 16 66
11 17 72
19 17 95
15 16 51
19 20 82
16 12 85
16 18 78
14 18 70
11 14 90
14 15 96
14 20 72
17 19 57
13 18 98
19 12 86
19 19 85
17 18 84
16 18 89
16 16 55
17 10 98
10 12 77
11 17 86
15 11 55
12 18 70
10 16 97
13 20 61
16 10 72
19 11 77
11 11 54
11 16 95
10 17 67
13 17 97
11 16 53
19 10 89
18 20 81
13 10 81
12 18 59
16 18 56
13 12 67
19 18 69
10 20 87
17 12 71
18 10 92
19 15 56
12 13 100
18 11 77
18 20 89
10 13 63
14 11 63
12 10 70
10 20 85
14 14 85
13 15 86
19 18 88
14 10 57
17 11 69
15 13 84
16 13 86
12 12 67
15 20 90
20 12 51
11 20 50
18 18 54
19 17 65
18 20 85
17 18 83
10 11 51
20 13 54
18 12 92
15 16 99
13 19 52
12 18 93
16 18 89
19 15 79
16 20 53
13 13 54
12 19 94
17 18 100
20 10 54
13 18 58
13 14 65
10 11 76
17 10 99
16 19 88
20 20 72
19 15 72
15 14 96
20 15 79
18 17 96
12 17 79
15 19 50
17 11 59
20 10 57
13 11 89
15 17 70
11 16 93
11 10 65
16 18 77
10 10 89
15 18 56
13 15 74
15 12 65
17 20 55
17 10 59
14 16 69
10 17 86
15 12 96
17 10 63
20 16 78
10 17 73
15 13 88
14 18 77
17 15 95
17 12 51
12 12 58
11 14 71
11 15 79
13 13 58
11 20 54
20 14 51
11 15 81
14 13 53
10 17 74
18 14 98
12 17 63
14 18 82
18 19 87
19 13 93
19 12 97
11 15 59
20 14 100
13 19 58
16 11 80
20 16 79
16 17 56
16 13 68
12 17 56
15 20 56
17 15 98
10 14 89
11 14 74
10 12 93
17 10 89
16 16 73
18 15 62
14 15 75
18 15 94
15 17 69
20 10 87
13 10 78
14 19 84
11 18 89
14 18 82
16 17 91
19 20 82
10 15 79
19 11 71
14 10 53
17 10 69
18 14 76
14 20 68
16 20 89
18 20 68
11 15 61
13 12 68
13 17 58
15 15 82
18 20 93
13 19 59
19 17 91
12 14 54
13 11 82
15 19 66
17 16 58
16 14 79
20 14 85
15 14 67
18 20 99
17 20 70
14 13 96
20 19 90
13 10 87
10 10 64
15 11 64
10 14 93
11 14 70
20 14 93
11 15 86
10 11 76
12 18 79
12 20 63
18 19 56
17 18 70
20 18 90
12 13 50
20 18 70
18 11 73
14 19 59
11 20 63
10 19 65
16 17 83
12 10 79
12 17 78
20 15 61
16 11 67
13 20 92
15 14 90
15 14 64
15 11 76
16 10 94
17 11 92
19 16 88
18 14 76
18 11 95
11 10 52
19 12 84
17 20 81
10 14 57
10 15 89
15 15 51
17 15 60
14 14 94
15 11 80
20 18 58
19 18 82
14 16 76
16 16 54
16 12 100
15 11 92
11 13 80
20 20 90
14 14 61
13 20 58
17 16 94
19 13 99
19 20 90
15 18 79
20 10 84
10 19 68
10 13 61
16 10 85
19 15 90
10 17 52
15 14 75
17 13 84
19 11 91
20 11 82
13 10 74
15 15 61
20 13 80
14 16 90
18 20 66
17 17 65
18 11 80
16 17 77
14 15 95
16 11 83
20 10 71
18 19 65
13 11 69
17 11 99
17 18 91
10 20 95
15 10 62
18 18 91
13 16 81
11 12 73
18 17 51
15 17 72
10 12 98
18 17 59
15 15 84
16 15 73
14 19 89
18 12 86
16 17 75
16 18 63
20 18 59
14 18 82
18 16 97
16 20 82
15 20 93
14 12 77
12 10 90
19 17 89
14 17 56
13 12 77
10 18 51
17 19 87
19 16 51
11 18 97
13 14 76
15 17 84
17 14 56
17 16 99
13 17 93
16 19 58
18 12 91
15 11 98
20 16 79
20 13 72
12 13 78
16 18 67
15 20 73
18 11 52
14 14 99
20 14 96
18 14 96
17 10 61
17 16 71
12 16 73
15 19 71
20 19 90
10 18 50
20 20 97
11 19 81
12 17 90
17 14 92
10 16 56
16 19 78
18 20 56
14 12 55
19 12 67
13 14 94
13 20 59
17 17 69
12 13 98
13 12 54
12 16 54
13 16 85
20 13 65
19 16 69
14 14 84
13 11 60
14 10 61
12 17 76
15 19 50
11 15 56
15 19 66
13 11 83
10 20 51
15 20 66
12 19 60
14 15 82
17 11 52
10 15 95
12 20 77
17 20 55
18 12 78
17 10 93
10 14 73
18 20 100
20 11 97
13 12 58
19 13 95
12 16 98
13 20 56
17 15 57
16 16 76
19 18 62
17 13 59
10 19 81
14 12 78
11 15 99
13 15 79
14 18 94
15 15 61
20 19 60
17 12 83
13 14 86
14 10 63
20 19 59
11 13 65
16 13 88
13 15 50
20 13 63
16 19 89
16 10 94
13 12 89
14 13 74
19 13 88
10 17 93
20 13 99
19 20 83
18 16 51
18 14 65
15 18 58
20 16 93
19 11 56
18 16 61
11 19 90
12 14 81
18 16 71
12 17 100
18 10 90
13 10 88
12 11 53
11 18 51
12 14 73
11 18 100
13 13 68
17 18 87
10 11 68
12 16 82
13 13 53
18 20 65
16 20 79
19 17 100
12 20 95
10 18 76
14 11 83
11 14 79
20 18 63
17 17 75
12 17 59
14 20 95
14 19 100
15 11 59
16 16 71
19 11 54
19 16 51
18 11 71
20 15 84
20 16 90
11 11 51
18 11 62
18 20 58
13 18 59
11 16 52
16 20 82
15 17 61
17 11 93
12 10 97
13 20 89
17 13 50
16 15 56
19 10 90
20 10 79
18 19 89
15 18 50
18 20 81
10 19 64
20 10 93
16 18 55
18 14 79
12 15 53
16 12 55
18 20 57
13 15 96
13 19 52
19 12 53
12 11 96
16 17 86
18 15 99
12 10 68
14 17 100
15 15 70
12 17 51
12 11 86
13 10 96
10 19 95
19 16 91
10 20 90
15 20 86
10 13 55
17 14 59
14 17 75
11 11 83
18 18 100
12 19 55
10 20 55
17 16 85
20 15 73
20 12 82
10 16 96
14 16 92
18 20 94
10 20 69
14 15 57
12 14 87
19 12 90
19 14 73
17 13 81
11 19 61
19 19 66
13 15 52
14 20 52
14 20 51
19 20 62
20 12 63
18 16 62
16 18 87
17 20 95
12 17 69
15 13 84
11 16 80
16 17 89
13 17 84
10 20 63
17 20 58
20 13 55
15 16 87
19 17 97
19 13 64
18 15 97
19 16 86
13 17 59
13 15 84
13 18 76
18 10 69
12 18 53
13 11 89
15 11 60
10 20 82
12 13 60
16 15 68
15 13 65
14 14 52
19 19 59
12 12 51
18 12 83
10 18 75
16 10 74
11 10 69
13 10 97
15 12 100
18 13 83
14 20 70
17 20 65
12 16 71
15 10 84
19 16 73
16 12 64
14 15 100
14 14 59
20 15 100
16 18 82
13 18 57
17 18 93
19 11 87
11 12 83
16 14 87
12 16 66
11 20 54
20 13 64
10 20 69
19 10 85
12 20 78
10 19 63
18 20 64
11 20 66
16 14 73
11 12 83
16 13 53
19 20 75
20 12 59
12 10 56
11 14 66
16 10 78
11 13 55
12 16 52
19 15 97
16 20 80
12 10 64
13 14 84
13 14 79
13 18 97
19 12 91
17 18 58
18 17 87
19 16 90
10 13 92
13 20 64
12 13 66
11 19 61
16 14 64
17 11 61
10 11 64
12 18 63
20 10 73
16 18 57
18 12 71
12 18 96
10 20 90
14 12 86
16 12 82
18 12 84
15 19 59
12 14 67
12 12 96
20 16 87
15 12 58
16 18 83
10 18 81
12 17 70
10 14 76
12 19 94
17 17 77
16 17 85
10 16 75
12 13 91
13 11 80
12 18 100
11 10 78
20 12 82
16 14 68
13 18 73
12 12 73
10 13 55
18 16 90
15 13 82
14 20 55
15 14 55
13 18 85
14 19 86
12 13 83
16 10 66
18 17 91
20 11 66
10 15 83
18 10 64
19 12 69
20 12 79
13 17 76
17 19 97
16 16 97
17 15 57
16 14 57
14 19 56
19 11 73
19 13 60
16 10 94
18 10 72
16 11 78
19 10 95
18 17 93
14 15 74
16 17 52
11 17 92
13 18 64
18 10 68
13 16 65
15 15 76
13 13 72
15 10 94
10 18 81
13 18 74
17 13 52
20 17 68
18 17 81
19 15 95
14 20 88
15 20 86
10 16 68
15 16 94
14 16 66
19 20 100
19 18 70
16 20 100
15 15 61
16 14 57
18 14 90
20 16 63
16 14 62
13 15 87
17 11 56
18 10 50
16 16 62
10 14 50
15 10 98
18 10 85
15 19 51
20 16 97
18 19 59
19 15 84
11 14 85
16 16 95
18 15 60
15 13 69
14 18 74
11 15 88
15 17 51
15 15 60
10 12 67
10 17 55
16 19 74
20 15 100
11 20 92
17 16 81
12 14 74
12 20 79
20 19 86
16 14 91
17 14 79
15 19 68
10 16 78
10 17 100
19 16 75
15 12 91
15 11 65
15 12 77
11 20 69
19 12 70
20 18 55
12 11 75
10 10 70
20 15 94
18 19 52
13 15 74
13 11 55
18 18 95
17 14 85
18 19 57
13 11 95
20 20 91
17 17 73
17 12 67
14 12 59
14 16 86
13 18 61
11 19 96
13 10 95
12 12 95
11 20 71
15 20 67
14 20 61
20 20 91
20 17 73
16 10 94
18 15 65
14 16 99
19 17 67
19 15 99
10 11 52
11 15 64
13 18 64
11 19 95
20 15 94
17 18 53
14 10 84
14 10 73
16 14 99
18 14 79
20 19 77
11 18 77
18 20 94
10 20 93
12 16 74
10 16 73
14 14 81
17 15 92
19 18 75
10 11 74
14 15 75
15 15 56
11 11 81
17 18 86
16 14 96
15 15 74
15 10 64
15 14 92
20 19 90
12 17 63
13 20 53
19 13 56
19 10 60
15 13 56
11 16 56
14 12 94
20 20 70
17 19 74
20 18 87
16 16 66
20 14 93
11 15 52
12 19 93
15 19 53
14 15 82
16 18 78
12 12 91
10 11 52
20 18 58
10 12 59
20 16 54
11 10 56
19 18 75
12 18 94
13 14 80
18 11 85
14 13 76
17 19 64
19 14 59
11 12 83
20 11 80
14 13 69
12 10 69
11 10 70
19 18 62
18 11 51
12 18 94
11 20 58
14 17 93
14 11 97
11 15 55
14 11 60
10 20 71
16 14 83
10 20 86
16 18 87
18 15 88
11 17 69
20 11 50
14 10 60
16 14 100
10 16 75
15 10 97
20 17 68
14 13 67
15 17 53
15 10 56
19 10 92
15 15 52
20 13 90
19 17 73
13 13 56
19 12 62
10 20 86
11 13 96
14 17 62
15 17 94
10 12 94
18 13 55
12 11 80
13 12 59
20 16 92
19 17 89
18 14 75
13 10 72
11 16 73
12 11 100
18 17 66
10 12 65
11 11 90
12 14 51
16 17 74
14 17 61
11 13 65
15 18 69
10 16 68
16 12 76
17 11 75
19 14 85
20 19 83
17 13 94
11 12 73
11 11 82
13 18 50
10 17 79
15 16 73
14 13 89
14 14 58
19 20 95
15 18 61
12 12 94
17 17 67
13 18 99
13 20 75
11 20 72
14 11 57
10 13 67
18 18 76
15 17 87
16 12 74
15 13 97
18 13 54
11 15 57
13 16 52
10 16 75
10 15 69
20 11 73
17 16 72
15 13 64
18 16 92
20 18 76
11 16 89
10 11 87
19 10 95
14 19 68
12 18 75
15 17 79
17 19 89
12 14 96
13 10 62
14 19 95
17 19 73
15 19 78
14 18 54
18 12 91
16 11 88
12 19 86
13 14 72
14 13 64
20 20 89
20 10 88
19 18 91
20 16 93
17 18 94
14 17 88
12 10 65
10 18 55
20 11 85
13 16 56
14 20 93
18 10 55
19 10 76
11 12 71
15 10 86
15 13 57
14 15 84
11 20 54
12 11 100
14 14 62
18 13 89
17 15 98
17 19 69
19 17 61
19 16 68
18 17 54
14 16 89
15 18 74
19 18 85
16 20 70
12 11 55
17 19 99
20 13 50
12 15 80
13 13 73
16 20 97
11 10 52
19 17 75
16 13 52
13 12 74
13 19 79
13 15 93
15 16 76
19 19 59
14 14 73
14 13 73
20 19 89
12 17 73
15 15 93
12 12 93
14 19 69
11 14 68
14 10 80
18 13 55
14 16 57
20 20 95
20 17 65
15 12 69
18 20 69
10 10 60
11 15 83
16 15 59
18 14 89
16 19 60
11 16 90
19 17 56
14 13 93
10 20 98
17 12 87
12 13 95
19 11 79
14 16 74
20 17 64
15 10 65
