120 240
10 10
5 1
9 10
10 5
7 10
6 1
8 7
10 7
2 9
3 8
10 4
7 4
2 1
4 10
6 9
10 8
6 2
1 3
2 10
8 5
3 10
5 3
1 5
10 10
8 4
6 10
6 2
2 6
7 1
3 7
7 2
4 6
9 3
9 4
5 9
7 6
1 10
2 7
6 4
10 1
9 1
9 8
10 7
7 1
2 10
7 10
3 4
1 1
2 8
10 5
5 6
10 9
5 8
10 6
2 2
10 3
6 4
7 4
9 3
6 6
4 10
2 2
2 2
6 3
2 3
8 1
5 3
8 4
10 3
2 10
4 4
4 1
3 10
9 2
3 1
3 9
6 10
2 9
7 4
10 8
5 8
7 7
9 7
5 6
5 9
4 3
5 2
3 9
4 4
4 6
4 4
9 8
4 2
4 4
1 3
8 8
10 2
2 6
10 10
1 5
1 4
2 1
10 8
3 5
10 6
3 8
7 7
5 7
10 10
7 5
1 2
8 5
6 8
10 8
10 3
5 1
4 2
6 1
9 6
7 10
15 14 97
13 15 52
20 20 68
20 11 82
10 20 51
14 15 70
19 17 91
16 16 95
11 13 94
14 17 88
14 10 97
16 13 56
17 20 86
11 19 73
11 12 59
10 17 89
15 14 81
12 20 53
10 11 86
14 19 67
16 10 89
15 15 78
15 10 77
19 14 89
15 16 66
16 18 92
13 11 74
20 10 57
12 11 55
13 12 57
10 10 66
12 13 53
10 15 90
11 14 74
15 19 62
11 12 81
17 12 66
19 14 75
11 13 94
20 14 85
14 13 90
12 16 71
20 13 74
10 17 54
16 20 85
11 11 77
18 12 77
14 16 59
14 19 71
11 15 57
14 13 98
11 18 57
20 20 83
10 13 51
19 14 88
10 18 86
10 20 65
17 13 86
20 11 82
17 13 71
13 15 71
12 17 62
13 15 62
17 15 56
11 10 52
17 12 99
20 13 81
10 14 92
16 15 58
19 10 79
19 11 93
19 12 84
20 20 89
18 15 76
15 13 54
14 19 96
18 15 76
15 13 75
19 15 56
17 15 60
19 14 73
19 10 52
14 20 76
19 11 84
20 15 85
15 10 80
18 19 89
19 11 83
10 19 94
20 20 81
17 14 87
10 20 72
20 15 66
19 14 51
14 17 53
13 15 94
16 17 87
15 14 95
19 15 100
16 20 66
19 19 51
10 14 75
13 14 64
20 12 69
11 20 52
11 14 68
16 19 76
11 13 80
15 19 78
10 15 63
20 20 52
15 16 65
19 18 72
16 10 50
20 19 88
20 11 85
15 13 68
15 13 93
20 19 62
13 10 93
19 17 50
15 13 88
15 13 64
16 20 80
20 10 76
15 16 52
11 17 93
12 10 94
14 17 57
13 17 56
20 11 74
16 10 74
10 12 89
14 20 74
15 13 98
11 16 95
14 10 98
11 11 93
20 11 67
14 16 82
11 12 99
18 20 78
18 19 89
14 15 50
13 14 80
11 12 85
13 18 57
16 11 58
12 19 92
15 13 61
13 11 82
17 10 53
11 11 79
20 17 55
17 13 74
16 18 84
20 14 89
17 11 59
14 16 82
12 14 81
20 19 91
13 14 55
10 14 63
20 16 71
15 15 72
18 14 86
14 20 50
16 15 59
11 18 70
10 14 86
14 16 68
18 19 56
15 13 74
11 11 52
19 19 58
12 16 67
10 18 83
10 15 78
11 20 52
16 20 67
16 10 100
18 20 77
15 19 54
10 13 58
19 19 87
13 10 73
14 19 66
10 19 95
13 10 80
16 14 60
15 20 81
19 15 54
13 11 56
19 13 69
14 17 69
15 17 87
14 14 58
12 15 85
10 19 73
17 17 71
15 20 90
20 17 97
14 16 92
17 17 98
11 20 88
18 11 82
20 19 72
11 20 83
10 15 87
11 15 92
13 10 71
17 17 72
12 11 58
12 14 69
20 11 98
15 12 74
10 13 73
17 12 96
12 20 74
12 13 89
12 12 72
15 20 55
17 17 80
20 17 50
15 14 61
11 14 74
20 18 86
13 20 75
11 15 71
18 10 88
17 10 62
13 10 99
17 10 57
13 18 98
10 13 97
20 11 96
17 16 82
16 17 78
15 19 59
17 18 98
