150 300
4 5
4 1
8 3
1 3
3 8
8 4
1 6
10 2
1 5
5 10
3 5
5 3
9 3
7 2
10 10
5 1
8 10
9 8
2 8
4 4
2 3
6 1
2 9
10 5
4 9
1 3
4 8
1 2
6 5
6 7
4 6
4 8
3 9
10 7
10 8
6 5
3 2
8 1
7 2
10 7
8 8
6 7
8 1
9 6
2 9
1 9
10 5
6 10
6 10
4 1
8 8
9 2
5 1
10 4
5 2
6 10
5 2
10 6
4 3
7 3
1 9
8 8
3 7
7 7
6 2
4 1
9 10
3 2
10 3
8 10
7 5
2 2
6 9
6 7
1 6
1 9
6 4
7 7
6 6
3 4
2 9
4 3
5 2
1 2
10 5
7 7
10 6
9 10
10 10
2 3
9 9
6 5
2 7
3 6
7 5
8 4
2 5
1 6
3 8
9 6
8 2
6 9
3 2
3 7
3 10
8 5
9 8
3 10
6 3
2 3
2 1
3 6
4 10
3 6
6 6
3 6
3 9
9 9
2 4
9 5
3 9
8 8
6 5
7 7
10 5
6 8
7 10
7 5
8 9
1 1
1 9
8 5
6 1
1 6
6 4
5 7
5 9
6 1
7 1
7 5
7 5
2 6
4 7
4 2
8 7
7 10
8 4
7 5
3 10
9 10
10 10 66
20 20 69
11 18 74
12 16 76
15 11 91
19 18 95
10 15 67
18 14 94
19 11 82
12 15 78
15 19 73
15 11 58
16 10 98
16 19 88
11 11 63
15 20 78
15 13 69
18 15 83
19 16 54
11 19 91
10 15 89
17 13 72
14 19 63
14 16 87
12 14 75
14 17 78
19 11 68
10 15 83
10 20 52
16 14 89
18 12 60
18 17 71
19 17 79
10 17 53
18 19 73
19 10 88
13 12 65
14 15 89
18 16 95
12 13 69
15 18 95
14 16 67
14 19 62
13 16 93
20 10 90
13 11 99
17 18 86
13 18 85
15 11 87
14 16 78
19 16 74
17 20 82
11 17 50
12 13 58
12 12 88
16 20 91
11 13 74
20 16 64
20 19 76
11 15 59
17 18 52
13 18 78
12 13 68
11 12 76
19 17 59
14 18 60
13 17 73
13 16 57
20 20 50
18 15 84
11 17 74
18 14 64
20 13 94
13 20 83
18 13 69
13 13 82
13 10 64
17 15 75
10 16 63
14 11 89
17 16 80
18 17 97
20 10 90
15 16 95
18 12 80
16 16 68
18 18 55
14 16 69
17 12 74
13 18 97
15 11 89
12 15 51
18 11 61
15 16 61
17 20 60
13 12 91
11 10 59
10 18 83
20 17 69
15 12 52
20 15 56
12 18 71
15 12 100
14 13 72
20 11 66
12 13 88
12 17 72
20 13 65
12 15 79
17 11 58
16 13 68
13 16 71
14 20 94
19 12 75
19 20 66
16 15 58
17 10 56
16 13 77
10 20 96
18 16 78
17 15 74
10 14 73
16 12 64
19 19 59
13 17 56
18 18 91
19 17 85
10 13 100
18 10 61
20 11 75
19 17 82
13 12 83
19 19 86
17 15 88
20 14 99
15 13 72
12 19 84
19 11 57
11 11 82
19 13 75
10 14 78
12 17 83
11 17 63
12 12 75
15 11 89
14 17 68
18 17 74
15 20 65
12 16 64
11 13 93
15 15 68
11 10 86
13 13 80
14 16 63
18 19 67
13 16 89
15 10 87
14 20 89
15 15 73
15 16 93
16 19 77
17 15 92
11 14 91
11 10 86
16 18 87
12 14 59
10 19 55
18 12 75
19 11 86
18 11 53
15 12 72
10 15 84
18 14 51
12 10 96
17 20 72
20 20 53
20 15 98
16 17 98
15 15 89
14 19 76
17 20 85
17 14 81
14 13 78
19 14 78
12 14 100
16 15 59
16 14 50
10 20 96
12 20 78
15 18 81
10 11 83
18 19 72
13 11 86
12 15 86
19 11 97
18 20 51
19 19 87
11 18 53
12 11 73
15 15 93
14 11 76
20 13 75
19 17 71
14 15 57
12 13 66
19 13 56
19 10 77
19 16 60
19 11 77
20 17 91
12 15 51
13 11 81
20 19 73
18 18 66
14 20 83
13 11 62
19 20 83
15 12 100
16 13 90
19 18 75
18 16 96
20 20 87
14 17 58
13 10 93
19 15 65
14 12 60
14 17 70
18 20 66
18 18 98
19 10 91
19 10 60
19 15 76
16 11 87
13 17 77
10 12 85
20 14 52
12 15 100
10 10 66
19 12 59
16 10 81
11 10 70
13 17 71
18 16 88
13 15 90
20 13 72
15 14 100
19 16 50
10 19 76
19 15 93
16 20 62
13 10 87
18 11 69
20 18 57
17 19 86
10 11 65
15 16 64
20 20 70
17 18 70
19 16 73
10 13 100
12 16 58
12 18 65
16 10 69
14 13 64
18 12 82
11 17 93
17 13 86
14 10 56
13 20 80
20 19 58
10 18 76
16 18 85
18 11 89
17 10 72
19 13 70
11 15 64
13 13 82
18 12 87
18 13 81
13 13 99
14 17 58
17 12 65
20 10 50
17 15 100
11 17 81
17 14 85
16 11 91
10 12 58
15 17 51
14 15 71
15 20 91
10 16 50
18 14 70
20 16 73
15 18 58
16 16 89
11 12 88
17 15 66
13 16 69
18 15 69
