180 360
8 1
4 2
7 9
4 2
4 7
1 1
1 8
5 1
8 6
6 6
10 7
9 10
9 7
4 5
10 1
4 9
5 2
3 6
5 8
3 9
4 4
5 6
3 2
2 6
5 3
10 6
6 4
3 5
4 8
3 2
5 9
3 8
6 6
7 9
10 3
9 10
7 9
8 4
3 10
3 3
2 10
3 8
1 4
9 10
9 1
9 6
2 1
3 7
1 9
5 8
9 6
1 4
6 6
10 5
6 1
3 9
10 5
5 9
8 4
3 1
10 2
7 10
5 1
9 7
8 9
5 2
6 10
3 10
3 5
10 10
7 1
5 9
3 8
1 8
10 2
6 2
5 1
4 8
8 4
4 5
9 5
2 7
7 1
8 7
2 2
6 1
5 8
5 4
9 7
8 5
4 8
9 2
9 3
5 7
7 3
4 8
9 10
1 4
1 10
7 10
10 5
1 7
7 1
2 10
6 6
5 2
1 5
7 5
2 3
4 8
5 3
3 2
9 3
7 4
2 2
10 8
7 4
3 8
1 4
10 4
6 9
6 4
3 9
8 4
6 4
1 8
6 1
1 10
1 4
2 8
1 3
1 8
3 4
9 10
10 2
3 6
5 2
8 7
10 5
6 6
7 10
9 7
7 1
6 4
3 8
9 2
3 1
8 6
3 5
5 3
2 4
3 5
5 3
6 6
5 9
9 4
1 1
1 6
4 10
4 2
3 8
7 3
6 5
10 9
10 1
9 5
5 8
2 9
2 5
9 10
7 2
1 5
7 7
1 10
5 1
4 7
1 6
4 2
6 6
9 9
17 19 88
13 13 88
10 17 93
19 20 65
19 20 92
15 20 78
14 15 86
15 16 60
10 17 85
16 12 64
20 12 51
14 18 84
11 18 100
16 17 88
14 19 71
19 17 92
16 11 85
11 16 81
16 20 92
12 13 83
18 18 81
16 12 68
17 18 97
19 18 54
16 16 97
18 17 70
16 14 82
11 12 68
20 17 72
11 17 70
17 14 77
18 18 57
18 17 50
12 10 78
12 16 82
12 19 99
17 13 72
20 15 99
18 20 88
10 10 87
11 12 50
12 17 63
12 11 86
11 19 70
11 12 98
11 14 56
12 14 87
10 20 90
15 15 88
18 20 71
16 17 56
10 20 66
17 11 72
11 14 80
15 16 99
19 14 54
10 17 72
17 15 61
15 11 66
15 12 54
20 18 53
16 16 85
18 20 67
15 12 85
16 20 85
12 12 68
11 15 52
11 11 71
16 12 74
14 18 51
19 18 52
17 16 59
14 20 88
17 11 96
17 11 85
14 15 56
15 12 75
18 17 74
13 14 89
20 17 76
14 12 73
10 10 58
19 11 71
15 15 100
14 13 64
12 15 67
17 20 64
13 15 94
12 20 81
19 18 83
19 20 65
16 20 71
12 12 71
13 18 79
15 17 91
14 15 64
10 10 59
15 14 68
13 12 68
13 12 99
17 13 91
12 20 81
15 18 51
12 18 84
15 12 62
12 17 96
10 15 52
13 14 68
11 15 71
11 16 71
14 10 94
18 18 67
16 11 99
18 13 98
17 11 99
17 20 76
13 17 95
17 15 62
14 14 78
13 20 54
20 12 83
15 19 80
20 16 68
19 18 55
12 14 85
14 14 77
10 14 89
15 18 91
17 19 62
10 12 90
20 13 62
16 18 77
20 12 61
10 10 80
19 14 50
10 10 57
15 16 74
18 20 100
12 17 94
17 19 89
10 16 100
12 16 60
14 10 55
12 13 60
14 15 97
19 14 58
15 18 60
12 16 76
15 13 77
18 15 60
10 16 52
14 15 73
14 17 88
11 12 84
13 12 87
12 12 87
19 17 96
19 14 81
18 18 65
19 11 65
18 11 87
16 16 89
13 10 82
20 13 97
20 20 68
17 20 60
10 20 61
12 15 61
12 11 67
17 13 90
15 16 99
20 11 99
20 20 82
20 11 94
17 19 96
19 18 69
17 10 78
17 17 56
16 17 90
13 19 73
14 13 72
14 16 74
10 20 59
17 12 50
20 11 50
10 18 53
20 13 68
20 19 85
14 12 96
10 14 75
18 13 84
15 11 100
14 15 93
14 20 87
13 18 90
12 20 75
19 14 78
19 16 100
20 14 59
11 18 78
17 16 88
16 15 88
10 20 88
11 17 73
15 18 66
18 20 84
15 10 89
14 13 54
11 17 71
18 16 89
16 17 90
11 16 89
12 13 87
11 17 72
19 16 59
12 13 52
12 20 73
19 16 86
14 14 69
10 10 55
18 20 80
11 11 96
20 20 54
10 10 52
12 20 77
16 19 52
12 20 67
14 19 77
15 18 81
10 14 54
18 17 51
15 10 74
19 17 64
15 13 58
13 17 59
15 18 80
15 11 93
15 18 65
11 13 64
13 16 62
20 17 63
10 11 68
15 14 81
20 10 83
11 15 56
20 13 98
17 12 98
17 14 64
13 15 81
17 15 94
18 16 91
12 10 57
11 11 53
19 18 98
16 16 98
11 11 99
16 13 79
14 15 88
11 10 81
16 13 67
13 10 84
20 15 52
16 13 70
18 18 59
20 20 80
10 14 71
13 13 61
11 10 64
14 14 51
12 17 86
18 11 80
14 15 58
14 12 58
14 12 68
12 11 83
11 19 60
18 18 95
10 12 90
20 14 88
11 15 84
15 16 77
19 12 81
13 12 68
17 20 61
15 10 87
20 13 87
10 13 70
19 10 83
14 19 59
13 10 86
20 20 50
19 15 85
20 13 86
11 18 52
10 10 92
18 17 86
20 11 73
18 13 75
15 12 60
15 14 95
18 13 94
19 20 50
10 10 96
14 13 61
11 15 86
12 12 52
11 11 54
16 11 77
19 10 73
12 10 72
20 12 65
15 11 57
20 14 62
17 14 58
16 17 61
12 17 71
10 14 89
11 12 98
15 15 82
19 14 89
13 20 87
12 15 97
14 14 85
19 15 98
11 13 64
19 19 98
18 19 50
18 15 80
18 20 88
11 10 97
19 19 91
18 19 96
10 12 97
13 15 55
16 15 98
15 15 76
15 18 91
17 13 79
11 12 61
20 15 79
13 14 59
12 18 51
10 20 52
10 14 93
15 12 62
20 16 66
11 13 69
19 17 80
16 12 64
17 18 80
10 15 88
13 15 88
17 13 58
15 18 50
14 12 68
12 10 93
15 20 82
10 13 54
11 12 80
15 15 94
