2000 666
5 1
2 10
8 6
8 10
7 9
9 4
2 2
6 9
9 9
1 9
1 6
10 7
4 6
4 9
1 10
10 9
9 1
5 8
2 5
9 7
2 5
3 10
9 5
10 8
1 1
3 4
4 8
6 5
2 3
1 6
4 3
3 9
4 1
9 6
10 6
4 5
9 7
7 1
9 5
4 1
10 7
3 10
8 6
7 9
2 2
4 5
5 1
2 2
6 6
4 8
7 5
8 8
3 7
7 9
5 8
5 5
1 9
5 3
1 5
4 6
8 4
3 5
8 1
3 6
8 4
10 2
3 1
8 8
7 3
6 2
8 9
10 7
5 6
6 5
9 1
9 1
8 1
9 5
6 9
6 10
6 7
8 6
6 9
10 2
10 10
2 7
8 8
9 6
3 6
2 5
6 9
1 10
3 7
6 1
7 4
10 10
4 9
10 4
4 8
9 7
8 1
9 9
1 2
6 8
6 9
6 10
8 5
2 3
1 10
4 6
4 8
10 6
3 5
6 3
3 2
8 7
9 9
1 5
8 4
5 2
1 2
5 2
6 3
6 10
6 8
1 3
4 10
7 2
3 3
9 4
10 2
7 10
8 5
7 6
9 9
8 10
7 10
10 10
9 4
6 10
8 10
1 5
2 4
4 8
2 7
9 6
2 2
3 6
6 7
6 4
6 4
1 1
2 1
4 1
2 3
1 3
2 1
5 8
3 1
1 4
4 5
3 8
4 10
8 1
2 5
1 9
7 10
10 7
4 4
7 5
2 6
1 6
6 8
2 10
9 5
5 8
5 1
5 9
1 5
7 8
10 1
5 3
6 8
3 4
8 9
8 9
10 7
7 9
8 7
8 6
8 7
1 9
4 6
1 3
1 9
1 1
6 9
10 5
7 9
6 3
8 5
6 3
6 10
7 7
7 10
3 9
5 2
3 6
3 3
9 1
8 9
2 10
9 6
7 7
8 6
7 9
7 9
1 7
6 10
1 6
6 4
1 5
6 2
3 8
7 2
10 7
3 8
2 1
4 10
10 2
10 2
1 4
7 1
5 4
2 3
5 6
7 6
6 4
3 10
10 5
6 3
10 2
6 7
2 6
8 5
3 3
4 10
8 10
1 9
5 2
3 5
5 4
5 1
2 1
5 5
6 1
7 7
5 2
10 8
1 3
5 9
10 1
3 8
3 2
4 6
2 6
1 4
5 2
6 10
6 9
2 1
8 5
3 4
9 1
7 2
9 5
1 1
9 7
10 1
6 9
6 2
7 7
1 10
6 5
10 1
8 10
9 1
8 6
4 3
6 10
8 10
9 3
10 4
3 2
5 4
7 7
5 8
7 7
6 7
6 10
8 1
1 8
9 6
4 4
8 5
9 3
2 3
7 6
1 9
6 10
2 6
2 7
3 10
2 2
9 7
2 2
7 6
1 7
2 1
4 7
3 5
1 6
9 7
7 1
8 5
10 10
6 3
8 4
6 9
3 4
10 8
9 9
2 6
3 10
4 10
5 9
2 5
5 1
1 5
3 6
5 6
4 9
8 3
3 9
10 8
10 9
9 4
5 9
1 10
8 3
2 8
8 5
7 7
7 4
5 9
1 10
5 4
2 9
3 5
9 10
5 3
9 4
9 3
1 3
10 6
1 2
7 7
3 8
10 9
6 6
7 3
2 3
5 1
8 6
1 6
5 2
10 4
2 1
7 3
9 4
8 6
4 4
2 10
5 6
5 3
5 7
9 9
6 4
4 4
9 8
6 6
3 3
3 5
7 1
4 10
7 1
7 6
1 10
8 3
6 5
9 2
2 10
4 4
7 10
5 2
3 2
1 6
10 6
2 6
9 5
1 8
3 10
4 6
10 8
8 2
8 5
2 6
7 3
4 1
1 10
7 8
8 2
4 3
8 5
4 10
5 1
3 2
8 2
5 4
3 10
8 5
7 9
2 10
9 7
2 7
9 7
7 7
4 10
7 1
5 7
8 2
1 10
6 6
4 3
6 7
7 2
5 1
8 7
9 1
5 4
2 2
5 10
6 1
1 2
4 7
9 8
8 3
4 7
4 3
8 10
3 2
8 3
9 10
5 5
6 6
9 7
2 5
6 7
5 2
4 3
5 4
4 4
4 5
7 3
8 6
6 4
8 7
5 5
6 4
8 8
7 3
1 8
3 4
5 5
8 1
6 9
10 8
8 9
9 7
3 6
9 10
9 10
3 3
7 5
4 1
4 6
4 9
1 7
6 3
7 10
10 10
1 10
7 2
3 2
4 10
7 3
10 6
3 2
7 1
5 2
1 2
5 5
10 3
1 3
6 10
1 4
10 1
10 2
9 10
8 3
10 8
8 1
5 10
2 6
8 5
6 2
6 8
7 7
5 10
9 5
1 3
3 9
9 10
9 9
1 9
7 3
1 8
9 10
1 9
10 2
6 10
5 5
7 6
3 3
10 7
9 9
8 6
8 2
8 10
7 8
6 8
1 1
8 2
3 8
7 3
4 9
2 9
7 1
3 9
9 5
5 9
7 9
9 10
4 3
2 8
5 2
6 7
1 6
4 2
3 7
8 4
3 4
9 9
7 10
3 7
9 9
6 7
1 5
3 5
7 3
2 2
5 6
6 6
5 10
1 4
4 1
2 7
3 8
2 6
9 2
5 8
3 1
9 9
5 6
7 1
3 9
8 7
7 4
7 8
1 6
4 6
10 3
6 3
8 6
8 10
5 2
9 7
9 6
4 4
9 6
7 10
2 2
2 8
10 2
1 2
3 4
2 4
7 9
5 9
6 2
2 9
6 1
7 3
9 1
2 9
4 3
10 3
4 2
10 8
2 9
6 5
8 9
6 4
8 9
4 1
7 3
3 4
9 4
2 2
3 10
9 8
5 2
5 1
6 10
8 6
4 6
6 7
6 5
9 6
7 10
9 4
10 3
2 6
9 4
3 9
9 1
8 6
3 8
9 10
10 10
2 7
10 4
2 2
4 1
6 6
1 3
7 3
1 1
3 9
5 6
1 4
4 8
9 4
10 2
8 10
6 9
3 4
6 10
9 8
6 10
7 8
1 9
1 3
7 2
3 7
1 9
8 5
3 7
6 8
8 2
1 4
1 5
10 6
4 2
1 1
3 1
8 7
4 3
5 5
8 10
10 7
2 3
2 4
10 1
1 10
4 6
3 4
8 7
1 1
5 6
5 10
2 10
9 6
6 4
3 6
9 5
2 6
3 5
10 7
2 7
7 6
1 3
3 6
7 10
3 8
4 7
2 4
1 10
6 10
4 6
10 7
5 3
5 7
1 10
7 4
1 9
5 5
9 9
2 8
8 10
6 4
1 10
10 8
5 5
1 8
2 2
6 4
7 3
4 7
7 7
3 2
2 6
1 6
1 3
1 10
1 1
2 9
1 1
7 7
1 9
4 10
9 10
6 9
1 7
6 6
3 7
7 10
10 7
6 9
3 10
4 9
2 7
10 7
10 3
5 8
9 9
5 6
9 5
5 9
10 6
3 2
8 4
8 3
5 4
6 5
2 1
7 1
8 1
4 8
8 4
2 10
4 10
1 3
3 9
4 6
3 2
4 6
6 6
9 3
8 6
8 1
6 9
7 8
2 4
1 8
9 9
3 6
9 6
3 2
1 6
3 4
2 3
6 6
1 8
3 7
8 2
9 6
3 2
6 4
1 10
2 2
9 3
6 5
2 2
2 3
4 7
9 8
2 10
2 10
7 7
6 9
9 5
4 5
3 4
7 7
2 4
1 9
10 5
8 7
4 4
6 9
8 10
8 4
8 6
1 1
10 8
6 1
10 1
5 4
9 1
6 6
7 6
3 9
3 10
1 5
9 6
9 8
7 7
5 3
4 6
2 7
8 3
8 3
2 2
3 5
1 2
8 8
1 7
2 9
10 7
8 9
9 4
3 7
3 9
2 7
6 3
5 3
1 9
3 9
9 5
9 9
4 8
9 10
1 2
7 7
2 4
7 3
1 2
5 6
10 4
2 2
8 9
3 10
1 5
10 3
9 2
7 9
2 9
10 2
9 6
1 6
9 8
7 6
6 10
1 2
6 5
6 7
9 8
3 9
6 8
10 1
5 8
10 3
7 10
3 7
2 6
1 8
5 6
1 10
1 3
10 8
5 2
4 3
1 9
10 10
1 2
9 10
2 8
3 5
2 5
3 6
3 10
4 3
4 10
9 2
3 7
4 4
5 3
8 8
9 5
2 9
3 5
10 4
1 8
7 2
10 6
5 9
3 4
5 1
10 6
4 8
3 6
4 2
4 2
4 5
10 9
3 5
3 5
6 5
7 5
9 8
6 10
7 10
7 8
8 4
6 9
4 6
4 8
3 7
7 4
7 10
1 8
7 3
2 9
4 2
3 9
7 7
10 2
6 5
9 1
10 3
8 6
10 7
1 5
10 6
5 4
8 10
6 2
1 4
7 4
3 4
4 3
7 3
7 5
9 8
1 9
10 7
6 3
3 9
2 2
9 10
9 9
9 2
7 10
7 1
2 6
2 10
8 3
4 1
10 4
7 8
5 6
9 1
6 4
2 1
8 4
3 9
6 6
7 9
6 10
8 10
1 1
7 2
6 4
8 7
3 3
9 2
1 1
4 4
7 5
7 1
2 3
10 8
7 3
2 10
7 8
5 3
9 6
9 6
9 5
10 8
6 10
2 8
3 5
6 4
4 8
3 4
9 1
5 3
7 10
7 1
8 8
1 9
8 6
10 10
3 3
10 1
8 9
3 5
10 10
8 7
1 10
5 10
4 3
1 7
9 5
9 7
3 3
9 8
2 2
7 9
6 4
1 1
8 2
4 1
6 7
7 9
3 5
10 3
3 2
3 8
7 4
10 7
9 3
5 2
2 7
4 8
6 9
6 2
5 1
7 9
3 8
5 6
4 2
6 7
2 3
1 4
3 1
5 2
10 3
4 8
2 2
4 7
7 6
8 10
9 3
1 3
4 6
4 7
2 7
1 8
3 3
4 5
2 7
7 7
7 3
9 3
1 10
6 1
8 1
6 8
7 7
7 1
1 8
1 8
5 4
2 4
7 4
2 5
5 7
4 8
6 10
7 9
1 1
2 6
4 2
4 6
4 5
10 5
10 2
9 5
9 9
8 2
4 5
10 2
9 2
3 7
2 9
10 9
10 9
6 10
6 4
3 7
7 7
2 4
2 6
8 10
10 1
6 10
10 1
1 3
6 5
6 8
9 2
5 1
3 6
8 7
10 3
6 3
5 5
5 8
4 2
7 8
1 3
4 1
7 1
6 7
9 4
4 10
6 4
10 4
6 6
5 10
7 5
6 4
9 9
7 6
1 1
8 9
5 6
6 6
5 10
8 5
2 3
2 6
1 10
3 7
4 4
4 2
2 3
2 9
2 5
4 10
3 6
6 8
7 6
4 3
6 8
9 10
3 8
8 4
10 1
3 10
3 8
9 7
5 9
5 2
3 9
6 5
1 5
3 6
3 3
3 10
1 10
2 1
8 4
8 10
1 1
7 9
8 4
7 5
4 8
7 10
4 8
1 9
2 4
10 4
2 7
9 2
8 1
9 4
6 4
9 2
6 4
2 1
4 1
5 8
4 2
6 1
6 10
10 1
7 9
9 9
8 2
5 6
3 9
6 9
8 3
4 1
4 3
1 2
1 4
3 5
6 6
3 6
8 9
6 1
3 9
2 6
8 8
6 3
10 10
10 7
2 4
10 2
8 3
7 2
8 2
4 6
6 6
2 1
7 10
1 2
2 8
8 7
5 5
5 10
5 7
10 7
8 9
1 4
9 2
3 8
2 2
2 7
2 5
6 9
5 10
1 1
3 3
4 6
10 2
6 8
2 1
10 4
10 9
10 3
5 9
3 8
5 8
3 4
5 1
10 3
10 7
3 9
1 9
10 4
8 5
7 10
8 3
1 7
5 4
4 9
9 8
9 2
7 1
4 3
1 2
5 10
1 6
9 1
1 3
8 7
4 9
5 3
1 8
9 2
7 7
6 2
5 4
6 8
2 5
5 1
7 9
3 3
2 4
10 5
5 10
6 6
5 4
5 7
6 9
2 1
3 5
5 9
2 10
3 5
4 8
7 1
1 3
10 7
5 9
1 1
10 6
9 2
3 7
5 8
6 8
2 3
8 7
9 9
8 9
3 10
10 9
7 8
3 4
10 5
4 6
1 7
6 1
9 4
8 10
4 8
7 2
8 8
5 3
7 1
4 3
4 1
8 3
6 10
6 1
9 2
10 6
2 2
3 7
6 3
5 3
8 7
2 5
3 6
8 10
5 1
3 4
4 4
10 2
1 8
2 2
10 9
5 4
2 2
10 9
10 4
3 1
3 2
2 9
6 4
8 10
10 5
4 2
5 7
4 4
10 1
9 1
9 10
5 3
9 8
10 3
10 3
9 9
4 4
4 8
4 8
6 5
3 6
2 5
7 7
10 9
9 10
1 2
9 2
10 6
7 6
3 5
10 6
3 10
9 9
2 3
4 6
1 9
4 6
5 10
2 4
7 5
2 5
4 8
2 8
10 2
3 6
10 10
1 8
9 3
8 2
3 3
4 1
9 4
7 4
2 1
10 9
3 3
9 4
5 2
5 7
7 3
1 8
6 7
6 7
10 2
6 2
7 4
1 10
9 10
3 3
1 3
8 2
6 10
6 4
9 2
5 1
1 9
1 8
4 7
7 1
3 10
6 3
1 5
6 3
6 1
8 6
7 4
6 10
2 1
7 8
3 8
2 1
5 6
10 7
5 10
5 9
3 7
4 10
1 2
9 6
3 8
6 1
3 10
6 9
6 10
1 1
10 6
8 1
7 1
9 3
6 8
5 3
5 9
8 3
2 6
8 10
6 9
7 6
2 6
10 10
4 2
10 4
1 5
6 9
5 2
10 1
7 1
9 1
3 1
8 9
9 3
3 9
1 2
8 8
8 3
5 8
9 8
2 1
10 10
9 3
4 5
10 5
4 7
2 4
9 9
9 7
2 8
9 5
1 10
7 5
3 7
9 8
2 7
1 7
3 4
8 9
7 9
4 2
5 5
5 1
8 10
10 5
6 7
6 7
8 3
10 3
9 8
7 2
4 2
10 4
7 2
6 8
10 7
9 1
7 7
10 1
8 1
8 6
4 7
8 4
8 3
7 2
10 10
3 1
6 4
2 5
5 1
10 3
5 3
5 2
1 10
5 6
7 6
4 6
6 6
6 8
9 6
2 8
7 5
7 8
6 9
5 3
10 3
8 9
1 9
8 5
2 2
6 10
1 9
10 7
5 8
10 1
4 8
6 8
5 8
4 4
3 2
10 3
8 9
8 8
7 6
8 6
1 8
8 1
7 7
5 3
3 9
2 9
4 4
4 1
6 3
9 1
6 4
2 7
4 2
4 4
10 7
8 8
4 1
4 10
10 10
2 6
1 2
2 3
4 6
4 9
4 5
3 8
6 2
8 8
8 6
6 8
6 1
5 5
7 2
6 5
10 4
2 9
4 4
1 6
2 8
1 8
4 4
9 6
3 1
9 1
4 8
10 9
9 10
2 8
10 2
4 5
2 5
9 8
2 9
5 1
9 7
9 8
10 4
5 10
6 9
2 2
2 7
2 5
9 3
1 9
7 4
6 7
6 8
6 6
8 4
7 1
1 6
3 9
8 10
3 10
6 9
1 5
4 4
1 4
8 7
1 5
9 5
7 3
1 9
7 1
1 8
9 10
3 3
10 10
3 8
2 4
3 1
5 6
6 6
5 10
10 2
2 3
9 8
5 4
6 8
6 2
2 5
3 8
3 2
10 4
6 9
2 10
3 9
6 10
6 10
3 10
5 5
10 5
8 9
9 5
3 1
9 3
4 8
8 5
7 8
6 5
10 3
6 1
10 2
1 4
4 7
5 7
7 6
6 4
8 6
5 7
9 10
8 3
6 5
2 6
6 8
10 8
6 2
6 6
8 9
1 4
4 10
5 6
2 6
5 7
4 9
8 5
10 2
7 9
2 10
7 4
6 9
7 5
4 10
5 6
6 10
4 7
5 2
3 7
7 2
3 4
8 9
8 7
5 5
3 9
2 2
3 6
4 10
7 4
5 10
2 5
4 2
1 5
9 3
6 2
6 7
9 1
6 10
3 7
8 2
5 7
1 1
7 5
10 3
6 4
6 6
4 4
1 10
8 8
3 6
1 4
10 3
3 3
3 1
9 8
2 8
6 9
4 5
3 2
10 8
7 10
4 4
1 10
4 2
4 5
6 1
10 9
5 6
7 5
2 8
10 1
2 8
9 2
8 1
1 5
4 10
2 2
9 9
6 4
10 9
1 2
7 4
10 2
5 8
1 9
8 10
6 1
6 5
4 10
1 3
10 7
3 10
1 5
5 8
3 3
4 9
3 4
8 5
8 9
4 4
4 9
7 5
10 1
5 10
3 8
10 1
10 10
6 6
3 6
3 8
6 5
2 1
3 4
6 2
2 8
5 9
2 5
2 8
5 8
2 2
2 8
9 4
7 8
7 7
3 9
2 8
7 4
1 1
4 2
2 1
3 5
10 7
3 4
1 10
7 6
3 8
9 6
10 1
5 2
1 6
5 2
6 5
7 2
6 9
7 7
8 6
6 3
10 7
4 7
8 5
5 4
5 4
1 3
10 3
7 3
8 2
4 1
9 5
6 4
2 4
1 9
5 7
10 2
9 8
7 3
7 2
3 7
3 6
8 5
7 2
4 6
10 4
2 2
5 5
9 6
5 3
8 7
7 3
6 9
10 10
9 5
5 8
2 7
6 4
5 5
2 2
4 5
2 1
6 1
8 9
10 8
8 9
4 8
8 1
8 3
6 1
5 6
8 6
4 3
10 6
9 7
7 1
9 2
10 10
1 6
8 3
10 4
7 1
7 6
3 10
10 3
3 2
4 9
1 9
2 5
9 9
6 10
8 1
5 8
8 10
2 3
2 5
2 5
7 3
6 5
9 3
20 14 75
17 19 55
19 18 86
12 10 66
19 20 74
16 20 58
19 18 79
20 17 83
17 14 82
13 19 97
14 19 54
19 20 95
13 16 70
15 10 82
19 15 53
14 11 51
16 13 61
11 19 76
20 12 51
15 14 92
14 12 97
15 11 53
12 10 64
10 18 87
15 16 72
17 13 54
10 18 64
20 12 89
20 18 74
13 12 93
13 20 99
14 14 93
16 17 83
11 15 66
19 15 72
16 13 57
16 13 90
11 13 95
10 10 96
17 20 61
18 18 54
11 13 78
10 16 63
13 12 97
15 13 99
18 12 56
10 11 73
18 19 55
20 19 55
16 14 67
20 16 59
12 16 50
18 17 60
11 17 75
15 20 51
10 20 93
13 16 91
12 14 78
14 13 99
12 11 90
11 13 70
12 17 95
20 16 51
20 20 53
11 18 79
17 11 62
19 10 96
20 14 87
18 17 53
14 16 82
15 11 74
20 20 92
12 16 97
19 18 56
19 17 70
20 15 73
20 18 58
15 14 87
10 12 89
10 15 64
20 13 88
14 14 81
19 18 77
20 11 55
14 11 97
12 18 59
17 18 74
18 15 89
16 12 59
14 10 85
19 17 93
19 15 57
20 17 66
12 11 72
12 12 57
18 16 86
17 18 95
19 14 100
15 14 87
14 18 95
14 19 64
17 19 62
10 12 62
20 15 59
15 17 87
17 17 75
17 13 52
20 10 54
16 18 69
18 13 77
18 10 66
14 19 84
20 16 72
13 10 86
10 13 91
12 16 73
13 11 50
18 15 59
19 16 83
15 15 50
20 14 60
14 16 62
10 12 84
20 19 58
11 16 80
18 20 65
10 18 54
11 15 90
12 10 86
14 11 97
11 17 74
19 17 71
18 16 51
14 10 58
10 20 85
17 11 69
20 13 82
15 18 68
13 14 96
12 16 74
11 14 65
12 12 84
13 17 93
13 14 98
18 15 52
20 10 59
20 12 60
17 18 76
10 12 85
20 15 86
12 17 82
11 19 91
10 16 63
13 15 69
11 16 80
14 19 97
20 14 51
11 20 98
14 12 97
11 17 88
13 19 76
13 20 88
13 12 97
13 19 78
18 16 52
16 17 63
16 20 77
20 11 96
19 17 81
17 18 82
18 13 51
11 15 72
19 19 53
13 14 53
12 20 97
11 20 100
17 14 60
14 17 85
15 14 83
13 10 52
12 19 81
17 17 73
14 14 56
15 14 73
12 19 85
10 11 82
10 16 51
10 17 78
20 13 72
11 13 60
13 15 81
11 12 59
18 12 85
18 19 93
14 18 51
19 20 79
10 12 55
16 14 66
12 10 66
11 20 100
15 11 80
17 19 74
10 16 76
18 20 68
16 18 70
18 13 74
10 10 59
13 13 95
17 20 59
16 17 83
20 17 96
16 19 93
19 19 57
15 10 53
14 18 75
15 10 58
17 13 64
13 10 64
12 11 52
14 12 92
19 18 50
15 14 96
16 11 66
19 20 94
16 17 55
18 19 65
14 16 97
19 19 61
11 16 51
19 12 70
20 19 63
14 11 57
17 12 93
15 15 80
12 12 86
15 10 99
17 19 55
11 19 95
20 11 72
17 14 94
12 10 88
17 12 75
19 10 90
15 14 82
16 11 61
17 15 62
11 14 60
15 13 95
13 11 70
14 15 74
11 18 51
18 15 75
14 16 65
11 18 98
18 14 98
12 10 63
16 16 86
20 14 92
10 10 63
15 13 74
16 12 65
14 13 98
11 10 99
16 10 98
14 13 82
20 13 67
14 20 62
11 13 85
11 19 95
12 14 90
18 11 95
14 20 81
16 13 95
16 19 70
10 11 93
16 10 69
10 20 98
19 19 84
18 18 96
13 16 78
11 13 87
20 10 66
14 16 98
16 18 68
20 14 96
15 18 94
18 18 65
20 12 64
20 15 76
16 17 95
19 15 52
19 15 52
12 11 77
12 10 68
13 13 63
10 13 51
15 18 59
16 16 50
15 15 65
13 17 90
14 20 86
10 13 64
14 15 64
14 18 79
10 19 91
17 19 97
17 17 77
17 17 65
12 11 51
17 13 69
18 20 93
16 13 89
14 20 87
11 12 54
15 10 83
11 10 79
13 18 77
14 11 99
16 18 67
20 18 58
16 16 85
20 10 58
20 11 81
12 19 96
14 15 73
20 19 97
18 20 88
17 16 84
18 10 66
14 12 92
11 14 77
14 14 51
13 19 85
10 19 65
10 19 77
15 17 60
13 14 62
12 16 58
15 11 73
16 15 78
19 11 70
13 14 65
10 18 98
14 14 77
17 17 90
12 19 69
17 16 97
15 15 86
13 16 57
17 12 61
12 14 94
20 17 86
16 19 89
16 18 94
20 11 50
20 17 62
18 12 65
15 20 81
18 19 82
14 12 64
12 12 61
15 16 67
10 17 51
11 17 88
15 17 81
12 20 60
16 13 58
14 13 95
17 11 97
19 19 82
18 20 96
10 15 82
14 13 68
11 13 74
16 17 73
14 15 54
16 19 86
12 13 56
18 16 93
18 17 88
20 16 66
13 10 62
19 19 94
14 13 98
16 14 69
13 15 59
20 13 91
11 11 94
13 11 78
15 11 98
10 16 56
19 10 98
12 12 51
16 17 90
20 18 53
15 19 100
12 14 78
10 10 51
18 17 92
14 20 76
14 16 72
17 13 95
18 16 57
16 20 50
15 19 54
11 12 100
16 10 61
15 19 50
19 15 96
12 19 57
16 14 55
17 10 56
16 10 55
14 10 59
16 17 57
18 18 80
10 11 83
14 15 61
19 12 58
17 14 71
10 13 80
19 13 62
15 12 55
19 11 81
13 10 93
13 17 100
13 14 96
13 14 50
11 13 54
17 11 76
11 17 75
10 20 88
11 18 80
19 15 79
11 20 83
17 18 91
17 10 65
19 14 100
17 12 71
13 11 94
14 11 94
14 15 73
19 15 88
14 17 86
16 20 81
19 15 66
12 15 65
12 17 87
10 13 77
15 18 84
17 16 96
18 19 85
17 18 57
15 19 84
15 17 69
18 15 69
20 14 80
19 18 78
11 16 90
11 11 65
12 11 61
19 17 89
20 17 81
12 14 51
19 12 74
15 14 94
15 14 73
14 16 92
17 14 64
13 10 100
10 18 77
19 14 73
10 11 84
18 19 65
16 19 92
11 18 63
13 18 63
16 17 89
10 16 83
14 11 67
11 12 80
19 19 79
17 15 91
20 13 76
14 12 56
12 10 93
10 14 74
12 11 52
10 11 97
20 19 92
11 16 61
16 12 79
18 11 89
20 13 93
19 16 98
15 15 94
13 14 76
20 13 62
20 13 94
15 12 100
11 10 54
15 19 70
17 20 90
20 10 97
11 16 50
13 19 96
13 14 92
17 20 66
12 20 57
11 19 72
10 13 69
12 16 54
13 12 77
12 12 77
14 10 65
19 10 77
16 15 96
19 11 87
17 14 86
14 10 92
13 12 59
14 19 86
17 19 94
10 11 66
13 17 71
18 16 94
11 10 80
15 18 62
17 19 94
14 19 55
16 18 63
17 15 83
19 20 98
16 13 68
12 17 85
16 11 87
19 16 92
16 10 94
14 14 77
13 18 99
16 14 70
19 10 88
17 10 58
16 19 68
17 20 72
18 16 82
14 13 69
18 10 100
17 14 70
20 19 58
16 17 97
14 11 95
18 10 70
10 11 64
10 11 78
10 12 78
13 18 77
18 16 57
15 14 81
11 18 90
10 19 74
19 13 63
16 16 64
18 17 66
18 18 94
17 20 90
18 10 95
18 17 51
10 17 63
16 16 50
16 19 84
10 17 57
10 13 92
20 16 77
10 20 86
14 16 82
18 15 71
10 14 67
12 14 97
15 19 86
19 11 65
16 20 59
11 13 95
16 17 54
10 15 77
10 20 50
10 16 81
20 12 85
20 16 56
20 13 57
12 20 57
15 16 66
18 15 95
18 13 63
16 17 68
17 10 71
16 14 86
18 12 68
14 16 98
12 12 91
14 12 63
14 14 92
15 18 81
19 11 56
17 16 87
19 15 80
10 17 74
16 13 63
19 15 71
16 18 60
10 17 93
12 18 62
12 15 81
10 17 54
20 18 50
17 11 55
20 19 71
10 17 54
14 18 81
19 15 58
15 15 63
16 18 90
19 13 52
13 14 58
13 13 94
12 18 51
11 19 74
16 20 59
13 19 53
11 11 69
10 20 97
13 19 77
20 10 74
18 19 81
11 12 69
17 17 70
16 20 71
18 15 50
15 20 89
16 11 96
16 13 95
20 14 66
12 15 50
19 13 85
14 10 85
11 12 100
16 18 74
19 17 61
10 16 53
20 13 97
11 15 65
15 12 65
18 12 70
14 12 61
19 17 52
19 16 54
18 16 81
13 11 79
14 16 71
11 13 55
17 19 56
10 12 85
10 18 54
15 20 89
13 17 53
19 14 90
