210 420
6 9
8 3
3 6
8 1
4 4
5 5
6 9
5 4
5 7
8 10
6 8
6 3
2 9
2 3
8 5
7 1
8 3
1 7
9 1
2 8
6 9
10 5
8 5
3 1
7 9
2 8
2 5
6 10
7 9
6 8
7 6
1 9
6 8
4 9
6 1
8 10
9 5
5 9
8 2
10 8
8 3
3 7
3 2
5 7
5 10
2 7
7 7
9 6
2 3
4 5
10 5
3 2
5 8
8 10
8 8
5 7
10 8
6 8
1 10
2 7
6 8
7 3
4 9
5 5
1 8
5 9
3 9
9 7
6 10
3 6
8 6
6 2
6 6
3 9
8 7
1 3
7 6
1 6
7 5
8 4
2 1
10 7
8 10
6 6
8 6
4 6
1 6
6 9
6 6
7 6
4 2
7 5
2 1
9 9
10 4
9 7
7 3
4 1
4 3
8 9
9 5
9 6
4 3
7 2
6 3
4 3
7 8
5 10
9 8
1 6
7 1
9 6
7 9
7 1
7 3
2 5
7 9
4 9
6 8
3 7
3 9
3 4
5 3
7 5
9 1
10 7
9 3
4 9
10 8
10 9
8 8
3 5
2 6
3 7
5 4
2 8
8 10
4 8
10 2
5 6
4 5
7 1
8 8
1 7
1 7
1 10
7 3
6 6
2 7
9 9
4 4
1 3
8 4
10 10
8 8
8 9
1 5
1 4
10 9
6 7
4 6
6 7
2 7
3 9
7 2
9 7
8 10
6 7
1 7
10 4
1 10
7 9
9 7
3 2
6 9
4 2
8 8
2 8
4 2
1 5
7 4
7 4
8 1
10 8
4 4
3 1
8 9
6 2
4 1
8 3
3 3
8 10
2 10
6 1
10 6
9 1
2 2
2 10
6 1
9 9
6 10
3 7
1 6
3 9
8 4
9 4
8 2
5 7
1 9
6 9
15 16 95
14 14 99
15 14 86
17 11 75
17 13 84
14 19 61
19 12 56
15 19 70
17 18 75
12 17 98
13 19 77
15 15 57
11 16 97
15 12 84
12 11 67
17 19 98
13 20 83
14 18 60
11 20 99
13 19 62
19 16 77
14 19 73
13 13 98
10 12 59
14 18 58
15 14 82
12 10 59
19 17 68
18 13 55
19 14 77
12 15 51
12 19 98
10 17 66
10 20 89
10 20 99
12 14 63
17 18 84
15 11 91
19 14 68
19 11 86
13 14 100
20 17 86
12 12 53
13 10 51
11 16 80
11 14 55
17 11 87
15 14 65
12 18 86
14 17 70
20 17 56
18 11 96
17 15 64
19 19 70
11 19 95
17 10 88
11 10 95
14 19 61
20 11 76
11 19 59
13 11 89
13 13 72
12 11 77
12 19 79
10 17 69
18 11 89
16 13 83
11 13 57
20 16 82
20 12 63
17 10 53
13 17 71
15 14 73
17 20 52
12 18 75
16 14 83
15 15 56
16 14 62
19 17 62
19 14 68
20 10 97
11 19 99
13 13 75
14 10 56
17 16 92
14 20 77
18 12 68
19 19 96
11 12 64
13 17 97
20 13 87
10 19 91
19 15 82
11 13 59
11 19 53
16 16 100
17 16 54
16 16 85
16 11 65
19 16 93
15 19 76
10 20 85
18 16 91
14 14 76
11 11 76
12 17 64
14 20 68
17 10 60
15 10 100
16 19 78
16 11 90
18 16 58
19 20 82
19 13 56
19 14 64
11 14 57
10 15 56
15 11 81
14 17 98
12 11 58
10 10 88
19 12 67
19 18 62
11 12 54
10 18 50
12 13 60
14 20 61
14 18 50
10 20 94
19 16 74
19 11 75
15 14 70
19 19 66
17 10 91
11 13 71
20 17 91
18 18 62
20 15 81
13 17 69
15 16 95
14 14 52
19 20 100
15 11 88
12 18 90
20 10 55
10 13 83
15 10 66
14 19 71
19 18 53
15 11 71
19 17 77
20 13 64
14 11 95
20 10 90
11 12 98
14 17 88
10 19 68
15 16 50
15 20 91
11 13 96
16 14 54
16 18 93
17 20 88
17 19 62
11 20 95
16 12 65
10 18 62
10 12 66
19 16 63
13 20 54
20 12 78
12 19 92
14 10 95
19 18 85
20 17 71
11 18 91
19 12 58
10 19 86
12 14 94
14 15 67
11 20 66
12 20 67
14 12 88
11 12 83
11 15 72
18 14 83
11 14 65
15 11 56
12 12 56
19 11 94
20 19 80
11 17 74
16 16 63
11 19 100
17 19 55
16 20 54
15 20 63
16 10 97
15 18 99
11 15 67
10 19 61
15 15 59
10 11 87
14 15 77
12 12 58
20 12 53
18 11 70
10 20 64
12 15 62
17 12 87
16 11 51
13 15 75
20 11 79
18 12 79
10 15 61
15 20 99
13 13 80
15 20 97
14 18 53
16 14 55
19 10 100
20 13 94
13 16 76
17 14 80
18 17 61
13 19 95
19 14 98
20 16 93
11 20 98
16 19 90
11 18 73
10 11 98
12 12 81
14 12 81
12 17 75
16 18 84
14 20 57
18 10 79
15 13 99
15 18 77
19 19 64
15 18 98
14 13 78
18 12 83
13 16 90
16 19 51
10 18 62
18 12 60
15 15 77
11 15 52
20 19 61
17 12 65
13 15 71
16 19 64
17 13 99
18 16 97
19 19 76
11 20 57
13 14 100
16 13 58
10 17 92
20 19 92
18 16 51
14 15 77
15 20 89
19 19 94
13 18 79
19 19 87
15 18 80
10 13 99
11 11 58
16 15 99
16 13 59
15 14 63
12 20 92
10 10 77
17 15 79
12 11 70
12 10 64
12 11 52
10 18 76
15 16 52
20 12 73
13 12 60
20 18 97
15 20 72
14 19 58
17 11 56
17 19 59
14 15 62
19 18 99
20 20 65
13 11 53
20 17 67
16 11 62
10 18 85
13 14 75
10 17 76
15 13 89
11 12 57
18 16 50
10 20 78
14 17 81
15 14 79
14 12 76
14 13 60
15 18 80
10 18 80
13 14 64
18 10 62
11 14 66
12 11 56
12 19 78
19 14 73
16 17 70
14 18 92
14 18 61
16 10 89
18 17 62
17 19 92
13 12 55
14 15 89
16 11 98
12 11 68
14 10 95
14 14 96
17 15 57
13 14 54
10 10 98
13 11 60
18 19 76
13 15 92
20 16 56
19 19 100
15 15 73
18 14 50
10 10 77
18 15 62
15 17 63
15 17 78
15 16 70
10 17 84
20 18 71
17 15 50
11 18 60
13 18 61
11 11 62
11 19 78
13 20 99
15 12 62
14 20 54
12 15 63
13 12 54
17 10 98
16 18 88
16 17 74
11 15 57
15 14 68
11 12 81
17 12 62
19 12 67
18 20 99
13 18 89
12 10 93
15 11 55
15 11 54
10 15 75
17 16 92
14 18 56
11 16 79
13 16 60
11 13 72
17 10 53
20 19 73
19 15 72
15 14 97
10 16 74
20 11 72
11 11 83
12 13 54
18 20 77
12 10 71
15 19 81
13 13 86
20 13 76
11 15 72
17 20 51
13 16 57
10 18 73
19 15 60
18 10 86
15 18 74
12 20 88
18 10 52
19 17 99
14 19 66
16 10 55
19 14 86
19 14 70
18 20 62
12 18 96
10 14 99
17 14 62
10 15 55
13 12 55
14 20 59
11 16 95
20 17 96
15 11 55
17 20 70
11 12 98
16 15 84
12 11 59
19 11 92
15 18 71
13 20 79
19 16 61
14 18 50
16 16 81
17 13 78
