240 480
4 2
6 4
8 6
8 2
1 1
8 6
10 2
5 2
8 1
5 10
1 5
6 3
6 8
4 9
2 5
1 5
2 7
6 5
5 3
6 8
2 4
6 9
9 3
6 4
5 7
9 4
8 4
3 3
6 4
8 8
1 7
5 5
5 2
1 3
4 3
1 6
8 3
2 6
2 2
10 3
1 2
6 2
8 3
5 10
6 5
1 10
6 9
3 5
8 3
5 2
2 7
8 6
1 4
10 4
10 2
10 2
1 10
5 10
5 10
3 7
2 6
6 8
1 9
8 2
5 4
5 5
4 4
8 5
6 7
3 6
2 8
9 4
3 8
10 5
8 9
2 9
10 3
8 7
4 5
3 6
1 1
3 3
5 5
1 2
6 5
1 9
8 1
8 7
5 6
5 7
8 5
7 2
2 3
7 9
6 6
8 2
9 6
1 2
9 4
3 10
5 3
1 6
6 2
6 3
9 7
6 8
10 10
10 4
10 2
6 2
8 8
6 7
7 4
1 1
8 1
4 6
3 9
3 8
4 2
7 4
8 4
8 5
9 9
9 8
9 7
6 6
9 9
1 2
4 2
2 7
6 6
3 6
3 6
10 3
6 5
1 10
7 6
5 9
5 3
6 8
8 4
6 5
6 3
2 8
10 8
2 8
3 9
7 10
10 2
3 2
2 5
7 9
8 6
10 2
6 5
6 8
2 8
7 9
8 3
8 8
4 2
3 7
6 8
2 8
7 5
8 5
4 4
4 9
6 8
4 9
7 3
10 6
2 8
5 10
3 5
10 7
7 2
5 7
3 3
3 7
9 5
6 8
9 4
2 5
2 4
9 9
10 9
10 4
4 9
6 7
8 8
1 5
7 6
5 6
7 4
4 10
8 6
3 3
5 3
10 2
1 7
6 8
6 10
1 2
8 10
5 9
8 7
9 4
6 1
9 8
4 10
3 8
1 6
1 7
10 7
10 9
9 4
6 9
6 5
4 10
6 2
6 8
5 3
9 7
9 5
7 2
6 8
2 7
7 3
7 8
2 4
5 3
6 10
4 8
2 4
10 7
8 10
3 3
8 9
6 1
16 18 98
18 20 85
20 11 97
14 18 95
14 18 86
15 11 60
11 10 82
10 14 56
17 11 72
12 10 96
19 16 95
19 18 62
20 20 77
17 13 98
14 14 87
18 17 79
15 14 59
12 11 79
12 13 85
14 14 60
15 20 74
20 18 62
17 11 64
17 14 78
14 20 52
12 20 72
13 12 74
15 18 68
10 13 63
12 10 92
14 14 76
17 20 70
19 10 61
18 11 65
19 11 72
19 18 79
18 13 65
11 17 99
13 10 88
12 19 94
20 18 72
19 18 67
10 10 97
18 12 99
19 11 93
15 15 99
19 15 73
17 16 89
16 16 85
13 14 94
10 18 65
20 20 90
18 17 68
17 12 90
16 17 53
12 14 89
18 11 69
19 12 60
15 16 95
11 11 96
10 10 90
20 20 62
20 10 97
13 19 95
13 17 67
20 18 92
16 12 89
11 10 82
15 13 91
13 17 55
15 16 85
17 15 75
13 15 77
17 12 72
13 16 88
18 13 63
19 15 94
19 19 51
16 13 92
17 20 51
10 13 60
17 17 82
10 10 69
13 14 72
10 14 92
12 15 81
20 17 64
11 20 99
17 19 53
14 18 74
17 12 88
17 14 61
14 14 95
17 17 77
10 18 84
18 10 86
11 17 88
17 16 72
13 19 82
10 11 82
13 12 70
11 10 76
14 20 72
13 17 62
12 18 96
15 10 54
18 11 61
13 11 58
18 15 52
20 18 53
15 12 87
15 10 91
11 11 69
13 14 80
18 13 81
14 14 100
20 13 84
14 20 50
13 18 50
15 18 80
11 12 50
15 20 64
17 11 76
20 10 68
13 10 93
14 20 75
13 16 97
16 18 56
18 16 56
18 17 92
11 12 74
16 20 99
14 19 63
12 16 85
14 14 53
13 14 98
16 11 99
18 10 81
20 16 92
10 11 61
13 18 84
12 14 60
19 13 96
10 15 62
17 12 63
15 13 60
13 12 66
19 19 71
14 14 75
20 14 60
11 20 62
12 16 53
14 16 66
12 12 62
15 16 75
13 17 69
12 13 84
18 15 85
12 13 87
19 15 81
12 16 97
10 20 100
18 10 80
19 20 65
19 13 50
10 19 67
20 14 58
11 16 63
19 20 95
10 12 73
14 16 88
16 17 86
19 14 84
17 10 57
20 19 68
14 15 89
15 17 89
13 14 72
20 12 84
13 19 74
16 15 83
18 18 86
13 18 98
20 14 54
16 11 76
13 14 57
16 11 82
11 10 71
10 14 85
19 18 57
20 17 66
16 14 83
18 12 91
15 13 70
13 13 81
17 14 98
20 12 97
20 13 63
16 19 79
14 11 82
10 12 97
15 10 52
11 18 79
12 15 84
20 14 60
19 12 83
11 18 60
13 17 99
12 11 95
11 17 54
16 16 50
14 19 90
19 19 85
13 17 98
16 18 70
16 19 59
18 10 90
11 18 50
12 16 53
17 18 66
20 12 65
17 17 69
15 18 98
16 19 51
14 20 53
10 16 74
14 20 85
16 18 95
15 17 71
17 11 50
20 18 63
11 11 75
19 16 50
14 18 76
11 11 98
11 13 63
19 16 89
14 20 96
16 16 59
17 12 79
16 10 98
14 14 62
17 13 96
17 11 59
11 13 50
10 17 56
18 17 79
19 17 54
12 20 54
14 12 85
20 17 60
12 10 70
14 10 65
19 10 96
13 13 94
16 14 59
17 17 73
10 11 90
13 14 52
17 11 90
13 10 73
17 15 80
11 19 87
20 20 57
11 17 93
13 18 62
10 14 96
13 20 51
18 15 54
13 13 78
14 16 76
15 12 93
12 18 51
10 12 86
16 19 51
10 15 69
20 13 67
19 16 67
13 11 50
10 19 67
12 17 80
11 13 96
17 12 57
17 11 86
13 10 79
19 20 76
17 20 92
11 17 77
19 11 69
10 19 50
20 11 86
12 12 57
17 11 58
11 18 81
20 20 59
14 14 63
19 19 56
17 20 81
18 16 89
12 14 54
18 18 64
14 13 100
19 12 64
20 15 79
20 10 64
12 10 85
12 20 69
12 12 53
18 14 98
12 14 96
13 14 68
19 12 61
16 16 99
14 11 93
19 18 69
18 12 85
10 20 78
14 13 72
10 13 77
20 11 93
19 16 89
18 17 58
15 16 79
16 19 82
13 13 63
11 13 89
13 11 61
15 11 50
18 18 83
17 20 74
13 15 80
18 16 61
11 18 93
18 17 90
15 13 89
15 10 92
13 11 52
17 18 100
20 16 81
17 13 70
20 19 62
17 10 52
15 10 60
12 20 81
11 13 90
20 16 87
19 12 81
11 17 66
15 17 67
14 10 73
14 18 92
11 18 84
18 12 75
15 10 58
18 17 71
19 13 78
16 19 96
16 19 66
14 19 88
20 13 58
18 20 95
16 19 51
13 11 58
20 20 71
14 10 92
15 20 97
14 18 58
20 17 97
16 18 90
11 19 82
19 12 72
11 18 95
15 10 71
15 15 52
11 12 92
13 16 78
10 10 89
18 12 95
13 14 68
19 17 95
20 19 99
20 12 63
16 18 56
13 11 93
14 11 63
14 17 85
15 20 97
19 20 90
12 10 97
14 13 95
11 19 69
19 17 99
15 20 87
17 17 80
17 18 78
18 11 99
15 19 79
17 10 93
18 11 99
15 14 83
13 18 99
14 11 69
17 13 85
18 20 81
13 13 61
16 17 65
17 10 77
20 14 90
14 14 71
11 14 56
16 18 89
11 15 69
15 18 50
12 20 92
19 10 78
12 15 84
18 10 64
10 20 97
15 17 97
14 18 90
13 11 52
17 13 83
17 10 69
16 17 59
19 13 55
17 17 95
17 16 74
13 17 67
19 10 62
20 14 57
15 17 82
14 16 53
13 11 95
15 19 99
14 14 65
15 20 61
19 15 67
20 13 96
17 19 69
19 14 94
20 16 97
15 18 100
12 12 68
17 14 81
11 17 94
11 16 91
14 19 72
19 15 64
14 12 50
20 13 69
16 11 83
14 12 60
16 16 87
20 15 83
19 20 55
10 17 52
16 18 90
20 10 87
15 12 88
12 20 89
17 15 76
18 16 71
20 12 66
11 16 97
17 19 69
16 18 67
10 13 53
12 10 75
18 11 80
12 19 94
18 10 79
11 11 93
20 11 90
15 16 80
15 19 62
20 20 67
19 19 90
15 15 93
11 13 81
16 18 56
