270 540
1 10
3 5
1 6
7 9
6 7
1 2
2 3
4 5
4 3
5 9
5 3
5 8
2 3
6 8
6 9
5 6
7 1
7 8
8 6
4 1
7 8
2 3
10 4
5 2
6 6
7 3
1 4
9 5
3 8
5 8
9 6
1 6
2 6
2 6
9 7
2 4
3 1
5 7
4 3
10 2
2 6
2 4
10 8
2 4
8 4
9 8
3 10
4 5
5 4
8 9
7 10
1 2
7 8
9 2
4 8
5 6
5 10
4 3
7 2
6 7
1 2
7 6
4 8
4 3
9 6
6 7
10 2
8 3
8 1
5 3
1 4
1 8
6 9
1 4
7 10
1 9
9 3
9 6
5 2
4 8
3 10
4 10
1 1
8 3
9 4
3 5
1 1
7 7
4 6
10 3
4 7
1 8
8 2
9 4
9 4
5 9
8 5
3 2
6 6
10 10
6 3
3 7
6 4
4 6
9 8
9 1
4 5
3 1
3 5
8 7
6 5
3 2
2 9
7 5
2 3
5 9
8 9
10 3
1 7
8 5
5 4
7 5
3 9
6 8
1 7
1 9
1 3
5 9
8 3
3 5
5 7
8 7
1 2
2 6
9 4
1 2
3 8
5 10
8 9
1 9
10 2
9 3
5 4
1 8
9 2
8 5
10 8
4 2
2 2
8 4
8 8
7 2
2 10
4 6
8 3
3 5
3 7
3 7
9 4
6 4
5 7
4 5
1 6
8 10
6 2
10 8
8 2
1 9
2 2
3 4
9 4
2 2
2 9
1 1
7 3
6 4
9 10
3 2
6 8
2 4
2 2
5 2
7 4
7 2
6 4
6 3
7 3
7 3
2 8
1 4
10 5
3 5
7 5
8 3
6 9
5 5
10 6
5 1
10 2
10 8
7 7
8 6
7 7
7 9
6 7
10 5
2 6
9 6
8 3
3 5
10 5
5 10
6 9
9 6
4 1
2 7
4 5
2 7
4 5
9 6
9 4
9 4
5 1
8 3
5 10
2 1
1 8
6 8
9 9
8 10
9 2
3 5
7 8
10 7
4 3
9 7
1 5
6 9
9 2
3 5
6 7
9 7
1 5
9 10
7 3
6 7
6 4
1 1
10 2
5 6
8 4
5 7
10 5
6 1
3 3
2 6
5 1
7 8
4 8
4 8
6 1
3 5
7 4
1 5
5 2
5 8
6 8
4 6
2 10
9 10
18 10 91
16 10 82
15 12 98
19 20 70
11 15 66
20 19 76
16 13 55
16 13 55
19 15 96
16 11 100
20 19 51
18 19 81
19 12 91
18 12 83
16 14 88
17 10 68
10 17 73
19 17 91
10 15 82
17 17 98
15 11 93
13 16 54
10 17 92
11 18 57
15 14 57
14 19 88
14 18 67
18 16 54
13 15 72
12 15 74
17 14 73
17 10 97
19 15 75
18 17 72
15 20 57
14 19 76
18 11 72
19 12 52
15 10 89
11 13 54
16 18 62
16 12 85
12 20 62
15 15 87
15 18 84
18 12 73
17 15 54
13 18 62
14 16 94
15 19 59
15 19 90
14 13 95
19 16 76
19 16 85
14 12 74
10 15 98
10 19 97
12 10 84
17 20 78
15 18 77
14 20 97
16 10 82
10 10 77
18 17 66
11 19 56
15 17 57
14 10 67
10 13 86
17 16 87
14 14 67
18 18 85
19 12 56
15 16 85
19 10 58
13 12 81
15 15 59
19 19 52
16 16 88
11 19 56
10 17 50
15 19 79
20 11 70
13 16 65
16 14 55
20 18 75
18 12 90
13 19 98
16 15 74
11 17 78
17 19 52
17 12 94
13 14 56
16 14 51
17 16 74
12 20 99
18 11 74
10 16 56
17 10 67
10 14 69
11 18 98
19 20 58
12 11 77
14 16 76
20 16 66
20 16 78
12 20 80
18 20 53
18 20 91
13 14 59
18 15 56
20 18 77
10 13 93
11 11 57
10 11 71
19 12 72
18 10 63
13 10 56
14 20 98
20 19 61
19 13 67
12 17 75
12 11 70
14 16 50
19 14 69
19 10 90
14 12 63
20 13 78
10 20 58
18 15 88
11 17 87
10 19 66
10 20 61
10 16 81
10 14 57
16 11 81
13 20 89
19 18 63
10 14 58
19 16 63
14 14 80
16 14 84
14 19 85
18 14 64
19 19 75
10 13 71
10 16 73
14 18 96
12 20 83
19 18 81
20 14 70
18 18 67
14 16 100
15 19 59
14 10 58
11 13 72
14 17 90
13 19 90
14 13 71
11 16 88
18 19 67
14 16 100
18 10 79
14 10 81
19 11 79
10 11 74
20 15 98
13 20 92
12 12 86
13 19 95
14 15 85
15 18 97
11 12 55
19 13 73
13 13 64
12 14 57
17 15 57
13 17 70
10 12 53
10 14 58
10 16 51
20 16 97
11 11 60
16 14 59
14 20 68
17 18 62
13 11 90
20 10 86
13 15 57
15 12 65
15 12 72
17 18 90
19 13 73
12 18 73
15 19 53
20 10 89
16 16 62
20 11 70
10 15 83
10 15 60
11 20 65
12 20 68
13 18 72
14 18 94
11 18 82
15 18 59
13 15 100
15 12 86
13 11 89
13 12 65
10 13 70
11 20 72
13 14 53
15 15 51
13 15 72
16 14 77
17 19 61
19 13 85
12 15 66
15 13 57
16 18 55
15 19 100
10 14 85
19 16 67
16 15 83
12 17 91
17 20 77
13 17 72
18 14 69
18 18 76
12 17 99
15 16 84
15 15 66
12 17 69
17 19 66
19 11 60
19 18 55
18 20 82
15 12 54
15 17 73
13 14 69
11 10 84
19 11 94
17 11 80
15 15 96
20 16 83
16 18 66
13 12 100
18 18 76
12 17 68
11 18 63
19 11 88
11 15 57
14 12 89
11 18 87
17 10 54
16 15 89
17 10 97
20 15 98
11 16 96
13 14 74
20 16 57
12 11 57
17 10 53
20 13 98
20 18 81
18 17 67
15 17 76
20 19 94
15 13 97
12 19 62
11 13 57
13 17 98
15 17 88
19 19 82
13 11 91
20 11 75
16 18 98
20 15 59
17 17 84
12 20 82
12 13 60
10 18 74
18 18 66
20 15 67
17 16 90
12 18 81
18 11 89
11 15 55
11 19 80
19 13 58
10 18 100
17 13 69
13 10 64
14 10 56
17 10 55
19 15 57
13 20 88
13 13 62
17 15 62
13 20 84
10 14 59
10 14 93
12 20 89
15 13 98
13 20 54
16 11 63
12 11 99
11 19 67
20 18 98
11 20 57
16 17 74
15 19 72
12 14 51
14 12 64
11 19 58
20 18 62
18 19 73
10 12 82
15 20 89
10 14 58
17 12 66
16 19 66
13 17 82
12 15 56
11 20 64
15 15 87
14 14 61
12 12 59
18 12 68
15 18 79
12 13 88
17 20 93
19 18 56
16 19 97
10 14 59
19 20 57
17 10 75
18 13 54
15 20 78
19 14 66
15 17 100
17 17 87
17 16 96
20 12 61
10 20 83
14 20 76
20 19 68
13 12 97
16 12 70
15 12 79
11 10 67
11 13 90
17 12 66
14 17 78
16 20 61
20 19 88
13 20 59
11 12 81
16 13 76
10 18 64
18 16 90
10 14 99
16 16 84
18 15 62
19 13 62
20 12 58
10 11 68
15 20 89
10 12 63
12 19 86
19 16 52
14 13 61
17 12 55
10 15 64
17 18 70
16 10 84
20 10 78
16 15 81
13 17 95
10 15 57
15 20 99
17 17 53
17 11 71
16 13 52
18 17 61
20 19 80
10 14 61
11 20 62
11 12 55
13 15 98
15 15 78
10 12 79
11 15 83
20 15 74
13 10 83
20 11 85
12 17 84
14 19 50
17 16 76
16 11 77
12 14 94
20 12 55
18 18 68
13 12 87
10 11 91
20 19 65
17 14 86
16 12 65
12 17 73
18 20 92
20 16 68
13 11 51
14 16 62
16 16 73
19 20 84
15 17 98
17 14 60
11 19 87
11 19 85
19 19 100
17 12 79
15 14 98
12 15 96
12 20 96
20 19 63
18 19 55
17 12 77
19 10 60
18 18 91
14 14 83
12 12 84
12 19 76
17 19 71
11 19 81
14 15 65
17 11 74
16 13 58
10 11 84
15 16 74
15 14 89
11 11 98
18 13 80
14 11 87
12 16 92
20 11 84
20 17 73
16 15 70
16 10 90
19 11 71
19 10 99
19 19 97
12 16 67
19 14 63
13 20 92
10 18 100
13 13 93
11 19 74
12 12 50
16 20 51
11 18 59
11 10 80
13 15 61
13 10 88
15 10 69
20 10 55
10 20 74
10 13 87
12 20 72
11 10 69
16 15 71
12 10 74
14 13 54
13 15 77
11 14 98
15 10 69
14 13 83
11 16 95
20 17 93
11 17 82
15 15 93
20 20 69
14 11 82
10 16 64
19 18 50
10 15 53
16 15 76
12 15 54
13 16 67
15 11 81
16 20 64
19 18 95
19 11 53
17 17 68
13 14 70
19 18 71
10 19 100
16 13 81
16 13 51
14 12 96
13 14 78
17 16 72
17 16 64
12 13 92
16 20 69
12 16 81
10 11 64
13 14 89
18 11 91
20 19 70
16 10 93
16 11 94
14 17 87
20 17 67
12 15 63
18 10 89
17 16 90
11 18 85
18 16 79
12 14 96
18 15 86
16 18 87
11 16 59
12 11 73
20 16 73
13 13 72
15 18 62
17 18 75
14 11 93
12 13 81
19 17 89
20 15 51
13 20 58
11 20 92
12 20 76
11 18 97
16 12 50
15 14 74
15 20 60
16 15 69
15 17 82
