300 600
9 8
9 1
3 5
6 9
10 7
6 1
10 1
8 1
10 9
9 7
5 6
9 10
8 2
6 9
1 7
9 7
8 4
10 5
9 8
1 4
8 7
8 9
4 9
8 5
5 2
5 7
4 5
4 1
9 1
5 2
6 9
8 8
7 2
8 10
2 3
6 4
7 5
5 1
6 5
8 4
2 1
4 7
8 4
6 8
8 8
4 6
3 1
10 4
6 10
3 7
10 6
1 2
9 1
8 2
2 2
10 1
1 4
3 8
7 10
7 6
3 8
2 4
9 8
9 3
10 3
7 4
6 10
2 7
2 2
7 10
6 5
6 1
9 6
6 4
5 4
2 6
7 2
8 4
10 6
5 3
1 4
9 4
6 5
2 3
8 10
4 7
1 8
10 2
7 4
3 2
7 7
5 8
10 8
8 8
5 3
5 6
4 2
7 3
7 9
9 2
2 4
9 4
4 6
2 9
7 8
10 8
6 3
8 3
6 3
1 6
1 5
7 2
9 3
8 7
7 5
3 10
9 9
4 2
2 6
2 6
9 1
1 10
8 10
6 1
8 5
9 10
3 3
8 1
7 5
1 10
8 8
1 3
9 7
2 9
9 3
9 10
1 5
1 2
8 9
3 4
1 5
3 3
3 6
4 1
9 1
10 10
3 10
6 1
1 7
1 3
10 7
10 6
10 4
2 3
8 6
7 8
1 10
3 7
4 2
8 5
9 1
6 8
8 6
2 3
5 9
3 6
9 6
3 1
2 4
3 8
5 4
1 7
2 9
4 5
4 2
7 10
3 5
1 7
2 9
9 6
9 10
6 9
3 7
4 9
8 10
1 7
10 7
10 7
10 9
9 5
5 6
10 4
9 8
8 7
10 8
1 4
10 5
9 10
9 3
2 1
10 6
6 3
3 1
6 1
10 6
10 1
9 7
8 3
4 1
7 10
1 4
2 2
9 10
3 3
6 1
9 8
10 4
7 3
9 7
9 10
2 10
8 1
1 5
4 3
4 8
7 7
3 3
1 3
9 9
2 10
8 3
8 8
4 4
2 4
10 9
2 5
10 3
8 9
2 4
2 8
2 1
6 6
7 2
7 3
8 8
7 10
9 10
10 9
10 9
6 3
8 3
9 8
6 4
4 8
10 2
10 4
4 1
5 4
5 4
5 9
6 10
1 9
7 9
5 1
2 6
6 10
9 5
1 4
4 6
3 6
6 1
3 2
3 5
2 8
8 1
6 2
3 1
10 7
1 2
9 3
5 1
9 7
9 7
4 1
2 6
3 3
5 3
4 4
6 8
5 3
6 9
10 9
7 2
3 10
1 6
10 4
8 10
6 10
6 6
8 5
12 14 56
17 14 64
11 12 94
17 19 96
14 10 81
16 20 94
13 19 93
13 18 65
16 12 80
16 15 69
19 17 91
16 18 51
14 12 81
20 20 55
13 18 95
20 10 86
16 12 63
12 13 59
15 12 71
14 15 100
17 14 51
12 16 57
11 18 70
10 12 91
16 14 58
16 18 82
15 16 87
14 16 96
15 20 67
10 16 70
18 15 91
10 14 89
15 14 91
12 13 95
17 15 58
11 15 73
10 14 69
13 10 75
15 18 76
11 15 86
15 17 88
12 13 62
11 11 52
20 17 86
12 20 65
17 10 84
12 18 86
14 12 83
20 11 95
11 17 96
14 13 87
16 10 79
20 10 69
18 18 73
16 19 63
16 12 82
13 20 95
20 20 81
14 10 72
11 16 63
19 19 89
14 19 50
17 19 70
11 18 99
12 15 55
13 18 50
11 11 77
16 18 73
14 19 84
15 12 87
14 15 89
11 16 98
11 13 50
10 18 75
10 20 70
18 11 75
16 10 59
14 13 85
19 14 54
18 16 84
19 18 61
18 19 72
14 12 68
19 15 53
17 20 69
13 10 97
15 10 75
19 12 53
17 18 93
16 15 56
10 10 62
16 18 100
10 11 91
18 20 97
15 20 58
17 20 94
11 16 85
19 10 79
14 20 74
13 16 55
12 14 78
13 13 54
14 18 54
12 19 68
19 14 57
15 17 82
16 11 95
12 11 81
15 17 60
15 13 93
14 15 89
13 18 69
11 20 50
12 16 91
11 18 77
20 11 60
20 20 65
13 10 90
20 13 81
13 16 60
17 18 70
14 10 81
10 16 74
14 11 72
18 18 63
18 10 67
20 14 89
20 10 68
18 15 98
10 20 95
10 14 87
18 10 88
19 14 88
12 20 66
20 12 100
17 19 54
10 20 99
18 20 81
17 17 80
20 19 64
19 18 52
15 20 88
14 11 86
15 14 71
19 16 96
18 11 53
14 16 65
13 10 58
10 12 67
14 14 70
11 10 78
15 10 90
13 16 50
14 20 61
19 19 69
14 10 85
17 13 53
14 17 78
15 10 88
17 14 52
12 18 85
17 16 62
10 19 99
13 18 80
11 11 83
13 11 58
12 17 96
10 20 96
14 18 71
12 20 55
14 18 73
13 11 54
12 18 50
19 19 63
17 15 88
19 15 89
20 12 53
19 19 65
13 18 88
10 19 78
14 20 67
17 10 56
16 16 90
12 19 93
11 12 58
18 15 87
12 19 53
16 19 60
11 16 85
13 16 88
14 15 55
15 13 80
19 10 85
12 19 55
17 17 86
12 13 82
13 10 85
18 13 51
18 19 100
11 11 92
13 13 77
19 18 99
17 16 57
16 12 66
15 15 85
18 11 82
20 15 72
19 10 88
16 10 94
14 18 79
16 18 88
15 14 82
18 10 78
18 11 68
17 15 57
15 20 61
19 14 71
15 14 93
19 15 62
19 14 94
16 20 52
10 13 52
10 10 70
19 19 94
19 18 86
16 20 94
12 20 60
20 13 78
19 12 83
11 14 100
16 10 65
10 19 98
12 10 67
14 18 68
10 10 80
12 11 95
16 17 74
10 15 75
16 11 58
15 12 89
14 18 62
20 16 91
14 13 98
14 19 88
10 19 89
14 20 72
17 17 70
15 18 67
18 16 98
13 14 77
17 20 69
16 19 82
14 17 50
10 10 78
11 16 69
10 11 94
11 17 80
14 20 77
11 11 65
19 19 69
14 14 69
13 10 61
18 18 91
12 18 85
12 15 75
10 16 78
20 10 60
17 14 82
15 15 98
10 13 80
16 17 71
19 18 72
10 10 76
13 11 54
16 12 94
18 18 97
16 20 51
17 15 71
12 20 95
11 11 86
20 16 93
12 16 87
15 18 54
16 15 71
18 18 71
11 20 58
16 12 84
12 13 82
20 20 55
10 15 63
20 18 57
10 14 82
17 12 71
11 12 84
12 14 53
11 15 78
17 18 78
18 17 51
13 10 68
16 18 76
18 14 65
11 11 70
16 10 56
18 17 97
10 12 88
10 12 55
11 15 70
13 18 77
17 19 59
20 12 50
11 20 93
20 11 58
18 10 58
11 11 75
14 10 94
14 11 97
20 16 83
18 15 58
14 10 75
14 15 60
20 15 77
16 17 80
18 15 69
12 16 70
13 12 73
17 18 97
14 19 100
16 10 53
18 16 94
12 11 70
13 15 99
11 10 77
19 19 56
12 15 83
16 15 50
11 17 81
14 19 85
20 12 58
18 20 52
19 11 63
16 20 74
12 10 95
16 11 59
12 17 57
14 15 68
11 16 89
10 15 76
18 16 65
19 16 58
19 20 100
11 19 94
17 15 99
17 16 99
17 20 57
12 17 94
20 20 78
16 11 97
14 17 79
14 18 75
13 17 55
19 16 60
10 11 65
16 17 82
20 11 85
10 15 51
19 17 72
13 14 64
18 20 91
17 19 71
18 10 50
13 15 60
15 17 75
15 16 78
20 16 87
20 18 52
18 19 95
15 20 55
13 13 97
10 13 68
13 11 50
14 15 72
17 19 68
18 11 97
14 13 80
19 11 63
18 20 81
18 17 79
13 19 57
12 11 98
10 18 61
18 12 52
17 16 51
17 10 68
18 11 99
11 18 90
12 19 61
11 12 97
14 20 53
10 18 80
18 10 83
16 14 99
20 14 86
12 19 73
13 13 83
10 19 69
17 20 84
17 14 81
19 12 75
18 11 76
12 15 73
11 13 58
11 14 88
20 15 97
10 13 92
18 16 79
16 13 55
11 10 61
10 15 84
12 20 59
14 15 52
11 18 87
20 14 61
18 20 88
15 12 90
18 10 91
13 10 68
20 12 76
18 13 59
19 10 51
18 12 59
16 16 88
14 19 60
12 15 76
19 11 59
19 12 99
19 16 89
17 10 52
17 12 64
14 11 56
14 14 51
16 13 97
17 20 78
10 17 57
10 18 59
17 12 79
11 19 52
12 18 55
17 17 60
12 13 58
19 15 66
15 20 67
12 14 99
19 16 84
13 13 63
12 15 59
17 16 64
15 15 66
16 16 59
20 19 85
10 14 65
14 19 66
12 20 80
17 11 69
13 16 71
14 15 80
20 14 84
18 14 97
13 11 97
19 10 99
11 19 62
11 15 84
10 19 66
13 12 59
10 13 66
18 20 82
12 10 61
13 19 75
14 17 78
18 15 99
16 15 100
16 10 50
19 10 88
17 16 50
18 11 56
17 18 67
19 13 96
11 18 59
20 10 89
16 16 52
19 20 62
15 12 75
19 11 54
20 10 68
13 10 54
16 16 56
11 19 97
15 20 94
12 15 62
10 19 82
11 10 96
14 18 78
17 10 99
18 17 94
20 15 70
11 12 79
17 11 68
14 14 58
10 10 76
15 20 84
15 18 73
20 15 76
12 15 71
18 16 66
10 12 79
20 19 71
20 11 99
10 11 68
19 16 50
15 19 83
11 18 85
14 16 84
11 10 94
17 17 87
11 10 95
13 17 66
10 14 92
19 16 67
16 19 55
12 13 54
13 11 88
18 10 83
19 11 82
15 20 50
20 15 73
17 14 67
13 20 54
11 12 97
16 13 54
19 15 58
18 18 97
10 11 85
16 17 92
14 11 94
13 10 73
10 18 74
12 20 61
13 18 91
12 12 88
18 13 91
18 10 60
17 20 76
18 13 73
19 17 66
10 19 92
13 12 98
13 13 54
18 11 50
13 17 84
10 17 98
17 10 71
10 14 66
13 16 94
16 14 78
18 10 81
20 19 78
18 19 63
19 14 87
15 17 98
20 12 75
16 17 96
18 17 53
18 18 59
20 16 63
13 17 74
16 20 91
11 14 99
15 16 78
13 18 55
16 11 91
14 16 66
20 16 87
14 13 63
14 14 75
11 16 69
13 20 78
16 18 100
17 18 98
14 11 62
20 11 57
10 16 84
14 13 95
16 14 61
18 20 72
18 15 80
16 19 60
11 16 83
13 14 56
15 20 59
20 12 51
19 14 70
