3000 1000
1 7
5 9
3 5
4 9
4 7
8 4
10 4
2 7
2 4
2 6
3 4
2 3
8 3
6 8
7 9
7 9
9 3
2 2
2 5
5 1
8 10
3 2
6 8
8 1
6 2
6 5
6 4
1 8
9 7
8 10
9 7
1 5
1 10
8 3
5 8
9 8
10 9
5 2
3 1
1 10
10 1
10 9
1 8
4 4
3 3
6 2
2 8
8 9
2 1
2 2
2 3
2 2
1 9
9 8
4 8
4 1
10 2
6 3
8 6
9 5
5 9
7 9
2 2
1 4
6 5
7 6
9 4
10 10
10 3
9 9
9 7
4 4
3 5
3 6
4 9
6 2
10 10
8 5
8 1
3 8
4 5
7 7
10 6
9 4
8 10
10 4
8 8
6 9
2 10
4 3
3 4
3 2
4 2
9 5
4 9
7 5
2 2
7 8
3 5
8 10
4 9
5 9
7 2
3 2
6 10
4 6
2 8
6 2
4 4
7 8
9 10
8 1
2 3
4 2
7 10
5 9
10 4
6 9
3 5
9 2
8 4
9 5
10 8
3 3
10 6
7 6
5 6
3 5
1 9
2 5
2 2
1 7
6 6
2 4
2 8
1 10
4 6
10 1
6 2
6 7
5 6
6 4
5 10
6 5
5 2
8 10
9 2
3 3
10 9
9 7
5 10
1 8
3 8
4 6
3 7
8 5
6 7
5 1
2 10
3 2
8 4
1 10
8 9
1 1
10 4
6 3
3 2
8 8
8 7
4 6
9 4
6 9
6 5
9 1
8 2
8 7
1 7
2 7
8 10
4 6
3 4
10 8
3 10
2 5
6 5
3 10
5 4
7 3
5 5
6 3
6 1
8 4
1 7
9 5
8 10
8 10
5 2
5 7
7 1
9 9
8 2
10 7
4 5
2 4
5 8
5 7
1 5
9 9
2 7
10 5
3 4
10 2
1 3
6 4
7 6
1 4
9 7
6 3
10 10
7 2
7 5
5 10
9 4
2 5
3 2
3 2
6 3
2 5
1 7
2 4
6 6
1 6
2 2
1 3
8 9
2 5
2 5
4 3
9 9
4 2
4 9
5 4
1 8
3 7
10 7
1 3
6 9
10 7
7 1
5 2
8 3
4 5
5 8
1 4
1 3
10 10
7 4
2 1
7 1
1 3
10 4
10 2
5 4
9 5
9 1
4 9
5 7
2 1
1 4
4 2
10 5
2 10
7 8
6 3
9 9
1 7
6 1
10 1
5 8
3 3
4 3
3 3
8 3
1 6
4 3
10 10
8 7
5 6
4 2
7 1
6 6
1 5
1 5
8 3
2 2
1 6
7 7
7 8
10 2
6 5
5 6
10 7
10 8
9 2
3 3
4 4
5 8
3 1
1 6
8 3
9 5
2 7
5 10
9 2
1 9
2 9
2 1
2 3
1 7
1 2
3 7
1 4
7 7
10 3
2 5
10 6
3 5
3 6
8 9
9 1
3 7
6 10
8 1
4 6
9 9
5 6
6 2
2 6
3 5
6 6
7 9
6 4
5 6
10 5
10 3
5 2
10 9
8 2
4 2
10 1
1 5
5 10
7 1
7 2
4 9
5 8
4 2
5 5
10 7
4 2
7 2
8 6
2 3
7 9
5 1
7 9
2 10
7 6
3 2
3 5
3 10
4 1
8 2
2 8
3 9
5 5
10 8
10 6
4 1
7 9
7 7
9 3
3 1
8 3
2 9
8 5
2 10
2 10
10 2
4 7
6 3
5 2
7 1
6 5
3 9
2 4
6 6
10 9
5 2
9 10
1 5
9 5
8 5
2 6
8 3
10 7
2 7
1 9
8 8
5 1
10 3
2 9
3 7
8 2
3 2
2 3
1 6
6 8
3 2
2 2
9 9
10 7
4 8
3 7
5 10
8 9
1 7
6 6
2 5
3 5
6 2
9 4
10 6
10 10
3 6
4 1
6 10
9 5
7 3
4 6
3 8
2 10
10 8
7 9
7 2
6 4
10 10
8 2
8 6
2 8
9 5
10 8
10 4
6 1
10 3
5 7
3 6
7 5
1 1
4 3
5 8
6 4
4 1
7 3
10 9
9 8
8 1
1 7
3 9
8 3
3 7
5 7
6 6
6 6
1 8
7 1
4 4
9 10
2 10
8 8
2 3
1 2
5 3
6 3
4 3
10 2
4 4
5 4
7 4
8 1
9 5
7 6
2 8
5 6
6 3
9 6
8 8
6 1
9 10
1 8
3 3
8 2
10 3
6 9
2 3
1 9
6 7
5 4
9 5
6 1
6 8
10 5
6 1
9 4
7 10
2 8
1 1
9 5
4 6
7 2
1 8
6 8
6 1
2 6
10 3
2 5
1 7
7 8
9 2
2 10
5 5
7 8
7 5
2 3
9 4
7 10
6 4
9 1
7 3
2 9
10 6
7 7
10 9
9 8
4 4
4 10
10 3
6 9
5 2
4 7
1 7
9 7
5 5
2 5
7 1
7 6
10 5
3 1
4 1
9 3
7 5
10 5
2 10
7 8
9 9
1 5
1 8
9 6
9 4
6 8
6 8
4 5
8 1
3 8
2 7
3 5
8 1
7 9
1 8
6 9
8 4
2 10
4 10
2 3
6 2
6 7
1 8
8 6
5 3
9 2
3 2
6 1
4 4
9 2
2 6
3 4
4 2
5 1
3 10
2 3
2 5
6 1
2 8
4 3
4 2
7 1
10 2
6 2
3 2
8 3
3 4
4 3
8 9
4 1
1 7
9 1
10 9
3 5
3 9
3 3
7 1
2 3
4 4
2 6
7 10
10 1
9 5
8 1
1 7
3 3
10 8
9 3
6 2
7 7
5 1
6 8
4 9
7 6
8 6
6 6
7 3
4 6
10 9
5 2
8 1
5 4
10 9
8 4
8 8
1 5
8 6
1 9
10 7
6 2
9 4
4 3
1 10
3 8
9 5
4 1
7 6
1 10
7 4
7 9
4 4
7 2
10 10
6 9
6 8
7 9
9 3
2 8
4 7
3 9
10 1
10 3
2 5
8 8
10 4
9 10
5 6
7 4
2 8
7 9
10 2
1 1
9 3
4 3
5 10
2 8
9 2
1 5
10 7
3 6
5 5
7 6
4 4
6 4
1 1
4 5
9 9
5 1
10 4
3 3
10 4
3 3
10 3
7 5
8 7
8 8
8 4
6 3
2 4
6 2
6 8
6 9
1 4
1 5
9 7
5 2
6 3
3 10
3 8
6 4
9 8
6 10
8 2
2 2
4 6
8 4
7 8
4 6
9 7
8 6
8 9
4 8
4 8
1 8
5 6
4 2
9 9
1 7
4 7
2 3
7 5
9 2
2 8
3 2
3 7
9 5
6 4
3 2
7 1
5 9
3 3
10 1
3 6
8 5
6 1
8 6
1 8
7 9
5 1
6 4
5 3
6 1
10 9
10 5
6 3
7 8
8 8
10 1
9 7
5 1
3 6
3 5
4 4
5 9
8 4
10 9
5 7
2 9
7 2
7 6
8 4
9 3
7 2
8 6
5 7
9 6
6 1
5 6
2 4
1 6
4 5
4 2
10 1
1 7
9 10
10 8
5 9
3 1
5 5
10 4
8 10
5 2
7 1
6 2
7 5
10 5
10 3
1 7
4 8
8 5
2 2
6 7
3 2
3 3
9 10
8 4
8 1
5 1
8 6
6 9
2 3
5 6
2 2
2 6
4 6
3 5
8 2
9 6
9 2
2 3
9 10
4 8
4 1
5 9
2 2
7 10
2 2
8 6
2 1
6 8
7 3
6 3
6 8
8 10
9 5
2 7
9 3
2 9
6 2
4 4
3 9
3 6
2 2
10 8
7 5
5 4
2 2
9 7
10 4
9 2
2 7
5 8
4 6
3 1
9 10
10 10
8 10
2 3
3 5
1 10
2 6
9 7
4 9
9 1
2 6
5 3
3 5
3 7
7 1
2 6
6 6
2 10
6 5
8 8
5 7
10 9
1 2
3 7
4 1
7 4
1 5
6 4
8 4
3 3
3 6
4 5
1 1
5 8
8 3
10 9
6 5
8 10
2 9
8 9
7 1
2 9
10 10
4 9
10 3
8 7
2 9
2 8
10 5
2 7
9 8
4 1
6 5
4 6
9 9
8 6
9 10
4 2
1 6
2 4
9 1
5 2
4 1
4 5
3 2
9 8
5 5
1 5
9 2
5 4
10 4
6 1
4 2
7 3
2 7
8 10
1 1
4 1
4 1
10 1
10 1
9 5
9 9
4 4
2 10
7 8
3 3
6 6
4 10
1 7
8 8
5 8
1 4
7 8
8 1
1 10
6 1
2 1
7 2
10 3
6 2
5 2
2 1
8 1
3 6
10 4
7 9
3 4
5 4
10 7
4 1
2 10
9 8
9 8
1 6
5 8
8 7
7 9
1 4
6 5
2 10
9 4
2 1
2 7
7 1
1 7
8 6
10 7
9 4
6 5
4 2
9 9
2 7
4 6
1 9
1 4
3 2
8 2
9 4
4 6
5 3
2 4
6 6
2 9
2 5
5 5
1 4
9 8
9 2
3 1
8 5
2 4
7 5
3 9
4 8
1 8
8 7
4 4
6 7
2 6
9 1
8 2
10 4
6 1
6 5
6 7
6 9
6 3
5 5
7 7
7 1
6 1
3 6
1 10
10 8
7 1
4 4
4 10
5 6
4 6
1 9
4 2
9 2
9 4
7 7
5 1
4 1
8 4
8 6
10 3
5 1
9 3
9 2
6 2
10 2
8 10
10 10
1 2
8 3
7 3
7 1
7 8
8 7
1 5
8 5
9 5
9 5
10 1
9 1
2 1
2 3
10 5
7 7
2 1
2 8
4 9
7 9
6 10
5 6
5 4
8 7
6 10
3 2
2 4
2 6
5 2
9 1
10 5
6 5
2 6
9 10
3 6
1 9
4 7
6 5
2 2
9 5
7 6
6 9
3 3
9 9
1 5
1 4
8 7
6 7
10 3
9 3
7 9
3 10
5 3
5 9
6 6
10 6
5 7
2 7
2 10
10 9
7 9
2 4
3 5
1 3
1 4
5 9
8 10
1 2
5 5
3 5
8 8
3 3
3 1
8 6
6 3
4 2
6 7
9 7
8 10
2 3
8 6
8 1
1 5
3 7
10 4
5 3
9 9
2 8
2 1
1 5
3 5
3 10
2 1
7 3
10 3
9 10
1 9
8 4
10 1
2 1
3 8
6 9
6 4
2 6
6 8
8 6
5 4
1 3
9 1
2 5
10 6
10 4
7 4
4 6
1 7
3 5
7 3
8 10
2 6
10 5
6 9
8 2
10 2
4 5
5 4
10 2
9 4
4 2
10 10
1 4
10 5
6 3
9 1
6 9
2 2
9 8
6 4
7 4
3 7
7 4
6 4
7 8
9 4
1 2
9 4
8 4
9 10
8 1
1 5
4 3
3 8
1 3
7 9
5 8
3 4
7 8
6 8
3 7
10 9
7 2
5 8
2 5
6 4
2 7
10 6
5 6
6 8
7 6
2 7
7 4
9 2
7 9
4 1
10 8
9 10
2 6
2 7
2 1
4 3
6 6
7 1
2 2
2 1
9 5
3 8
2 5
2 5
8 7
1 7
3 9
4 8
9 8
1 9
9 1
5 10
7 7
6 1
6 1
5 4
10 5
7 10
1 8
2 6
6 9
4 7
4 1
6 8
8 4
10 5
1 6
8 3
6 3
9 6
8 4
9 6
6 2
6 8
5 8
10 6
1 3
6 8
6 6
7 10
10 7
5 10
6 8
2 2
5 9
4 2
10 9
7 5
3 10
10 10
10 7
5 3
5 6
6 10
9 10
3 5
1 4
5 5
2 9
9 7
6 3
9 4
6 10
2 8
2 7
8 10
5 10
8 2
7 3
4 10
9 10
5 1
9 6
10 5
9 8
4 1
10 1
6 8
6 6
6 1
5 7
10 9
1 3
2 2
6 10
7 10
3 6
6 4
2 6
5 9
10 8
9 6
6 5
10 6
3 1
3 9
5 6
7 9
4 7
2 6
1 5
1 6
7 1
8 6
10 4
8 5
8 3
5 5
1 6
4 3
1 8
1 4
9 2
9 9
4 2
10 4
1 7
1 7
4 7
5 10
7 3
5 2
9 3
1 7
4 10
8 6
7 1
6 4
9 9
10 2
5 3
10 10
8 6
10 2
6 2
4 8
5 4
9 5
3 1
7 10
2 9
2 1
9 8
2 10
9 4
4 3
8 9
9 3
1 10
6 2
10 8
8 2
4 2
6 6
3 3
6 5
1 9
7 3
6 7
4 3
1 8
3 4
4 5
10 10
9 9
1 3
7 2
2 8
10 10
9 10
7 6
8 8
4 8
8 6
7 4
6 6
9 5
10 4
2 9
7 5
2 2
2 10
2 8
3 1
3 6
2 5
6 8
4 1
4 1
1 9
3 1
5 8
8 6
5 5
8 9
5 1
5 6
3 3
10 2
3 7
4 4
9 4
4 2
10 10
2 2
1 7
6 5
9 4
1 4
3 7
1 3
9 10
8 4
3 8
6 9
5 8
1 7
6 7
5 4
3 8
5 3
5 4
10 6
2 3
7 5
7 2
9 10
2 9
8 9
1 6
10 10
9 6
7 8
8 8
6 9
4 1
5 9
9 7
8 10
6 8
5 5
9 7
2 3
1 10
7 5
2 9
1 10
7 6
8 9
10 5
5 1
10 7
5 6
1 3
8 8
3 9
5 4
3 10
7 8
10 3
1 10
1 3
3 2
3 1
3 2
7 2
7 5
10 9
8 7
3 2
4 8
5 6
3 2
1 10
3 1
7 5
4 4
4 8
10 1
5 6
4 10
1 8
2 5
1 5
2 4
10 4
7 4
3 10
9 6
4 9
5 7
2 9
7 1
1 9
7 9
3 5
2 8
1 4
1 6
8 6
7 4
10 6
10 5
7 6
4 1
2 3
10 9
4 1
7 3
6 6
7 5
7 6
8 7
8 3
3 5
4 2
8 4
8 3
1 2
6 4
5 1
3 6
2 8
8 7
3 8
3 7
8 6
6 9
8 5
5 4
5 1
9 8
5 6
3 7
6 3
4 7
10 2
10 3
6 5
5 2
5 7
7 5
1 9
5 4
5 2
7 4
5 2
1 5
3 3
2 9
9 3
3 5
6 4
5 5
8 8
7 5
6 1
1 7
9 3
6 7
3 1
5 10
3 8
8 4
8 4
9 8
8 4
2 9
5 1
3 1
5 8
9 7
2 3
7 3
1 2
3 10
1 5
1 10
3 2
2 3
7 1
6 10
4 3
10 10
7 6
2 5
4 10
3 4
7 5
1 2
4 2
5 6
3 3
2 4
9 9
3 3
2 1
7 6
2 6
5 10
8 5
2 2
2 9
1 10
10 1
5 4
9 7
5 7
8 6
9 1
10 2
3 10
10 1
3 7
7 3
9 8
6 3
1 6
8 3
1 1
3 6
4 9
5 5
7 2
8 5
8 1
8 5
10 8
6 10
9 4
3 2
9 7
8 4
3 4
3 2
9 3
1 1
3 10
4 9
10 3
8 2
3 1
1 10
1 8
1 10
2 3
2 7
1 8
3 10
4 2
2 10
3 4
1 6
4 9
5 8
2 5
10 7
4 4
10 6
3 9
1 10
6 9
3 2
6 4
1 5
1 3
3 1
2 3
1 2
8 1
8 6
5 8
5 6
2 4
10 5
4 5
6 10
5 7
9 5
8 9
5 6
10 10
8 4
5 6
10 2
6 6
7 1
1 6
5 3
5 7
7 4
6 9
4 8
3 9
3 5
8 8
2 8
1 10
10 1
2 6
6 1
1 3
2 5
3 6
4 10
4 8
5 1
4 1
5 7
9 8
7 9
3 3
2 7
10 8
9 8
8 3
4 4
9 7
9 6
8 1
8 3
3 10
4 3
7 1
5 5
7 5
9 9
4 6
5 8
6 1
6 7
8 3
4 6
6 9
3 8
5 3
7 8
4 5
5 8
1 10
4 7
9 3
9 10
1 10
4 10
8 8
5 3
10 9
4 7
9 10
2 10
1 3
9 7
2 9
1 6
3 2
3 9
1 2
9 4
9 9
8 5
7 5
7 6
4 4
1 10
5 1
10 8
3 6
3 7
9 8
8 9
9 5
2 4
6 6
7 8
5 3
4 5
1 2
1 9
6 2
9 3
8 6
9 1
9 6
8 7
3 9
1 4
3 1
8 9
4 3
5 6
2 9
10 8
4 1
6 5
3 6
8 2
5 10
1 1
10 4
6 3
5 3
8 8
5 1
4 9
4 3
2 8
9 8
4 7
3 6
5 7
8 10
3 1
8 6
4 6
2 6
8 8
8 8
4 5
9 6
2 1
9 8
6 4
1 9
7 2
9 3
1 2
6 9
5 2
2 4
6 3
9 2
4 9
10 1
10 2
3 2
9 6
9 10
6 8
2 10
3 4
1 4
3 1
7 10
5 10
9 3
4 9
9 10
9 4
6 6
8 8
9 3
4 4
6 6
4 2
8 3
1 7
10 6
4 9
4 5
10 2
3 5
7 1
3 1
9 8
10 3
9 6
1 4
1 10
1 3
8 5
2 5
8 9
9 1
6 4
5 1
1 5
4 2
8 9
3 2
4 5
5 3
10 3
5 1
8 8
4 7
8 4
10 5
5 9
6 3
6 5
9 1
1 5
5 1
6 2
1 8
4 6
7 3
5 7
5 6
4 2
8 2
2 2
3 8
3 10
3 6
6 4
2 4
5 5
3 8
10 3
4 4
7 6
4 10
5 3
10 5
9 7
5 6
9 1
2 9
6 10
6 6
3 9
7 9
5 4
2 3
10 10
3 8
7 10
2 2
1 7
6 4
6 7
10 2
10 7
2 1
5 5
2 2
1 10
1 4
7 10
4 10
1 10
4 6
6 6
4 9
8 1
1 9
3 10
9 3
6 9
8 5
9 9
2 9
6 6
8 5
7 10
5 2
9 1
2 4
6 5
5 4
10 2
9 10
4 9
9 8
1 7
3 8
5 6
8 10
8 2
9 6
7 10
3 8
9 4
4 10
1 7
4 4
2 2
8 8
2 6
9 9
9 5
6 10
3 6
7 10
10 1
5 10
3 5
3 7
4 4
6 3
8 7
8 5
8 2
9 10
6 4
6 4
10 4
9 1
1 7
9 6
5 10
4 1
9 6
3 10
4 10
5 9
1 5
3 5
6 8
8 6
2 9
8 8
2 6
4 10
6 4
6 4
1 9
2 7
8 2
9 5
10 3
8 3
9 10
2 9
4 1
5 1
6 4
7 7
5 3
7 10
8 4
7 7
5 5
8 5
2 3
2 10
5 10
1 4
10 5
10 5
10 2
7 9
6 6
6 9
10 8
7 3
5 6
1 8
1 3
10 6
2 9
1 6
5 1
3 3
7 9
2 4
9 10
4 5
1 6
5 9
4 6
5 3
6 5
7 8
2 7
2 6
7 2
2 4
2 7
4 5
8 10
4 4
1 6
9 2
9 2
7 2
4 2
4 8
6 8
7 6
4 7
1 6
2 2
2 3
7 5
3 8
6 4
6 7
8 7
4 7
1 5
2 5
8 9
4 9
7 7
4 7
4 10
7 8
6 5
3 4
2 10
10 9
3 4
7 9
1 6
7 9
4 6
9 10
7 1
10 1
3 1
3 2
4 9
7 1
4 8
7 10
2 8
2 5
1 9
9 6
9 3
4 6
8 3
2 4
4 3
6 5
4 8
6 7
3 2
5 7
1 6
5 1
10 10
3 8
1 3
1 5
3 3
1 3
4 8
3 8
9 2
10 9
1 4
1 10
1 10
7 10
6 8
7 8
8 9
5 6
1 3
1 9
4 7
1 9
8 1
4 6
3 5
5 5
8 2
6 3
5 10
6 3
7 4
10 3
3 3
8 4
10 8
1 8
6 9
4 3
2 1
10 8
2 7
1 5
10 5
3 9
2 2
3 7
7 9
5 9
7 7
3 3
10 10
9 1
9 5
2 10
5 4
2 1
5 2
6 5
7 10
1 2
1 7
3 10
7 10
4 10
8 7
3 8
9 5
7 6
10 1
1 5
4 10
6 8
2 1
2 2
10 7
4 2
5 2
2 7
1 2
3 9
6 3
7 3
2 5
1 3
4 4
9 5
7 6
5 3
7 4
1 6
4 3
7 2
6 4
5 4
4 10
6 8
4 10
9 9
9 3
9 5
4 3
5 4
10 5
3 3
4 3
9 3
4 7
4 1
3 7
7 7
3 3
5 6
1 7
3 9
6 6
9 10
6 2
4 6
1 1
8 5
4 10
8 3
5 9
9 1
10 10
9 2
4 1
2 4
10 2
4 2
8 8
1 9
7 5
7 6
6 6
2 10
3 3
4 3
10 2
3 5
4 1
10 2
7 5
2 4
2 9
7 8
3 8
5 6
10 9
9 10
3 3
1 4
7 6
6 10
7 10
1 3
8 9
4 3
4 5
7 9
4 6
3 5
5 3
2 5
8 10
1 3
9 10
7 10
1 7
3 4
2 2
2 1
1 1
6 8
10 8
2 6
5 4
1 3
4 1
3 5
10 3
1 9
6 10
3 6
7 10
9 4
3 3
5 2
1 5
4 7
1 1
7 5
1 8
1 7
6 4
2 4
9 10
7 8
7 3
2 5
7 7
6 4
9 7
5 8
10 6
10 4
6 5
7 8
9 7
7 2
5 4
2 3
1 4
1 7
6 1
6 6
7 1
5 6
9 8
3 4
9 9
4 7
10 9
5 9
2 5
3 6
2 10
2 8
8 8
7 4
1 3
10 4
7 9
8 8
9 7
1 5
6 10
8 8
9 5
10 3
7 2
1 10
2 7
9 6
6 6
3 6
10 6
6 5
6 1
7 10
8 2
1 3
5 9
5 8
10 3
1 1
9 10
8 3
3 8
3 8
7 6
2 4
4 9
2 4
1 2
4 5
8 2
7 4
8 10
3 4
8 1
8 7
3 10
9 2
6 3
4 2
9 5
6 7
8 10
6 10
1 4
3 1
1 8
4 10
3 2
7 5
4 2
5 7
1 9
2 9
4 8
1 7
10 7
6 6
8 1
5 1
6 7
5 9
2 1
9 6
8 7
2 2
9 9
6 2
10 1
2 8
7 1
8 7
7 7
10 9
6 1
8 2
10 3
8 5
4 8
5 10
9 4
7 3
3 5
1 1
1 9
8 9
1 10
9 10
3 4
8 5
6 7
7 10
10 10
9 4
10 7
5 3
4 2
10 10
1 1
10 2
2 9
8 8
10 6
10 2
6 8
8 7
2 6
6 6
5 9
1 7
6 1
6 9
8 8
7 8
6 3
2 5
2 3
1 4
5 4
6 1
3 2
5 10
8 9
6 4
6 5
3 10
2 7
7 6
6 3
10 7
3 5
6 10
1 6
2 7
4 4
1 9
4 6
5 7
6 4
7 7
1 1
10 8
2 7
9 10
8 5
1 10
6 7
4 4
9 9
8 7
1 10
5 10
6 4
1 8
10 6
7 3
4 5
9 6
2 10
3 2
4 10
6 2
8 10
6 6
7 2
1 4
5 4
6 2
6 6
7 8
9 1
8 3
9 6
7 5
10 9
4 2
10 10
8 6
5 10
2 6
4 4
9 9
6 4
4 4
7 8
2 3
10 2
2 3
3 10
7 3
1 6
4 10
6 2
8 4
9 8
2 10
5 5
3 7
3 2
2 3
6 2
7 10
8 10
9 5
7 9
2 5
2 8
10 8
5 4
10 3
9 6
6 5
8 1
4 9
6 8
1 7
8 5
3 1
10 8
8 10
1 8
9 1
4 1
3 10
6 3
4 2
6 1
4 8
3 7
8 2
4 6
9 1
6 9
6 1
10 7
10 5
4 10
10 2
1 9
9 9
3 7
5 3
10 3
1 2
1 3
8 7
3 6
7 7
1 9
8 5
3 4
10 9
3 3
4 2
8 1
3 10
3 7
3 3
10 2
7 5
1 6
1 5
3 4
7 8
10 4
2 5
10 8
2 5
1 6
5 1
6 6
4 7
4 7
5 9
1 7
5 5
2 9
8 1
10 2
3 7
10 9
10 8
6 5
6 10
6 4
10 8
10 10
1 1
8 9
1 2
9 10
3 8
8 6
2 10
6 8
8 6
6 5
3 8
10 6
8 2
9 1
4 10
7 7
6 7
4 8
8 10
2 1
3 6
7 10
9 8
4 1
7 8
3 5
10 5
2 1
1 8
5 1
10 7
1 1
8 3
4 9
2 6
9 8
1 2
10 6
4 9
6 1
6 9
3 5
6 6
10 3
3 1
2 10
9 1
4 3
10 2
10 7
2 3
7 6
4 1
10 2
6 3
9 3
2 4
2 7
6 1
8 4
10 5
9 5
6 7
10 5
10 4
5 6
1 8
9 3
1 3
7 10
7 5
9 5
4 2
7 7
2 1
6 9
9 4
2 4
3 10
9 2
3 7
6 9
4 8
2 7
9 8
4 4
2 7
1 4
7 6
1 8
6 3
2 8
8 9
6 4
9 2
9 3
4 9
1 10
10 8
3 10
1 1
5 7
4 3
7 8
1 8
4 3
1 9
1 10
2 6
7 5
1 9
1 1
3 3
6 3
7 1
5 1
6 2
6 2
3 2
3 6
4 10
8 6
6 1
5 2
8 3
7 5
1 9
8 8
4 7
9 4
10 6
6 5
7 9
8 8
6 9
3 8
9 9
5 10
1 6
7 6
5 9
4 7
1 2
7 7
3 6
3 9
2 2
10 2
5 1
3 9
3 7
5 10
7 6
8 3
9 1
1 1
4 7
4 8
2 7
1 6
2 6
1 3
2 10
7 10
1 6
10 1
1 2
6 9
5 1
3 2
8 5
7 4
2 1
3 9
4 5
5 7
10 4
7 7
1 5
6 10
4 1
4 3
3 8
7 6
2 2
5 4
9 4
3 5
2 10
4 5
10 6
10 9
5 6
3 1
9 6
10 8
5 9
2 4
6 1
5 9
4 3
5 2
1 1
9 4
2 3
6 5
1 4
4 6
8 8
4 1
4 8
1 7
9 7
6 10
1 8
6 3
10 6
3 10
1 4
4 6
10 9
4 7
2 7
10 7
1 1
10 1
2 10
1 9
2 2
6 4
8 1
10 5
2 7
1 7
3 9
2 6
8 1
8 7
2 2
6 1
2 5
7 3
2 1
2 9
3 3
3 2
8 1
10 2
1 7
4 8
9 8
5 7
2 4
7 2
4 2
1 4
6 9
8 9
1 3
2 8
2 4
2 6
3 6
3 4
8 7
6 5
3 1
10 5
10 1
6 8
4 3
3 7
8 8
6 2
3 5
7 8
9 6
10 5
10 8
1 10
2 2
9 3
6 1
6 7
1 2
1 8
2 8
3 2
4 3
2 3
6 7
5 9
6 8
2 7
10 6
11 20 90
10 13 95
19 10 80
19 17 63
10 11 52
13 19 76
14 20 54
17 18 69
14 18 52
10 11 75
14 18 91
20 19 62
14 19 84
10 17 54
13 17 84
16 16 85
18 19 53
16 12 57
15 20 88
10 14 99
11 15 61
15 11 76
11 16 87
14 19 92
13 12 79
12 10 93
20 15 81
15 19 73
10 16 84
12 17 53
13 12 54
14 15 79
10 10 71
15 11 51
10 19 84
20 18 69
14 20 95
13 20 75
18 15 79
15 13 78
19 17 68
16 17 66
11 20 82
12 15 81
16 17 84
18 12 86
20 15 79
19 15 93
12 18 87
10 18 67
13 10 97
15 19 62
11 11 88
15 19 71
15 16 53
14 16 95
13 14 86
18 11 72
13 14 84
19 16 96
10 17 64
17 10 88
13 20 80
12 13 76
15 16 72
10 19 89
18 18 84
12 16 69
14 17 52
13 14 83
19 15 96
20 14 97
12 17 83
14 10 73
20 11 77
17 17 52
19 19 51
15 11 64
20 16 77
20 19 98
18 19 50
16 16 90
10 16 57
17 17 68
15 15 85
18 12 84
19 17 73
14 15 60
14 19 64
20 12 67
17 19 51
10 15 92
20 10 89
14 11 57
10 15 67
10 15 57
14 18 52
18 11 90
18 14 56
19 16 51
14 11 57
20 17 73
12 18 63
18 16 69
19 13 71
18 16 85
12 20 87
14 16 54
11 16 56
13 11 80
17 19 72
16 16 86
18 11 62
14 10 77
16 16 88
17 18 68
17 13 72
19 10 73
16 19 91
16 10 58
18 18 75
16 11 98
15 16 53
19 13 65
10 14 85
18 19 60
13 12 69
19 17 86
17 18 80
14 16 97
16 20 59
20 10 69
16 20 72
16 17 56
20 15 75
20 10 100
15 18 95
17 18 81
14 19 79
12 12 86
20 12 70
11 10 85
20 14 70
15 20 100
20 19 78
11 17 69
19 12 79
15 13 77
20 11 55
15 17 78
13 13 52
11 14 62
10 10 91
16 15 89
17 10 72
11 18 66
18 10 99
20 19 73
10 11 82
11 19 95
18 13 96
12 14 69
13 12 76
12 20 75
17 12 81
19 20 79
15 19 68
12 14 50
13 10 52
13 10 83
19 19 80
19 17 71
14 16 95
13 15 93
14 10 94
10 12 88
14 10 82
19 10 73
17 15 75
17 15 62
14 17 65
13 14 87
15 19 70
19 14 77
17 14 76
17 11 55
19 15 50
17 14 71
19 11 81
15 11 55
14 12 89
17 16 51
11 17 72
14 19 69
13 16 65
13 14 72
10 10 64
17 14 53
13 19 66
19 11 58
16 15 50
13 18 74
10 13 67
12 13 77
16 11 71
16 17 66
16 13 75
20 18 81
17 16 87
17 11 83
15 18 55
15 18 91
19 15 89
18 16 85
12 17 65
15 20 89
18 14 62
11 16 58
20 15 85
18 20 58
20 15 92
11 17 97
19 19 83
16 20 100
17 20 91
20 15 78
11 12 51
19 13 89
11 15 92
18 20 62
13 12 68
13 10 73
10 19 93
12 17 76
10 10 73
14 18 65
16 14 51
20 15 89
13 16 78
16 12 59
14 11 64
13 12 90
12 16 97
14 20 96
14 12 77
10 14 66
11 12 86
16 17 95
18 11 70
11 16 69
15 16 80
13 14 70
13 16 82
16 16 87
11 16 66
18 13 74
15 18 73
13 16 79
10 15 95
10 11 87
14 15 71
11 15 68
12 12 60
18 11 100
19 19 76
15 17 88
20 13 53
20 15 80
11 14 76
11 15 51
19 17 100
11 19 70
11 19 75
10 19 74
14 18 93
10 12 54
15 12 71
10 17 68
18 15 60
12 12 55
14 14 52
10 20 56
12 20 62
20 11 77
17 18 56
10 16 90
16 17 62
20 17 54
17 11 92
11 11 74
10 12 75
19 12 98
10 16 79
12 18 78
14 15 77
10 11 89
20 18 50
18 17 63
14 16 95
12 10 58
16 15 79
10 17 93
17 12 77
17 20 57
19 15 57
19 19 74
18 13 71
18 17 74
14 20 96
19 20 66
12 10 53
18 10 69
20 19 76
11 19 92
15 18 86
15 19 67
18 12 53
10 10 91
19 13 100
18 16 51
10 16 91
17 13 52
12 19 86
10 20 66
20 11 79
17 18 66
11 18 81
11 14 86
14 10 73
15 18 51
19 20 93
11 18 52
13 16 79
17 11 70
14 19 92
14 18 58
15 17 65
14 15 77
19 14 83
15 18 99
13 15 55
17 10 97
17 20 87
11 10 67
11 16 70
13 10 59
12 10 51
17 15 61
20 17 63
19 12 68
13 17 56
13 11 79
18 14 82
19 13 73
11 13 54
15 18 98
11 20 61
18 14 90
10 14 73
12 18 82
10 10 53
19 19 86
11 11 66
14 20 91
20 13 81
19 14 61
17 17 56
11 15 77
20 18 91
14 14 79
11 17 67
16 20 71
17 15 53
13 14 53
10 16 80
11 18 83
12 17 52
20 15 92
19 20 75
16 20 58
17 12 91
19 20 60
13 19 81
11 17 91
14 18 52
12 12 88
16 14 91
10 18 90
15 15 65
16 20 86
10 17 70
11 17 69
15 10 81
15 16 82
10 16 72
18 16 60
10 10 77
16 18 97
17 12 99
18 14 67
20 15 70
20 11 67
13 19 70
10 15 91
20 19 83
10 19 72
17 10 82
20 17 74
16 10 68
15 18 79
18 14 96
13 12 99
11 16 79
17 19 82
19 10 79
15 18 56
14 20 71
11 14 76
15 12 62
10 10 62
14 11 61
17 14 83
12 14 72
10 11 56
15 11 93
17 10 80
11 17 76
12 19 90
15 18 89
12 19 88
12 13 72
12 15 52
16 17 71
17 10 89
12 15 64
17 15 83
19 19 75
16 15 81
14 13 72
17 15 76
14 14 79
17 12 55
20 16 100
14 13 67
17 15 91
16 15 77
18 17 91
20 14 69
12 15 55
18 15 96
12 11 57
14 18 100
18 15 71
19 14 85
11 19 86
11 15 62
18 18 85
20 15 76
17 10 75
12 11 64
17 15 62
16 18 59
19 20 69
20 15 66
14 13 51
16 16 72
14 20 66
13 11 50
12 19 94
16 12 90
16 20 51
17 18 61
13 12 96
13 11 67
10 20 92
14 16 73
13 18 91
16 16 51
20 15 95
16 16 60
18 17 97
20 15 81
16 10 87
13 19 73
11 14 75
20 13 77
19 10 81
20 16 55
19 10 100
13 17 66
20 13 54
14 15 92
17 16 58
12 19 81
14 15 91
16 11 78
16 19 98
18 12 89
13 20 80
10 19 76
19 10 61
17 20 92
18 18 78
19 16 57
13 16 52
20 16 78
19 18 83
10 11 56
13 16 68
10 19 70
15 20 64
19 17 55
13 12 61
16 15 52
10 13 95
10 10 65
14 18 50
12 19 87
12 17 93
12 12 92
16 20 92
15 16 62
11 14 73
11 12 95
13 20 81
13 12 66
14 13 98
13 12 54
16 19 70
17 11 94
20 20 90
15 12 89
19 13 62
13 13 74
10 17 55
12 17 83
10 14 89
15 20 89
10 17 56
10 19 77
18 20 70
13 13 94
17 10 72
11 13 60
18 13 84
11 16 84
15 10 92
16 12 87
18 20 87
19 13 84
18 11 50
12 13 81
18 16 97
10 16 72
15 13 57
11 17 87
18 20 76
19 19 89
15 18 73
18 19 81
20 16 60
18 10 99
20 12 95
14 19 72
20 13 94
19 12 59
17 17 50
13 20 65
10 12 93
13 12 86
11 19 94
13 20 54
18 20 80
14 12 78
11 11 57
15 14 61
19 10 50
18 20 65
13 19 82
14 18 66
15 15 81
13 20 61
11 11 81
11 14 95
17 11 64
13 16 54
20 20 91
20 18 100
10 19 69
20 18 86
16 14 76
19 19 55
16 19 94
17 11 87
16 19 98
14 19 94
16 20 63
18 18 67
18 19 78
20 20 58
12 15 70
18 16 81
19 13 83
16 12 95
15 20 57
14 18 91
17 20 81
16 20 88
14 11 81
13 15 92
17 20 96
13 16 70
19 19 91
20 11 62
10 13 67
13 10 62
13 10 63
20 14 63
15 14 82
10 15 65
16 10 65
16 13 76
12 20 80
13 11 92
12 20 77
16 17 71
13 19 97
19 19 62
16 10 65
19 18 72
15 10 62
20 12 74
20 17 50
11 13 65
13 11 56
17 13 70
17 13 66
20 18 62
20 19 68
12 15 53
17 19 75
12 12 95
13 20 73
18 12 72
17 10 82
16 17 83
15 11 70
12 13 81
12 13 81
12 20 83
11 17 71
10 19 75
14 14 81
15 19 52
10 16 91
18 14 54
13 14 74
11 10 53
12 20 82
14 15 64
10 15 79
20 18 78
14 10 54
14 10 87
15 13 57
10 19 62
10 14 77
18 13 91
17 19 65
10 11 60
14 15 69
17 12 69
13 18 75
12 13 56
18 13 96
19 12 98
10 16 50
14 11 74
10 11 96
18 18 73
17 12 63
20 18 97
19 19 57
10 11 63
14 14 74
15 10 93
19 10 63
18 14 53
10 19 82
10 18 54
20 20 80
11 14 62
17 13 88
18 10 97
17 17 95
14 16 93
15 11 72
20 17 73
20 11 83
14 12 57
17 18 98
13 13 89
17 15 88
20 18 51
13 16 52
11 10 79
17 11 97
12 20 51
16 15 56
13 16 74
13 18 78
13 16 95
15 15 51
16 19 67
15 10 86
20 18 50
19 16 85
11 18 63
13 20 95
18 18 60
10 10 82
13 14 69
12 12 97
15 13 80
19 16 90
11 17 77
20 10 99
17 11 87
17 20 98
19 11 92
10 16 96
12 14 77
17 16 85
20 13 77
10 10 55
17 11 76
14 13 68
13 10 58
17 17 83
10 17 68
17 10 80
20 20 70
10 10 92
11 13 93
13 10 90
18 18 89
16 12 71
13 12 84
12 17 74
16 14 52
14 10 83
16 14 67
15 20 53
15 10 52
20 10 82
10 13 76
17 11 83
12 13 66
12 16 55
14 12 87
15 11 65
14 13 96
19 15 92
12 20 52
12 15 83
13 13 69
20 20 87
13 16 93
10 11 58
16 12 94
13 13 62
20 11 77
13 13 77
18 15 58
11 12 52
19 14 80
11 15 56
19 18 56
13 20 64
19 19 96
12 15 72
20 14 98
16 16 63
19 13 75
10 19 54
19 13 80
18 11 96
17 16 65
14 11 99
15 20 66
12 13 54
14 15 53
14 11 72
14 13 98
11 17 85
11 19 68
13 15 93
15 17 81
17 10 79
18 15 73
19 17 61
18 16 94
10 13 85
10 19 63
20 15 64
17 16 66
17 20 53
11 17 79
18 12 55
13 20 91
20 18 88
15 20 78
15 10 63
18 14 78
12 11 90
15 13 66
14 10 77
19 14 66
13 20 65
15 13 56
15 11 79
11 14 60
14 10 90
19 10 54
15 13 91
11 10 92
20 15 57
18 17 100
17 20 99
15 13 98
13 13 80
15 12 70
16 19 93
17 16 100
16 12 95
11 16 82
17 15 51
19 12 75
19 15 84
12 17 73
11 17 76
10 12 95
18 13 79
20 12 57
11 19 77
19 15 59
13 15 75
11 11 59
12 20 97
14 19 100
15 15 61
17 20 67
14 13 65
18 13 60
14 17 98
15 15 59
19 11 90
17 20 81
16 14 68
13 16 77
15 13 84
13 18 56
19 10 63
17 12 61
14 11 100
19 20 84
10 15 59
12 13 100
10 10 86
18 13 57
12 12 90
17 13 65
17 10 57
20 14 65
18 15 90
14 10 78
11 11 77
20 12 87
20 11 99
13 20 87
10 11 77
16 13 72
10 20 69
17 16 87
18 19 74
16 15 95
17 10 75
10 13 60
10 10 51
15 16 99
10 13 61
12 12 81
16 19 66
16 19 86
12 20 64
20 11 67
18 16 53
20 12 71
19 20 79
11 14 73
13 11 83
15 15 81
16 20 79
10 19 76
15 14 83
14 13 71
20 11 82
15 14 65
20 10 77
11 18 86
12 17 92
17 15 81
17 19 97
17 13 90
14 19 78
17 18 64
14 14 58
13 15 58
12 15 71
11 20 71
19 18 92
12 16 76
10 15 88
12 20 90
10 20 60
15 17 69
20 18 70
14 11 78
19 12 87
16 13 69
19 20 70
16 19 56
13 10 77
14 14 81
12 13 52
13 15 65
19 11 97
17 20 73
14 17 65
10 18 64
19 11 78
13 15 63
20 14 96
16 20 52
15 12 94
15 11 65
17 13 97
15 20 100
20 18 94
11 19 70
10 13 83
12 12 71
11 16 94
13 11 88
20 19 88
19 12 91
19 18 76
14 16 80
15 10 75
16 17 68
19 11 85
16 16 81
16 19 76
13 12 51
20 12 74
17 15 66
20 11 58
12 12 90
16 10 50
10 19 60
17 15 72
14 19 71
19 18 95
15 20 65
11 14 95
15 16 72
10 14 82
18 10 63
14 16 98
13 14 90
19 17 61
10 16 67
14 13 89
11 10 67
18 17 51
12 20 97
12 20 96
17 18 72
11 14 88
11 13 66
18 18 72
15 14 73
15 14 89
18 11 98
10 14 53
14 12 70
14 11 54
18 16 56
11 12 97
20 14 80
