330 660
7 8
2 1
1 1
8 3
3 9
10 10
7 4
3 3
10 10
3 2
1 9
5 9
9 9
8 7
9 9
9 1
7 4
6 7
1 8
1 9
2 10
1 3
4 1
7 4
7 8
1 6
3 4
6 5
10 8
7 8
7 9
3 4
5 5
8 5
4 10
1 8
7 9
9 10
7 8
5 8
7 10
3 10
1 9
7 1
7 2
8 1
10 2
10 2
3 8
2 1
5 5
10 5
1 4
2 7
2 9
8 9
7 6
3 4
3 10
4 1
6 4
6 3
2 5
1 3
4 7
7 8
7 2
4 1
8 4
2 9
4 10
7 3
9 2
9 9
4 9
1 1
10 3
5 2
7 9
8 5
4 6
9 7
7 3
4 9
9 9
4 7
7 4
5 3
10 5
6 10
7 4
2 6
3 10
7 4
5 7
10 9
1 4
8 8
7 3
10 6
6 9
10 1
6 4
8 3
4 6
5 10
3 6
7 8
5 2
1 2
2 9
1 4
4 6
4 7
5 9
6 4
9 8
7 6
8 4
1 1
8 5
7 2
4 3
3 10
6 3
7 10
7 4
9 3
3 10
2 9
4 2
3 7
7 3
8 1
3 4
8 10
1 7
2 5
1 3
5 2
4 1
10 8
10 10
2 10
4 10
2 4
1 1
2 2
9 2
2 8
3 5
3 2
9 5
7 7
10 7
1 2
8 8
3 2
2 9
8 8
4 5
7 5
6 1
5 5
5 8
4 1
9 4
2 8
5 4
4 3
3 5
3 5
5 6
10 6
2 3
8 6
10 10
9 1
3 8
5 1
7 7
6 3
1 1
10 4
10 10
5 4
6 10
6 7
2 10
7 7
5 6
8 5
5 9
9 8
1 2
7 5
2 5
2 8
1 3
9 3
10 4
8 7
1 3
9 7
6 1
8 9
9 1
6 3
10 9
8 8
5 6
4 5
5 6
9 5
8 1
8 1
3 3
1 1
5 10
5 6
5 2
9 1
10 7
4 10
4 1
9 4
6 2
4 4
7 2
9 1
1 2
9 3
10 10
2 1
4 4
2 9
3 10
5 5
9 7
6 6
6 2
8 5
9 4
5 8
2 8
3 10
9 6
1 4
1 2
4 4
6 9
7 5
3 6
2 6
10 3
9 5
6 5
7 8
9 9
1 4
8 6
6 6
9 2
7 1
9 1
9 10
3 5
3 1
7 7
1 3
5 5
2 2
10 8
8 6
10 6
6 7
3 2
6 7
6 8
1 3
1 6
5 4
6 6
3 8
3 6
8 5
9 3
9 3
5 5
6 2
5 5
10 10
5 2
3 10
9 7
5 7
9 2
10 4
5 6
4 9
9 10
3 6
10 5
9 4
3 4
6 2
3 4
10 9
4 4
9 2
1 1
6 3
8 10
8 5
10 1
7 5
10 5
9 4
1 9
2 7
6 4
3 2
6 6
7 8
3 8
8 10
2 5
10 10
6 2
9 1
14 19 94
15 12 78
15 12 50
12 12 62
10 15 92
11 13 50
14 17 68
19 15 57
12 20 65
20 12 90
19 19 79
16 10 58
18 20 51
13 19 60
16 17 75
18 18 53
15 13 99
12 17 73
19 11 95
19 15 69
15 17 52
16 20 65
12 18 73
13 18 78
18 15 75
10 15 90
11 13 64
18 11 94
12 13 67
17 12 55
13 16 53
20 12 53
17 18 94
13 11 62
13 17 76
12 15 50
20 20 85
10 16 89
10 12 86
18 15 50
15 11 72
20 12 53
15 11 50
11 13 72
20 10 88
17 12 87
16 20 63
10 17 83
12 15 86
17 12 57
12 18 56
16 16 54
15 13 65
15 10 93
12 11 74
11 14 68
15 13 79
12 15 60
17 19 66
10 17 52
12 14 63
10 15 63
18 20 53
15 19 56
13 18 83
20 13 50
17 15 78
12 15 52
20 11 71
13 18 51
16 18 91
14 20 77
18 13 85
15 15 52
11 12 83
16 20 55
20 18 53
19 14 81
15 16 64
18 10 67
18 20 88
11 13 51
14 15 100
10 15 86
20 17 79
13 18 89
15 12 67
17 17 69
14 15 68
10 13 85
13 20 55
17 11 74
14 20 80
12 10 82
17 18 65
16 10 95
10 19 74
12 19 95
12 19 84
15 12 85
16 13 90
15 12 71
10 10 97
20 18 50
15 11 77
11 17 54
16 13 81
17 20 95
15 15 80
18 18 69
20 16 86
10 14 68
12 16 54
15 20 50
14 17 58
20 10 70
16 19 64
18 11 88
20 12 50
18 20 81
17 12 69
20 20 93
18 14 82
15 17 63
12 10 69
17 13 64
11 19 95
14 19 60
11 17 59
10 11 66
16 14 57
15 11 84
11 15 67
19 11 63
18 18 84
10 18 55
10 16 84
10 20 63
12 16 73
15 10 97
10 10 94
15 16 97
16 20 93
14 10 97
10 18 71
17 18 62
19 17 60
10 19 52
12 15 75
19 12 99
16 16 55
17 19 64
18 14 94
20 10 79
13 15 71
10 15 77
17 11 97
10 16 84
11 14 97
17 11 99
12 11 75
19 12 100
14 17 60
11 17 55
12 16 90
15 14 90
16 20 76
13 18 62
11 16 87
10 16 59
16 14 57
16 17 97
20 18 64
10 18 85
10 19 51
14 14 70
20 12 56
14 14 57
20 15 76
20 13 84
20 14 97
17 20 57
17 17 78
17 14 66
19 12 74
14 17 93
11 18 68
10 16 77
19 17 51
12 11 57
14 16 91
13 12 79
20 19 83
18 16 76
13 11 77
20 12 86
20 16 61
19 15 54
10 10 59
13 16 82
20 20 74
20 13 90
16 19 77
19 17 66
15 12 56
13 12 69
17 20 95
19 19 66
17 10 55
17 12 67
14 13 59
12 18 63
15 20 81
17 13 59
14 20 98
18 20 71
17 15 100
10 15 54
16 13 93
11 14 96
17 17 59
13 15 81
20 17 97
20 17 72
13 12 50
20 11 59
20 14 76
17 13 56
12 11 72
12 17 54
17 19 89
19 19 96
18 15 66
14 18 84
16 16 61
14 13 89
16 13 71
15 14 96
13 10 100
14 19 77
17 12 89
11 10 67
18 13 100
11 12 61
18 18 91
17 19 84
19 13 60
11 13 81
12 18 78
14 17 89
16 12 81
13 13 67
16 18 54
10 20 50
19 11 50
16 17 71
12 16 67
14 15 82
12 18 70
18 19 65
13 17 55
17 11 64
20 19 54
18 14 77
12 20 64
15 15 58
17 12 82
17 13 64
18 17 67
14 19 80
14 11 57
18 20 72
19 16 82
15 20 68
12 10 83
16 19 61
19 17 70
15 14 62
20 15 64
19 11 69
11 13 52
16 12 53
12 10 89
19 18 72
18 18 51
12 13 66
19 11 54
12 17 97
14 13 81
16 11 77
12 13 67
12 17 97
10 10 95
20 11 55
12 11 88
15 12 84
13 14 69
16 17 68
17 12 59
15 12 94
12 15 95
13 12 60
19 12 71
18 11 56
16 13 54
17 17 90
11 18 86
12 20 91
15 10 64
10 13 70
20 20 70
17 10 89
12 19 58
16 20 81
20 15 50
15 14 69
19 11 90
10 13 55
15 12 93
12 11 75
12 14 68
19 17 66
10 12 89
14 16 66
16 20 52
10 17 73
14 15 72
15 19 82
18 16 70
13 15 61
13 20 72
10 16 50
14 10 62
14 10 98
19 15 56
15 13 72
19 16 77
11 15 54
10 10 81
18 11 53
10 17 70
14 19 60
13 13 98
13 17 67
18 15 61
12 15 72
20 19 83
11 13 70
15 11 82
17 15 73
18 11 86
15 10 82
18 18 78
12 17 89
12 15 52
18 10 85
18 16 76
16 17 58
13 14 72
19 11 92
16 13 89
15 10 62
20 12 92
13 19 81
18 15 86
14 12 73
20 13 72
10 12 89
19 16 82
11 18 65
19 17 85
20 10 50
16 19 63
14 10 84
18 18 78
20 19 58
13 11 76
20 16 99
16 14 50
17 15 74
12 13 94
17 13 70
16 19 82
18 11 91
15 20 62
19 18 68
13 19 72
13 15 91
17 13 92
13 11 85
19 19 71
16 18 91
13 16 87
14 18 83
20 12 96
15 19 50
18 12 89
10 18 66
19 15 99
13 17 97
18 13 67
19 15 71
12 15 61
13 10 74
11 15 77
13 20 96
13 20 60
14 10 100
14 16 51
10 17 94
15 19 58
17 12 74
11 16 68
17 14 99
16 12 99
17 16 66
14 18 54
14 18 86
15 19 79
15 17 97
12 18 95
13 18 95
10 12 83
16 15 96
12 19 97
14 15 92
16 13 56
19 20 62
17 13 80
16 14 92
10 11 79
12 16 69
11 18 62
18 11 71
20 12 92
18 13 66
13 12 90
10 10 62
16 16 67
15 14 96
16 16 53
19 20 59
15 17 83
12 20 71
17 17 82
19 17 77
11 11 94
18 15 95
17 18 90
10 16 81
10 16 96
10 15 79
10 19 51
11 19 54
17 11 53
16 15 92
20 11 96
15 18 82
13 14 86
10 14 80
12 20 60
16 12 69
17 19 79
10 16 51
20 19 81
17 18 77
14 17 85
18 12 61
20 11 51
15 14 76
16 11 53
14 15 77
20 17 74
19 10 63
20 19 97
14 13 96
18 18 50
18 10 83
10 18 96
10 19 51
11 20 62
11 12 70
11 18 66
17 10 99
18 18 96
11 13 54
17 20 68
14 14 96
17 13 64
11 17 59
17 13 100
11 18 87
16 20 78
18 18 90
14 19 59
19 19 77
15 10 60
16 10 75
20 13 64
20 15 57
17 10 60
13 12 65
18 14 66
10 15 60
19 12 62
13 10 81
13 17 54
10 20 89
13 20 90
10 20 55
13 15 50
20 16 96
12 16 51
12 19 66
20 12 75
14 13 68
10 12 81
17 19 58
19 12 85
17 16 64
17 15 64
12 11 53
20 10 60
12 16 71
13 15 88
17 15 73
14 13 92
16 18 87
15 14 51
13 11 97
18 20 95
12 10 99
11 13 69
13 20 89
15 10 61
13 11 69
20 13 52
20 10 90
10 11 57
17 16 51
10 10 62
18 17 59
10 10 71
14 15 82
12 11 68
19 17 80
17 13 77
16 13 73
11 13 52
17 18 57
12 15 70
16 17 68
13 20 73
18 15 64
17 13 87
15 15 53
12 20 69
15 10 74
19 19 81
16 19 82
11 15 83
19 15 67
14 14 75
14 15 68
12 16 59
20 16 66
12 13 59
13 12 53
13 17 91
17 12 72
13 12 60
10 20 86
13 10 98
18 13 83
14 12 57
14 18 91
20 13 96
18 13 90
11 20 63
11 20 99
20 20 99
10 16 83
11 10 91
12 12 56
12 15 90
18 10 62
11 20 72
17 20 81
10 17 82
12 14 61
20 14 60
14 18 88
10 19 100
16 12 91
18 12 63
17 15 98
19 20 62
16 18 99
16 10 76
20 20 54
11 12 81
11 20 75
16 15 71
18 11 82
11 17 54
10 14 78
19 15 69
13 18 93
16 12 80
19 14 95
12 10 79
13 17 87
18 11 54
12 14 71
20 12 85
20 20 63
20 10 98
19 16 100
19 10 60
18 15 90
19 11 88
17 10 56
13 14 96
13 11 91
17 11 98
17 11 59
14 17 62
10 16 68
19 11 71
14 20 58
14 13 72
11 20 51
10 18 95
16 15 68
11 11 52
16 15 66
11 18 100
20 10 53
13 14 84
20 19 87
16 14 57
16 17 89
10 14 70
14 12 52
14 13 95
17 10 50
12 10 76
16 13 81
18 20 60
20 12 69
17 15 62
10 14 99
10 10 81
18 14 78
17 10 78
18 10 91
19 20 52
15 20 89
15 19 54
11 13 95
