350 700
10 5
4 10
1 8
6 8
1 1
8 8
3 3
3 7
9 5
10 4
2 8
10 6
2 1
8 1
8 8
2 8
8 4
5 2
4 2
6 9
9 7
4 7
9 6
2 2
2 5
6 6
6 1
2 9
4 3
3 4
6 1
7 3
7 1
10 9
6 4
7 8
7 8
8 4
5 6
8 5
3 6
6 10
5 9
10 9
3 8
6 3
4 2
10 3
9 1
3 7
8 9
1 9
6 10
7 5
1 9
8 4
2 1
7 2
9 3
10 4
2 10
2 7
4 4
9 7
5 7
9 1
4 10
2 1
9 6
8 4
7 6
10 2
2 10
10 1
5 8
4 10
8 4
3 10
9 9
5 8
4 3
7 4
1 1
3 2
10 3
2 1
2 8
9 7
5 7
2 3
7 6
5 5
2 1
3 10
6 4
6 4
2 10
2 8
8 3
2 1
5 5
6 9
5 7
3 7
8 1
1 1
10 9
3 9
2 6
4 1
6 10
10 7
5 8
8 2
3 8
1 7
9 9
9 5
1 8
6 5
5 4
3 8
7 3
2 8
10 9
3 10
1 1
4 7
5 10
3 8
8 10
4 5
3 8
6 1
10 1
4 7
8 5
8 8
4 5
6 4
3 8
1 1
8 5
9 10
5 2
4 7
9 5
10 3
5 6
5 4
7 7
2 3
3 7
2 3
5 2
9 9
2 9
6 5
3 1
7 5
9 1
1 2
2 3
10 8
1 1
8 9
10 7
2 7
8 1
9 10
6 5
5 3
9 1
6 4
2 8
2 3
6 4
3 1
10 4
7 1
4 6
2 10
9 5
1 7
8 4
1 1
7 6
4 10
9 2
6 3
5 9
10 8
7 8
1 5
9 1
4 9
1 8
9 7
10 8
5 2
5 1
4 10
6 8
6 5
9 6
8 8
8 4
3 5
10 8
2 1
6 9
4 2
6 5
7 7
1 6
5 10
7 7
7 2
2 9
10 5
7 7
7 6
1 8
8 2
1 9
5 10
1 9
7 2
3 3
8 5
4 4
6 10
2 4
1 6
3 7
2 4
6 10
9 5
7 1
6 3
8 5
9 4
7 8
10 10
3 9
5 3
10 7
2 10
10 5
6 7
5 7
1 5
8 3
3 3
8 6
3 6
7 2
8 7
5 3
4 4
9 6
5 10
9 10
1 7
1 4
4 4
6 6
6 7
2 6
10 2
6 3
8 9
9 8
6 2
10 3
5 7
1 1
5 4
4 1
4 6
3 4
8 3
10 4
3 5
1 7
7 3
9 1
6 6
1 9
5 5
10 1
9 8
4 6
3 5
7 3
3 2
1 9
7 5
1 9
3 2
6 9
2 2
2 1
8 3
8 4
2 2
1 1
2 1
8 8
6 8
8 1
9 6
9 4
2 7
6 7
7 9
4 7
6 4
9 8
8 8
7 4
6 1
4 3
7 9
2 9
7 2
8 8
8 4
4 3
6 4
10 7
1 9
10 6
1 9
7 9
3 6
7 10
4 4
8 1
9 8
3 3
7 3
1 7
6 7
5 5
4 1
5 9
4 10
7 3
5 1
14 12 55
20 11 65
17 18 61
17 17 72
13 16 94
10 13 79
16 15 55
14 13 60
19 20 68
13 14 52
12 19 67
11 16 100
17 12 98
14 11 59
20 17 85
13 12 54
20 14 89
10 13 60
15 15 98
18 14 80
10 14 73
15 18 74
13 19 61
19 10 58
11 15 53
13 13 63
13 17 91
15 14 73
18 13 94
16 17 55
15 10 57
13 11 77
12 19 94
10 20 89
13 18 96
20 11 76
13 17 75
11 12 83
13 18 71
20 14 89
11 16 68
12 13 98
17 19 61
10 20 68
16 19 90
12 18 99
16 20 74
16 14 91
20 10 62
10 16 81
16 16 79
13 13 78
13 20 59
20 18 59
17 17 79
20 13 79
10 10 90
17 11 55
16 17 76
14 13 99
12 16 64
13 20 63
16 15 85
12 20 76
13 12 70
12 13 51
11 16 80
16 19 61
10 13 92
13 10 87
13 10 100
15 13 86
19 14 69
15 11 82
10 16 55
17 16 53
14 11 53
20 14 63
10 20 70
14 14 69
12 15 64
13 16 63
15 14 65
14 16 66
15 20 96
20 15 56
17 16 76
17 15 63
12 14 61
10 20 99
13 19 90
11 16 82
11 11 84
17 14 74
13 14 78
12 14 64
10 13 54
20 20 86
13 11 99
19 10 82
20 12 56
20 17 92
15 18 75
14 19 59
10 18 60
20 17 52
17 19 51
16 16 81
20 15 53
16 13 94
19 20 76
16 17 76
11 19 79
18 11 99
15 12 57
20 20 69
20 18 64
10 12 88
11 13 71
20 16 66
12 18 50
15 15 52
19 20 70
11 17 72
10 12 50
16 20 89
15 12 99
13 20 99
15 16 52
19 11 95
17 15 99
15 10 100
13 14 100
16 17 72
20 15 68
13 13 65
15 14 91
11 10 86
19 16 63
12 15 71
10 17 95
16 10 50
10 14 99
19 14 71
20 15 99
17 15 68
12 12 73
15 18 93
15 16 80
14 15 94
11 12 63
19 11 58
15 15 71
11 17 81
13 17 89
14 11 55
18 20 65
19 14 80
19 10 96
12 14 85
11 17 88
16 12 68
15 17 79
11 16 76
16 12 52
11 17 98
12 12 85
19 16 70
13 19 60
12 10 82
12 12 88
13 14 94
17 18 59
20 19 50
19 10 94
15 15 82
18 14 67
10 18 81
14 20 70
11 20 69
18 13 64
11 19 64
17 17 81
17 15 89
15 18 100
19 12 71
20 19 82
14 16 81
13 15 85
19 20 61
15 13 76
16 15 57
19 11 57
16 14 75
13 18 84
12 20 83
20 12 85
17 11 84
17 11 82
18 14 95
20 11 88
16 10 61
20 12 81
18 11 62
10 15 84
17 14 90
10 14 68
11 19 63
15 12 73
15 13 79
15 16 82
11 12 51
17 19 82
16 15 51
15 13 86
17 17 99
15 11 74
13 19 64
14 13 100
17 13 81
11 20 85
10 10 55
14 13 99
15 10 66
14 19 100
15 12 86
17 10 83
19 20 99
16 10 77
17 11 97
10 17 87
11 11 56
10 12 94
11 12 83
15 13 76
18 19 75
13 14 95
20 20 61
15 18 93
15 11 72
10 14 83
16 10 93
13 17 77
11 20 51
17 13 63
19 12 56
10 14 55
12 20 100
11 15 95
17 19 95
11 14 65
15 19 92
18 14 88
13 15 96
17 10 85
14 11 50
20 12 88
12 10 94
18 14 50
15 13 80
16 17 54
18 15 97
12 19 78
11 14 78
10 20 91
13 20 69
10 15 100
20 13 57
14 15 58
20 12 99
11 20 97
19 17 89
18 17 95
10 12 76
15 18 58
13 19 65
12 10 56
20 10 68
18 10 79
12 15 96
14 12 97
19 17 79
13 10 72
16 12 57
18 14 96
17 20 96
11 20 95
18 13 82
17 12 78
12 16 81
14 10 97
16 14 76
14 17 92
20 12 50
16 13 88
10 18 93
11 11 58
16 13 74
17 15 71
13 14 57
11 10 76
19 20 72
18 11 66
12 11 85
13 15 75
15 10 86
16 10 66
15 12 86
19 15 80
15 10 74
15 17 73
14 18 68
11 12 81
11 16 50
16 20 100
14 12 72
15 17 60
11 11 70
10 15 79
13 13 96
16 17 73
13 14 56
11 14 67
12 13 73
11 19 65
20 19 82
15 20 93
20 14 93
11 18 91
19 14 73
17 14 59
18 20 62
20 18 82
16 20 90
13 20 53
19 12 98
14 10 97
16 15 78
13 13 53
16 18 55
20 10 88
12 12 77
15 14 94
17 16 55
18 20 67
20 13 72
17 19 69
15 12 75
15 11 52
17 11 97
18 15 55
14 12 72
15 15 80
19 17 63
13 20 84
17 20 86
14 18 78
19 16 68
11 19 70
20 12 76
17 13 82
15 13 68
19 11 67
10 13 98
11 16 97
10 20 94
19 14 85
10 19 80
16 13 70
16 10 75
20 14 60
20 15 55
12 20 92
14 15 79
13 20 84
11 20 77
16 13 89
18 14 51
10 11 99
12 16 61
15 19 83
20 14 70
20 16 58
18 20 65
18 14 94
12 18 59
12 11 55
20 17 86
19 16 62
17 16 66
11 14 55
10 13 74
10 12 76
12 10 58
10 18 91
14 15 97
18 10 72
13 15 99
19 17 52
11 10 77
12 13 61
14 14 62
11 16 96
20 10 72
10 10 97
18 11 51
18 10 57
17 15 90
12 13 76
12 14 77
17 10 56
19 14 71
17 16 66
12 12 93
10 18 78
12 20 62
12 16 99
12 18 75
17 19 60
20 15 95
19 19 75
10 14 90
11 17 91
10 10 97
11 12 90
13 11 87
18 20 79
13 20 65
20 14 71
16 20 55
12 15 60
13 14 80
16 17 55
15 19 56
17 19 80
18 12 81
14 20 52
20 17 99
18 20 91
20 18 90
14 14 97
15 11 100
20 14 53
10 12 55
10 20 78
12 12 53
18 15 52
16 13 89
13 20 52
15 18 76
19 12 57
18 10 66
17 13 55
15 19 91
18 15 74
18 14 82
14 17 82
14 18 72
15 20 57
10 16 71
16 17 51
13 15 77
13 15 65
19 12 74
14 10 63
13 13 83
14 12 53
10 14 72
11 12 52
11 14 72
11 15 63
19 11 80
18 11 81
16 10 50
11 10 89
20 16 98
19 15 78
10 13 70
20 15 77
14 12 65
13 16 99
10 16 80
15 15 59
18 12 79
11 15 53
16 20 100
13 14 79
20 14 93
13 13 53
11 17 95
10 10 67
19 16 52
11 10 81
19 15 62
20 16 58
11 18 93
12 18 73
17 12 56
11 14 90
12 15 82
16 19 73
14 10 93
12 10 73
20 13 88
15 10 86
17 20 89
16 15 83
14 20 52
12 16 77
14 17 68
15 19 57
20 16 89
15 14 94
11 10 96
16 20 93
12 16 76
14 10 86
17 15 70
15 16 61
19 18 71
16 14 86
16 15 77
10 13 86
17 12 50
18 10 73
11 19 90
10 17 65
18 19 70
10 17 76
20 10 96
17 10 81
15 20 61
17 14 63
10 13 81
14 16 83
18 18 67
11 18 61
20 14 52
11 20 93
17 17 83
15 20 61
20 11 65
18 13 56
14 15 64
18 18 94
15 16 52
10 13 97
10 16 53
15 13 68
10 17 76
12 10 52
13 20 62
18 10 65
11 19 99
11 17 87
15 16 83
13 20 69
13 13 98
17 14 70
15 12 59
14 12 70
11 17 65
15 13 94
13 20 88
17 17 93
11 14 96
18 11 62
10 14 72
17 12 89
14 19 84
16 17 53
15 19 97
20 13 78
19 20 97
12 17 97
20 18 85
17 12 67
15 15 80
14 13 56
12 17 64
10 18 100
11 14 78
16 19 75
18 19 53
20 14 86
17 17 73
18 14 78
14 10 59
13 12 54
14 19 74
19 19 92
11 12 65
14 13 65
19 13 60
17 12 87
10 10 99
20 14 78
13 16 80
20 17 62
12 18 74
10 18 89
18 10 92
16 10 74
20 11 76
20 17 72
10 17 87
10 17 85
10 11 67
20 16 53
15 16 50
18 19 96
14 12 67
12 17 60
19 16 67
11 15 83
13 12 84
20 19 88
15 10 98
15 18 55
17 10 76
19 18 88
17 17 73
12 10 54
17 13 98
13 18 64
16 17 54
16 10 94
19 17 76
10 11 83
17 13 78
15 11 59
17 20 96
20 19 97
15 15 66
14 11 57
10 18 72
14 16 73
12 10 89
18 19 66
13 17 60
13 18 85
17 13 79
18 18 82
19 10 65
14 19 70
16 11 100
10 10 88
19 17 74
20 11 75
12 16 96
14 15 87
16 10 70
18 15 55
13 13 99
13 18 84
16 18 99
19 11 77
15 20 55
13 11 67
15 18 87
20 14 100
16 10 76
14 18 92
11 13 100
14 19 67
16 18 76
14 11 85
17 11 69
11 13 81
19 13 94
11 20 52
11 14 65
19 14 59
10 20 61
19 10 98
12 19 74
20 11 79
17 11 93
10 12 87
10 13 55
13 16 73
18 10 61
13 16 94
11 15 97
12 17 56
20 20 94
16 19 50
20 19 54
10 15 56
20 16 100
20 19 89
13 18 75
12 11 68
17 11 78
18 12 94
12 12 83
18 11 70
17 11 91
13 10 76
18 10 63
