400 800
6 7
4 9
1 2
10 8
4 4
5 10
4 7
1 7
9 1
3 1
10 3
6 3
3 8
3 3
4 9
6 9
4 10
5 9
4 3
1 7
10 6
10 6
3 9
1 1
6 6
6 9
7 10
3 1
6 9
3 4
4 6
7 3
1 7
10 5
2 2
8 8
3 1
6 10
8 3
1 6
4 10
3 2
7 1
3 2
2 8
6 7
1 3
5 5
8 4
3 7
4 2
6 1
10 8
6 7
6 6
8 5
3 3
7 4
5 10
4 8
3 4
6 8
9 10
7 3
4 5
9 9
10 10
6 10
1 4
8 8
10 1
4 6
6 4
10 3
3 3
9 4
7 10
10 7
6 3
7 3
7 10
2 8
6 2
2 7
5 4
2 3
3 6
2 4
6 5
5 5
10 1
2 9
5 10
10 7
10 1
7 2
9 8
1 5
5 5
2 4
7 6
3 4
9 2
4 1
3 4
7 10
7 7
6 6
10 4
2 7
3 7
1 2
6 3
6 8
8 8
2 7
1 1
9 6
8 8
4 1
9 9
1 8
4 10
2 10
9 9
6 4
8 6
3 4
10 8
8 6
4 8
10 2
10 6
7 10
3 5
4 6
3 5
9 6
5 6
3 4
6 2
6 6
6 5
7 3
2 5
1 5
5 9
9 1
7 5
9 10
2 8
9 3
10 2
6 6
9 5
7 2
5 4
10 1
6 2
2 10
1 7
4 4
2 6
9 2
10 4
7 4
7 10
10 5
4 4
4 10
5 7
3 6
1 4
7 2
4 3
2 3
9 10
4 4
8 1
3 3
7 3
1 6
4 5
10 6
7 9
1 6
3 4
1 3
2 3
6 5
4 4
2 1
1 3
1 2
1 8
3 3
1 2
5 5
2 1
1 3
5 6
9 6
6 6
4 5
10 8
7 4
9 2
4 8
8 1
2 8
8 6
5 9
10 6
10 5
1 10
3 9
3 5
4 2
1 6
6 6
8 10
4 1
5 2
8 4
9 3
8 4
1 5
1 6
1 4
3 8
10 10
1 2
8 2
1 1
10 8
1 6
5 1
6 2
3 1
1 7
10 9
8 7
5 8
9 8
2 10
2 6
1 2
9 3
8 2
9 8
8 10
1 9
5 5
4 5
9 3
3 9
6 4
6 7
4 4
1 3
3 10
4 3
10 5
5 10
6 1
6 5
1 7
6 10
7 3
10 2
7 2
10 5
6 3
10 2
6 7
8 10
9 2
4 2
5 3
8 5
4 4
2 4
10 2
4 7
8 7
4 9
8 3
2 4
2 2
10 2
1 1
2 8
2 4
3 8
3 7
5 6
8 4
6 2
9 5
1 5
9 5
4 3
3 5
1 2
7 4
7 4
5 6
8 3
10 8
10 3
6 6
2 8
9 7
8 9
7 3
2 4
6 8
8 7
9 8
3 7
7 4
4 5
8 9
3 1
7 9
2 3
7 7
8 9
10 5
9 3
1 1
3 8
4 5
2 10
8 8
8 4
2 7
5 4
3 5
5 6
3 8
7 8
7 9
8 2
2 8
4 6
6 3
5 5
6 5
10 10
1 5
2 3
6 1
7 4
2 7
6 7
10 5
9 3
2 7
10 6
5 1
7 3
9 10
2 1
7 8
9 1
6 6
1 5
1 10
2 9
4 10
1 1
7 5
3 5
4 5
9 8
2 5
2 9
7 2
7 9
1 4
5 3
5 5
7 1
7 4
8 4
6 1
4 7
4 7
10 5
2 1
6 1
9 9
1 8
8 8
1 6
5 4
2 7
3 3
6 4
18 10 58
10 20 57
13 10 91
13 14 57
19 14 65
14 15 87
11 14 68
12 13 67
19 10 89
12 18 80
17 15 69
19 18 87
20 15 58
14 13 95
18 11 88
20 19 79
20 13 90
17 10 87
11 14 100
19 15 60
16 17 82
15 18 50
10 19 82
19 16 68
20 13 81
16 14 66
13 13 54
14 11 75
17 11 77
10 14 83
13 19 86
20 19 83
12 12 65
11 13 53
10 19 65
20 12 84
15 16 64
19 15 98
19 14 85
12 10 80
11 18 99
16 17 76
16 19 77
16 18 63
13 10 89
11 17 67
10 15 60
13 15 65
18 17 68
11 20 91
10 18 71
12 18 86
14 14 54
14 10 56
15 16 51
15 13 51
14 14 71
11 16 73
15 20 93
20 10 74
15 20 59
17 20 63
20 19 92
17 20 86
14 17 62
15 14 88
16 16 51
14 11 100
20 16 89
18 17 51
20 15 74
10 14 92
17 18 60
17 19 54
19 17 69
15 18 66
14 15 72
19 20 76
12 13 89
15 18 97
15 19 70
19 18 55
18 11 90
15 10 90
19 17 54
17 14 68
12 19 89
15 14 99
13 16 97
12 17 75
12 18 50
17 11 77
19 10 67
14 17 75
18 18 96
11 12 74
13 18 94
13 11 98
13 11 63
13 10 71
11 18 65
17 11 93
14 11 60
13 12 71
17 10 86
19 17 94
20 11 75
14 17 60
18 20 70
20 13 81
16 10 78
10 11 88
19 20 99
15 10 57
10 20 61
12 17 90
14 11 84
20 16 64
18 11 86
14 16 97
15 10 56
17 10 65
16 11 80
10 12 78
16 18 59
19 19 77
19 19 80
16 12 96
10 10 75
13 15 97
20 12 51
11 18 98
20 12 63
20 10 72
17 17 63
11 17 77
17 18 86
18 15 65
10 10 80
11 12 87
17 16 69
20 18 62
20 20 86
13 20 93
14 16 53
10 10 51
15 11 69
12 18 55
17 19 59
17 14 92
17 17 91
10 13 74
17 14 72
18 18 81
14 12 53
14 13 84
10 18 81
13 17 68
18 11 70
20 17 70
14 16 88
17 20 50
17 19 92
15 11 91
12 14 54
10 16 60
15 18 90
18 20 58
16 10 88
10 16 84
15 19 90
18 13 88
15 14 80
19 16 100
13 16 93
11 10 97
11 10 61
18 19 81
11 10 68
18 16 89
10 11 96
20 16 50
16 17 79
17 13 97
16 12 60
17 16 56
20 10 55
11 20 89
14 17 56
20 16 71
11 20 82
20 17 59
12 16 88
14 15 59
18 15 82
20 11 58
13 19 77
13 13 76
11 12 50
15 16 79
13 17 64
17 11 56
10 10 71
20 16 92
14 10 83
14 19 99
15 10 99
16 12 64
10 19 61
12 17 61
18 16 55
12 17 65
13 20 51
19 11 58
11 19 100
20 11 95
16 20 81
13 11 69
20 10 92
19 15 70
10 15 79
14 20 94
15 19 68
11 14 76
11 13 70
12 13 73
15 19 99
11 17 94
20 11 74
20 18 59
12 14 52
18 18 74
15 13 93
16 15 80
18 16 63
11 13 55
19 18 63
20 12 57
13 17 87
17 18 78
16 11 93
18 14 82
20 12 50
19 20 82
12 20 77
10 13 59
17 19 94
18 15 93
19 17 96
12 15 99
11 12 89
18 12 97
19 15 99
10 10 81
19 19 94
18 20 99
20 15 53
17 16 75
19 12 67
16 17 78
20 19 86
14 16 82
19 13 55
20 18 63
15 17 58
14 17 85
16 10 100
16 16 77
10 14 59
17 18 86
13 19 83
13 12 98
13 20 61
12 14 62
18 13 91
12 15 54
16 16 86
17 10 93
18 15 69
20 10 81
13 14 52
20 20 68
10 13 63
19 20 71
15 19 98
15 13 59
20 20 58
12 20 53
13 20 73
12 11 62
15 18 77
13 10 95
10 11 59
12 11 51
14 13 52
11 16 94
16 19 72
18 13 83
17 15 52
16 14 63
19 10 95
16 18 98
17 17 67
16 13 66
13 11 60
11 12 68
17 17 98
16 10 85
16 15 93
16 11 96
14 15 73
13 18 88
11 14 60
15 12 61
17 11 98
11 10 93
14 16 57
15 10 62
16 17 87
14 18 97
11 20 63
10 11 95
12 19 99
18 13 94
10 19 60
10 20 90
17 18 59
20 16 57
17 14 54
19 13 74
11 18 98
17 16 89
14 13 88
12 12 75
11 15 61
19 15 87
16 10 80
20 19 85
12 10 52
11 19 74
19 18 57
19 15 50
13 11 68
18 13 92
13 15 51
12 10 89
10 18 80
12 20 60
15 18 55
10 16 73
17 13 93
17 17 89
17 12 75
18 12 76
13 19 71
10 18 98
19 20 99
13 17 76
13 18 90
16 18 65
18 14 88
15 20 73
14 16 81
13 16 54
10 13 78
13 10 98
17 20 83
15 15 86
12 14 77
14 15 88
14 14 83
12 15 90
12 20 67
16 18 70
17 15 99
13 10 96
15 10 85
10 19 74
13 14 87
17 14 91
18 20 95
18 17 70
10 13 87
14 14 50
15 20 87
15 17 61
14 19 59
12 16 94
14 15 56
14 14 65
16 13 62
17 14 75
16 17 87
12 16 82
13 13 98
13 19 61
20 18 51
16 15 57
11 14 66
10 13 99
19 12 64
13 20 75
12 16 58
20 15 88
15 19 51
13 20 76
18 12 84
11 18 76
12 10 99
20 15 100
18 12 87
16 17 82
13 19 80
12 10 78
10 11 57
16 20 57
20 14 96
11 12 84
17 14 66
20 13 58
15 11 56
13 16 95
19 14 61
18 20 85
18 10 67
13 12 70
15 20 91
19 16 84
14 12 87
14 12 87
18 15 67
13 19 90
14 14 89
17 10 56
12 13 98
10 18 60
16 20 89
14 16 55
19 16 84
13 11 61
16 18 69
17 17 85
16 15 53
16 13 64
18 17 54
12 16 92
11 15 73
10 11 95
14 20 78
14 15 74
10 14 50
13 16 57
19 16 90
12 10 76
12 16 68
18 15 63
14 18 53
14 15 78
14 11 64
11 12 56
20 17 74
18 18 93
11 10 93
14 15 97
18 16 87
18 10 99
10 14 74
10 20 93
20 20 100
20 17 96
13 13 80
17 12 82
15 20 88
20 20 56
19 11 54
14 13 82
15 13 77
18 17 54
11 15 54
16 10 71
13 19 53
14 14 88
20 15 82
19 17 54
12 12 56
16 12 73
14 17 80
13 16 72
20 13 78
10 19 97
19 10 96
16 10 54
14 20 90
15 15 52
12 12 90
16 11 88
10 19 84
17 10 63
15 10 97
19 15 87
17 10 80
11 13 59
14 15 85
18 20 55
11 11 69
12 11 56
11 14 88
20 19 85
13 20 66
13 15 74
10 11 51
15 12 84
14 16 50
16 19 73
11 20 83
12 18 88
20 10 50
13 20 68
11 20 70
13 17 53
20 18 82
14 15 86
13 10 93
15 16 53
16 15 96
16 11 78
19 14 65
12 19 76
19 18 81
12 12 77
19 20 93
11 17 80
15 10 81
15 19 63
19 15 65
12 18 78
14 17 91
15 14 62
10 16 82
15 20 71
18 16 51
13 12 76
15 18 90
15 12 89
16 16 100
20 17 82
20 12 63
20 12 53
13 10 73
11 20 81
12 14 53
12 15 98
20 19 87
16 11 75
18 11 89
16 14 53
12 16 56
14 15 70
20 18 91
20 16 59
12 19 72
20 10 84
18 14 96
13 13 79
18 10 70
10 14 76
13 16 70
14 18 77
20 13 82
11 17 97
13 11 75
10 19 82
18 18 52
13 12 88
12 11 74
15 14 87
14 13 77
13 13 70
13 15 61
20 14 86
11 14 52
14 15 85
12 10 72
13 18 54
15 15 84
19 15 80
14 14 51
12 20 93
10 13 78
14 12 78
19 10 72
18 20 93
12 13 70
16 19 94
12 11 67
17 14 71
16 17 61
10 17 96
13 17 75
19 20 94
19 13 54
19 13 94
12 10 73
10 14 66
19 18 80
12 12 96
19 15 70
12 13 78
13 16 65
19 17 96
10 20 70
13 19 52
20 20 85
16 18 63
20 18 96
13 10 62
12 12 87
19 17 52
14 11 57
10 10 65
11 13 96
15 17 65
12 20 86
15 15 53
19 12 53
16 16 57
19 10 85
17 12 55
13 14 77
18 19 91
18 17 72
16 17 91
18 14 92
15 11 65
17 13 82
19 12 74
13 20 97
18 12 94
12 15 72
13 11 93
11 19 50
18 16 64
16 18 52
13 20 77
14 14 84
11 18 76
12 20 81
18 17 82
10 19 57
15 12 89
19 20 62
17 20 79
16 17 85
16 10 55
11 13 63
13 19 60
14 18 73
18 11 61
18 10 68
16 14 63
14 18 100
20 18 95
16 15 70
13 19 88
17 15 86
19 11 94
15 20 52
10 12 62
10 11 89
12 20 65
10 13 54
18 13 76
20 11 55
11 20 55
14 12 63
12 10 51
18 14 82
20 17 72
15 11 71
13 13 58
18 12 62
20 10 68
16 16 79
10 11 53
14 14 63
16 20 75
20 13 91
16 18 56
18 12 94
11 17 64
14 19 50
19 14 76
12 17 99
17 19 61
15 13 71
20 13 55
10 12 89
18 20 54
18 13 70
13 17 97
14 12 97
11 15 57
15 13 67
13 11 81
17 10 72
17 18 89
18 17 94
12 15 100
15 14 50
13 17 100
11 18 79
19 12 51
11 19 77
19 10 78
14 16 54
17 12 85
17 15 64
12 11 53
16 16 86
18 13 90
11 15 67
11 10 95
14 16 86
20 14 71
16 13 76
15 10 75
16 10 77
18 15 63
12 16 74
10 20 97
12 12 69
11 20 91
10 14 74
19 15 93
18 15 72
11 20 98
10 19 62
17 15 68
13 15 74
10 12 58
12 18 73
11 13 82
12 15 98
15 14 87
14 12 71
18 15 80
11 18 51
16 10 53
13 10 70
13 17 64
11 20 99
17 15 83
20 11 100
16 19 98
12 13 64
10 16 99
19 15 51
19 14 95
14 16 80
14 12 88
18 11 81
11 15 63
10 17 58
11 14 72
19 19 81
16 10 75
11 13 61
14 14 67
16 13 51
14 13 86
11 13 68
19 11 59
20 13 56
10 12 50
12 12 77
17 10 83
10 13 76
10 16 70
10 19 87
12 17 67
10 20 93
15 19 50
11 13 61
16 15 75
10 17 58
17 19 62
12 13 78
14 12 98
11 20 83
11 20 95
20 19 69
19 20 54
19 17 98
19 14 60
11 19 76
18 15 83
11 19 72
10 20 67
18 14 90
16 13 91
