4000 1333
10 2
2 9
10 7
10 3
1 5
1 10
7 4
2 1
10 8
9 2
8 4
2 4
9 10
1 2
5 2
4 10
7 4
5 10
4 4
7 2
6 4
7 5
4 8
7 9
3 2
1 2
7 10
6 3
5 1
1 5
5 8
4 8
4 4
10 9
5 4
5 5
2 7
6 3
4 3
7 1
4 5
10 2
2 4
9 4
10 6
6 7
5 4
2 4
5 6
5 4
3 7
10 2
2 3
6 10
7 7
7 8
5 8
2 10
7 1
9 4
10 8
10 10
8 3
2 4
10 9
7 10
9 9
4 5
1 2
10 3
7 8
7 7
4 7
9 8
5 9
5 3
7 3
3 2
8 4
1 3
9 1
7 1
10 7
2 7
3 4
3 1
2 9
3 6
10 2
1 2
7 3
9 9
2 5
2 8
2 3
5 10
6 4
2 1
5 10
3 6
6 9
8 6
10 9
4 4
7 4
6 5
7 1
2 7
2 5
2 10
7 2
3 6
5 9
3 7
5 1
8 1
10 4
7 9
7 9
9 6
1 3
1 9
4 7
1 4
1 5
7 4
7 8
8 1
4 4
10 9
3 6
9 1
4 10
6 3
2 7
5 7
3 9
8 4
8 2
4 5
2 9
7 4
8 6
5 4
10 10
7 8
10 4
1 7
8 9
5 10
9 5
3 4
4 4
8 6
3 1
6 7
10 8
1 8
2 2
6 5
7 7
9 5
3 9
9 10
6 3
5 6
3 2
1 6
7 4
3 1
9 8
2 5
8 6
7 4
7 7
7 6
5 6
8 9
3 5
10 8
2 4
6 10
10 4
1 9
8 5
8 6
8 4
8 4
10 4
8 6
4 1
7 10
5 1
10 4
8 2
5 9
10 7
1 10
7 10
6 3
7 10
4 7
6 5
5 5
6 6
9 9
2 2
2 1
8 8
6 3
3 1
3 9
7 4
7 2
6 3
10 9
8 9
10 4
2 9
8 8
6 9
3 6
2 5
9 10
7 3
10 7
10 6
2 6
5 2
4 1
7 1
10 5
10 7
9 1
3 8
4 1
10 5
10 3
7 6
7 7
3 3
8 3
9 4
5 2
3 10
3 8
7 1
1 1
5 4
3 4
5 5
7 3
9 5
9 9
9 3
9 8
9 6
1 1
2 7
6 7
1 2
9 7
7 8
2 3
4 3
7 1
4 7
7 7
3 7
9 2
1 6
2 6
2 5
2 4
2 2
2 8
9 9
1 4
4 3
3 3
6 10
3 1
2 9
10 10
6 8
6 7
9 8
10 4
2 3
10 8
2 2
3 3
10 6
2 8
2 4
8 9
7 2
7 9
3 8
9 4
1 5
1 4
4 4
10 8
2 6
7 9
2 4
4 9
2 9
1 10
8 6
5 4
3 9
2 4
8 9
4 9
3 1
1 6
10 1
2 1
7 7
2 8
3 9
1 9
10 7
3 10
4 8
8 9
4 9
7 7
10 2
8 10
5 10
6 7
8 2
4 2
2 10
8 10
5 10
5 1
4 6
9 8
5 4
7 8
8 6
3 9
7 10
8 5
1 5
1 1
10 7
6 1
5 6
4 9
10 8
5 6
10 8
7 4
1 5
2 9
7 3
10 4
6 9
6 10
9 8
6 5
7 6
7 4
7 1
7 10
3 9
9 5
3 4
2 7
10 5
4 6
4 3
9 8
10 10
1 9
7 9
10 8
1 7
10 3
1 6
2 10
3 8
10 5
8 3
3 7
2 9
3 3
3 3
6 4
8 4
6 5
8 3
2 1
2 7
2 4
7 10
4 6
4 1
3 1
4 4
3 6
9 8
5 3
7 3
3 3
4 8
9 9
2 8
6 8
1 1
7 1
2 4
6 6
6 1
2 2
4 4
2 1
10 1
9 1
4 5
9 10
6 8
5 4
7 9
2 4
6 6
6 9
10 5
5 10
3 6
9 4
6 10
3 1
4 9
4 2
1 5
7 8
6 2
5 9
8 6
5 6
4 5
6 5
4 3
6 7
6 2
6 1
8 6
3 7
10 6
2 9
7 5
2 7
2 4
4 4
10 7
6 10
8 1
5 4
7 6
1 10
7 2
10 2
9 7
4 8
7 7
1 10
5 7
8 5
9 9
2 9
4 6
2 4
2 1
1 5
6 3
8 5
8 8
5 9
7 3
7 10
3 2
3 3
4 1
6 2
6 1
7 9
5 10
1 7
8 3
1 9
1 1
3 2
3 8
10 4
3 2
5 8
3 2
7 6
5 7
3 2
1 3
2 1
8 4
8 7
6 6
5 6
6 4
1 1
6 9
5 8
8 5
3 7
1 4
10 5
7 2
1 1
8 9
7 4
3 3
8 6
10 7
3 8
5 7
1 7
2 7
9 7
4 10
7 9
1 9
9 6
9 3
1 2
1 1
10 8
4 3
9 10
10 4
8 4
7 8
8 3
7 2
5 7
6 1
5 5
2 10
1 6
4 1
3 9
7 9
4 3
9 3
9 10
4 3
3 8
2 2
5 3
9 7
3 3
1 7
10 1
4 6
1 9
2 5
2 9
9 4
6 10
8 9
8 2
6 1
8 9
1 4
3 4
8 7
8 1
3 4
7 5
5 9
7 5
6 9
8 1
8 9
5 9
2 4
7 6
9 2
6 5
1 5
9 7
3 8
2 2
3 8
2 7
2 9
1 9
7 4
8 8
8 7
9 1
7 6
2 2
8 6
9 8
4 7
4 8
5 10
7 2
8 7
9 4
9 1
4 1
8 2
7 5
1 1
6 2
6 4
6 4
3 6
2 3
8 1
1 1
8 7
5 1
1 5
2 8
8 6
7 10
1 6
9 5
6 7
10 2
6 1
10 10
7 4
7 5
7 1
4 3
5 6
3 5
1 10
3 9
1 4
10 6
2 5
7 5
2 9
2 1
10 6
10 10
6 1
6 9
7 5
3 7
10 6
2 1
5 9
1 10
10 6
5 9
9 5
8 2
7 8
6 7
8 10
1 3
7 7
9 3
3 1
3 2
5 9
7 8
4 5
4 1
1 10
7 2
2 10
6 9
3 7
10 6
5 6
9 4
3 9
10 1
7 3
10 6
8 10
10 3
6 9
8 8
10 2
9 7
8 4
10 5
10 6
5 5
3 8
4 10
4 10
2 6
9 1
6 7
6 5
10 8
4 10
2 1
1 6
10 2
3 1
1 9
10 8
6 9
2 9
8 4
9 8
7 10
3 1
9 2
10 8
1 1
2 8
6 4
4 9
7 9
3 3
9 7
4 5
10 4
4 5
5 7
6 5
10 5
10 10
8 10
1 5
8 6
8 5
10 8
6 6
2 7
8 2
10 6
5 4
2 2
7 10
7 8
5 4
7 1
4 7
2 5
6 10
2 3
2 4
4 8
1 5
5 6
5 4
7 9
1 5
10 9
4 1
7 10
7 1
6 2
4 6
2 8
9 6
1 5
5 7
6 4
10 6
4 1
3 3
7 4
6 4
3 10
3 6
7 7
4 5
4 5
4 7
3 7
1 4
1 8
10 4
5 10
10 6
8 3
10 10
3 2
4 9
3 9
10 8
5 4
6 7
5 10
10 4
5 4
2 2
1 6
8 2
2 8
10 8
3 4
3 9
1 3
8 4
2 6
3 9
2 1
4 3
4 5
10 1
4 7
5 10
5 9
7 3
5 9
5 6
3 5
4 9
2 10
2 6
10 7
1 3
3 9
7 1
1 3
9 7
6 2
1 6
2 3
7 2
6 4
8 2
8 6
5 9
3 3
10 2
5 9
3 10
2 7
3 5
5 6
3 4
10 1
2 7
3 1
8 5
6 9
4 8
7 9
8 8
7 9
4 4
8 6
8 10
8 7
3 8
1 4
8 5
8 2
3 2
10 1
6 8
9 9
3 2
10 6
8 1
2 5
4 7
5 7
6 9
10 5
8 2
1 7
3 8
5 1
9 3
10 2
2 2
1 5
7 9
9 2
6 7
4 7
10 6
3 7
4 5
10 7
9 3
9 9
10 7
1 7
4 10
1 4
2 9
10 10
3 7
1 5
8 2
9 1
5 7
8 10
3 6
3 3
9 3
10 4
5 8
10 5
7 1
10 9
7 2
3 7
2 9
7 5
1 1
4 3
9 2
5 2
6 10
10 5
2 10
2 8
2 2
4 4
10 7
3 2
5 5
4 8
8 1
1 8
9 3
2 6
2 4
4 6
8 1
8 5
5 2
10 6
10 1
10 6
8 8
3 1
8 3
1 10
8 4
3 1
5 6
4 5
9 1
8 5
10 7
5 9
3 7
4 2
8 7
7 2
7 4
10 8
6 8
7 6
9 4
1 4
7 3
10 4
7 6
7 7
5 10
3 8
7 6
3 8
4 3
10 4
1 10
5 5
2 6
4 5
5 9
6 4
2 5
1 4
7 9
8 1
5 1
2 4
7 6
8 2
4 10
7 3
9 7
5 1
7 8
9 3
5 4
2 7
1 6
7 6
10 1
8 6
10 7
10 2
1 9
1 8
3 2
2 4
5 10
8 8
10 5
2 9
3 4
10 2
7 7
7 3
10 6
6 10
9 6
3 8
1 10
5 3
4 2
6 7
7 4
2 4
6 1
7 5
5 6
9 6
5 6
6 10
3 10
2 5
3 2
8 3
2 4
10 4
7 9
10 3
3 5
7 3
1 3
6 4
7 1
9 10
1 6
3 1
6 5
8 1
10 7
9 2
3 1
9 1
10 3
9 8
3 3
1 6
2 8
1 10
8 8
5 9
9 10
6 4
9 9
9 8
10 6
10 2
8 9
6 6
1 6
1 2
2 10
8 2
7 2
9 8
1 7
2 3
2 6
5 3
3 3
6 8
3 6
7 8
9 6
6 1
10 5
7 10
6 10
6 7
5 9
8 7
8 3
9 9
8 10
10 3
3 6
3 10
1 4
9 10
1 6
5 4
8 7
5 8
1 4
7 10
2 9
1 7
7 8
10 6
1 3
6 3
6 7
1 6
9 10
4 3
1 4
1 1
4 5
5 4
4 1
3 8
7 1
2 8
2 2
4 3
7 8
8 6
8 3
3 4
4 9
4 9
10 7
5 1
8 3
7 10
8 5
4 5
7 6
2 2
8 10
7 3
4 8
1 5
9 4
9 7
6 6
4 1
9 2
9 9
9 5
3 5
6 10
1 5
10 6
7 4
1 3
8 1
6 3
10 9
1 7
8 8
8 1
2 10
8 3
10 4
1 1
10 8
5 2
2 2
1 1
7 9
1 1
6 5
8 8
3 5
9 8
9 9
10 10
4 8
7 1
1 8
7 9
10 1
9 8
2 8
1 3
6 10
8 1
6 7
7 4
6 2
6 1
3 3
1 2
1 1
2 4
1 1
6 6
1 4
9 7
3 6
6 10
2 4
6 4
4 5
3 3
10 9
10 2
7 8
7 1
2 3
1 4
3 9
4 7
8 10
10 6
4 10
4 2
5 9
7 1
9 3
9 1
4 5
1 5
10 5
4 5
6 6
9 2
6 7
2 10
8 5
4 5
1 9
10 8
6 2
2 6
1 4
4 5
4 8
5 1
3 3
7 9
8 2
5 2
6 7
9 4
5 5
4 8
8 3
1 5
2 10
3 6
1 4
8 1
5 10
8 1
9 1
1 1
6 8
6 10
6 5
2 2
10 9
10 2
4 9
9 8
8 3
8 8
10 9
8 1
6 1
3 1
2 6
10 1
4 8
3 9
9 1
10 4
5 5
1 5
6 7
1 8
8 9
1 3
4 6
4 3
8 1
6 10
6 6
4 7
9 9
2 9
1 6
10 10
5 6
4 6
4 8
7 4
8 10
3 4
5 3
7 2
9 1
8 1
5 9
5 2
4 3
6 8
9 7
10 9
9 1
8 4
8 5
6 4
3 2
5 10
2 6
9 7
3 7
2 5
2 2
8 6
3 3
5 7
4 7
7 3
5 9
9 3
2 4
2 8
1 5
3 9
5 5
6 10
9 9
9 4
2 1
3 2
8 8
9 8
8 5
9 6
3 4
6 2
6 7
2 10
3 10
1 7
5 7
3 1
4 8
1 7
3 2
6 7
6 10
7 5
3 2
6 8
2 9
8 4
5 5
6 2
3 6
10 8
4 7
6 6
7 9
8 8
8 2
3 10
7 7
2 8
10 5
6 9
2 3
10 4
1 5
3 6
3 8
3 5
7 6
8 4
1 6
10 4
9 9
4 1
1 6
8 3
4 7
4 4
1 9
7 7
2 4
3 7
3 4
1 5
5 3
3 6
4 7
2 8
7 6
6 7
8 9
2 5
5 5
9 5
4 9
6 4
7 1
5 10
10 5
1 9
4 1
2 7
8 8
4 8
10 8
8 5
8 4
8 8
10 9
6 4
5 3
8 3
4 2
9 10
3 9
2 10
4 8
6 8
6 8
2 1
1 10
3 4
7 1
7 9
3 5
8 10
8 5
1 5
7 5
4 4
2 1
5 9
8 2
9 8
1 9
8 4
5 6
6 10
8 3
8 2
3 10
4 6
2 10
3 1
9 7
8 7
6 2
6 9
10 9
3 2
5 5
8 1
4 9
7 5
8 5
6 2
3 6
8 1
2 5
8 8
8 6
5 3
2 9
9 9
2 10
2 2
6 6
10 4
5 1
4 7
5 2
7 6
6 9
1 6
8 6
10 8
5 10
7 7
3 5
2 6
10 1
5 2
8 6
5 10
9 2
2 10
7 8
8 3
5 7
10 10
8 3
4 9
6 5
5 2
10 2
3 5
6 8
8 3
2 3
5 8
6 3
1 5
7 5
8 8
10 3
5 2
10 4
7 6
4 9
9 6
9 1
1 3
8 2
7 9
4 5
2 1
8 1
6 4
4 4
10 9
2 1
3 7
1 4
5 1
6 7
2 1
2 7
8 2
3 7
4 7
10 5
8 8
1 10
1 3
8 10
8 8
10 7
1 4
4 3
3 2
3 5
2 3
8 1
9 10
2 10
7 10
2 3
6 4
8 10
1 9
9 4
9 3
7 3
8 9
3 2
3 2
4 5
1 10
6 3
5 7
10 6
6 2
9 1
4 1
2 2
9 1
4 7
4 3
6 5
2 5
4 5
2 5
7 9
4 8
3 1
10 9
6 3
5 6
10 1
6 2
4 7
9 3
5 1
4 1
5 2
6 9
6 4
4 9
7 8
4 3
1 9
7 2
8 9
3 4
8 2
5 5
7 5
8 6
5 9
9 7
9 5
10 8
7 1
3 4
5 8
8 4
4 7
3 9
8 6
3 5
4 10
3 7
10 8
6 9
9 7
8 3
5 4
9 7
1 4
10 4
6 3
8 4
4 10
1 6
3 4
8 8
10 3
10 1
7 3
8 4
4 9
5 1
3 8
3 4
9 10
8 6
7 8
2 10
3 5
1 4
6 5
7 9
10 8
2 4
6 2
9 9
5 8
8 4
5 4
10 10
7 6
1 1
5 8
5 3
2 8
8 8
4 5
8 5
8 7
3 4
4 9
1 3
9 3
9 4
1 8
5 3
4 2
7 9
9 8
8 10
2 1
7 6
9 10
10 7
8 7
1 9
1 1
9 1
3 6
7 5
10 8
1 4
8 10
3 8
5 9
1 7
10 9
3 9
7 2
10 10
6 1
10 7
8 9
10 4
2 6
10 3
6 4
7 10
2 1
10 4
10 9
7 8
6 2
4 8
6 2
1 7
2 5
10 5
1 3
5 5
8 5
4 3
9 7
1 10
4 5
7 1
4 7
1 7
10 10
4 5
10 10
9 7
1 2
6 8
6 8
1 8
5 2
2 9
4 10
5 4
3 4
3 10
10 10
4 6
5 8
10 6
8 9
4 6
3 8
1 10
7 6
7 9
10 8
7 1
8 1
7 2
2 8
4 5
1 7
7 2
10 8
10 2
1 9
1 8
2 1
2 9
5 3
9 2
2 1
3 8
5 5
4 2
6 6
5 6
5 8
7 6
6 5
5 8
9 9
5 4
2 8
10 4
7 1
4 9
1 3
9 6
1 10
1 3
1 8
9 10
2 5
4 2
10 6
4 10
2 4
3 5
7 4
5 10
7 9
4 4
7 10
4 7
9 10
4 1
2 4
4 3
2 3
6 8
9 8
2 1
8 4
6 9
4 8
3 1
8 7
8 10
1 6
5 4
4 7
5 4
10 10
8 2
1 1
8 10
1 5
6 2
7 9
2 4
6 8
3 9
5 7
5 7
8 4
6 6
8 4
8 5
1 9
4 1
1 4
10 2
10 4
8 1
5 5
6 7
6 7
4 7
7 6
5 8
3 3
10 10
7 3
3 10
1 1
4 4
9 2
1 3
4 5
1 8
5 6
8 8
5 1
9 10
9 7
3 5
10 4
4 10
3 8
4 7
2 8
3 10
8 8
7 4
7 10
2 5
10 4
8 3
9 7
5 6
4 4
4 6
4 10
7 1
4 6
1 6
7 9
4 5
9 5
3 2
5 9
2 2
9 4
3 5
2 10
3 8
2 9
7 2
10 2
4 6
9 9
9 2
2 1
6 4
6 3
10 6
7 6
2 6
10 1
8 2
3 9
4 8
5 10
9 4
4 6
5 10
6 5
8 3
2 9
5 3
1 2
8 4
2 5
7 1
5 2
7 1
2 4
7 7
10 3
3 10
8 3
4 8
10 10
5 8
4 7
9 3
2 8
8 2
10 6
8 9
2 4
9 6
3 10
4 9
5 7
7 8
7 5
2 8
8 9
6 2
3 9
6 4
3 10
2 9
3 2
6 6
8 7
9 3
3 3
3 9
5 9
4 9
9 8
9 2
5 2
2 2
9 9
2 6
10 4
8 8
8 4
9 9
7 5
8 1
1 4
9 3
3 7
10 7
6 8
2 6
5 2
8 10
8 2
10 8
7 10
5 9
10 8
3 7
7 9
1 6
2 6
9 10
2 3
7 5
2 1
6 2
10 9
7 2
5 7
5 7
2 9
10 7
8 7
1 4
9 1
2 4
1 8
2 3
3 6
4 1
4 5
10 9
7 1
5 8
9 10
7 8
5 8
5 9
10 3
7 2
10 7
2 4
8 10
9 10
7 3
10 1
5 5
6 9
9 5
3 6
9 1
4 2
1 1
9 5
1 1
10 10
2 5
2 7
7 10
7 10
4 8
4 7
3 2
1 10
1 7
7 3
3 6
6 4
4 5
5 9
10 8
10 6
9 10
6 10
2 9
8 9
2 10
4 2
7 8
4 2
5 1
1 7
5 5
2 3
3 8
3 6
2 8
7 3
10 4
6 6
7 5
4 10
5 6
1 1
2 9
8 8
1 8
5 8
9 2
6 6
1 5
7 9
4 8
5 9
1 5
6 10
4 3
5 2
8 3
10 6
1 3
7 9
2 9
7 5
8 2
7 5
5 9
8 5
3 8
3 5
6 4
4 7
1 9
2 3
10 3
6 10
4 10
4 4
6 8
7 6
8 10
5 1
3 3
4 8
4 7
4 1
1 2
3 9
7 8
7 9
10 9
8 8
3 1
3 4
1 6
9 5
5 3
5 6
10 8
8 8
5 10
2 2
8 3
6 5
2 10
10 10
10 8
10 10
6 5
8 8
5 7
5 7
4 7
5 6
8 1
4 8
5 5
4 5
8 5
3 2
10 6
10 5
3 10
1 2
5 5
5 9
7 2
10 10
8 2
5 10
10 10
6 7
3 6
5 10
7 8
6 7
3 5
2 7
5 3
6 9
2 4
5 1
3 1
1 5
9 10
5 3
6 10
5 5
5 3
10 10
6 5
4 8
4 9
7 8
9 9
5 10
5 2
9 5
3 2
7 10
5 5
4 1
2 9
3 9
8 6
3 4
1 2
7 5
4 5
4 5
4 6
9 3
6 4
3 5
2 1
1 6
3 6
6 8
1 8
8 3
8 3
1 2
10 4
6 6
1 7
5 7
6 2
3 8
7 3
1 6
1 3
3 5
8 3
5 6
10 10
2 8
2 9
2 7
6 9
7 10
8 3
4 6
9 7
8 10
6 7
5 6
4 7
1 6
5 1
3 8
5 8
4 3
1 3
1 1
10 5
10 6
8 10
7 5
4 9
10 4
10 6
5 6
3 5
3 10
10 8
6 1
9 4
5 4
4 8
8 4
8 2
8 2
3 7
10 4
5 3
2 2
1 2
2 2
2 4
7 5
5 3
7 9
4 6
9 2
6 3
5 5
4 3
10 9
2 8
5 9
6 1
4 2
2 4
6 4
1 1
8 3
10 4
9 3
3 3
6 9
4 5
6 7
9 8
2 5
6 8
9 1
6 9
8 8
2 8
5 5
2 8
8 8
10 8
4 3
4 9
9 9
4 5
1 2
2 9
6 5
10 9
4 7
1 1
5 8
5 4
8 10
8 5
3 6
6 1
2 8
6 2
9 1
1 5
1 6
8 9
2 7
8 5
6 4
7 7
9 9
3 2
8 8
10 1
6 7
4 9
3 5
2 3
8 1
3 2
4 3
4 5
7 7
7 10
3 8
3 3
4 1
4 8
3 1
5 1
2 7
10 6
6 3
6 7
1 2
6 5
8 9
4 10
6 3
2 2
3 3
5 10
2 2
4 10
4 2
4 3
4 4
6 9
3 1
8 9
9 4
3 3
4 1
3 8
8 4
8 6
4 4
2 5
9 7
9 1
6 2
6 9
1 4
1 9
4 3
10 6
3 5
8 6
2 10
5 2
2 7
9 3
9 8
9 3
8 1
6 9
8 6
7 5
5 9
7 5
8 4
6 4
5 4
2 8
5 9
4 2
1 5
2 4
1 5
7 10
9 10
10 9
6 4
6 8
6 3
10 3
1 3
7 10
9 2
9 2
1 5
8 7
1 1
6 1
9 9
3 6
3 3
10 5
10 5
6 4
8 5
4 6
3 7
10 9
1 6
1 5
7 4
6 9
1 9
8 7
6 1
4 7
5 10
8 9
5 4
10 3
5 6
7 8
7 8
2 1
9 2
6 6
1 2
1 7
3 9
4 9
4 6
10 7
4 5
10 9
6 9
6 8
5 10
4 4
6 7
7 4
4 6
6 3
9 7
3 10
7 9
9 3
6 8
8 4
8 4
5 8
5 4
8 1
3 7
2 8
7 1
6 3
8 10
3 6
4 2
9 8
7 9
4 1
9 2
4 1
2 8
4 3
9 7
3 10
8 4
9 2
4 9
9 2
8 6
9 7
7 2
10 7
8 8
6 5
5 9
7 9
3 10
3 10
1 5
6 9
4 5
6 5
3 5
5 5
3 4
5 8
9 1
8 9
3 2
2 5
8 7
1 1
3 2
4 10
5 6
9 9
6 3
9 10
10 10
6 9
6 3
4 7
2 7
3 3
10 9
5 9
8 7
7 10
7 4
7 4
9 4
9 2
8 8
2 7
4 2
1 7
4 7
6 6
1 5
6 5
9 9
7 9
10 7
10 9
6 4
3 9
8 7
6 2
10 2
3 2
4 5
6 10
8 2
6 5
4 1
4 5
1 5
9 8
6 6
4 3
3 1
1 1
1 7
2 9
2 8
10 9
2 4
3 1
7 7
9 2
6 10
10 3
4 4
3 9
2 6
10 4
2 5
3 5
2 8
2 10
9 5
9 9
7 2
5 2
7 10
1 4
8 5
9 4
5 2
9 9
6 4
7 7
6 9
1 8
4 10
8 10
1 10
5 4
4 2
10 6
5 1
1 7
6 4
1 2
5 5
5 1
8 5
4 9
6 4
1 10
5 4
5 7
6 10
4 4
6 10
7 7
2 3
3 9
6 8
10 4
1 5
1 4
4 5
6 3
5 8
2 4
5 9
9 2
9 2
9 3
1 1
8 7
6 7
5 1
5 7
3 3
4 6
4 10
5 7
6 8
9 6
8 4
4 2
5 6
7 10
7 8
8 1
10 8
2 1
7 2
1 7
8 6
5 3
2 10
4 8
3 6
6 4
9 6
10 3
1 10
6 10
1 3
9 1
5 8
4 3
1 9
9 2
2 2
6 2
6 3
6 10
2 6
2 8
6 9
2 4
10 4
10 1
4 2
7 4
1 2
7 3
4 1
3 1
5 4
8 6
8 10
8 8
10 5
5 8
10 6
9 1
4 3
8 2
6 5
7 1
2 6
3 8
4 7
3 4
10 2
5 6
3 1
10 7
4 5
6 2
1 3
4 5
6 3
5 4
8 6
7 3
8 9
6 8
3 5
4 2
4 6
9 1
8 4
4 10
3 7
4 9
10 7
10 2
7 9
3 2
3 8
7 4
1 7
2 1
10 8
4 6
2 3
2 2
9 7
7 7
3 9
7 3
10 8
5 9
3 6
5 7
8 1
2 7
1 7
9 7
10 8
7 10
5 7
2 7
9 2
10 2
10 1
9 1
4 8
3 2
9 4
2 3
3 5
8 5
4 8
2 4
7 2
3 1
5 5
7 1
6 9
5 5
2 9
6 3
4 1
3 7
2 3
7 6
9 7
10 6
9 9
8 5
6 4
1 6
7 5
3 1
4 6
4 1
8 3
10 10
6 7
5 5
3 9
1 10
2 9
8 7
2 5
5 7
6 1
2 1
1 6
3 7
10 3
5 1
2 10
10 9
6 6
6 3
4 3
8 10
1 7
8 8
8 9
4 5
5 1
3 10
7 9
1 3
1 3
2 1
1 6
10 8
2 9
1 5
3 5
8 2
1 3
2 5
1 4
4 3
7 4
1 5
10 7
5 3
4 6
1 10
8 2
3 2
7 4
2 3
7 8
3 5
2 6
10 5
8 9
3 2
7 1
4 6
2 10
4 4
7 4
1 10
9 7
6 9
3 8
6 6
8 3
5 6
1 1
3 7
2 2
8 1
4 3
9 8
10 8
10 5
5 3
4 6
3 1
10 7
4 1
1 1
1 8
10 8
9 7
4 6
4 10
7 6
5 6
6 9
3 7
3 8
3 7
7 5
4 8
3 2
4 5
5 6
4 8
3 8
9 5
8 3
8 6
6 4
3 1
5 3
6 1
2 4
7 6
1 8
10 7
1 10
7 8
6 3
9 6
3 1
4 3
3 4
8 8
5 4
6 8
8 1
5 2
6 3
4 1
1 7
10 10
8 4
7 7
10 1
2 2
5 8
8 4
5 4
3 1
9 3
7 2
6 3
2 2
1 9
10 7
3 3
8 1
10 5
1 1
6 9
6 4
5 6
1 10
10 2
1 2
9 4
5 3
3 9
8 9
7 6
10 3
7 1
8 7
8 3
3 5
7 4
3 5
1 1
9 5
4 2
7 8
7 3
3 3
8 6
4 5
9 8
8 4
10 7
9 3
5 2
5 8
7 7
6 1
9 9
4 3
6 10
6 4
5 1
4 8
2 5
7 4
3 4
9 5
2 10
6 4
9 1
5 4
4 7
4 8
1 9
1 10
1 9
1 10
9 4
4 5
8 10
3 9
10 9
1 3
3 7
5 1
6 5
6 9
10 2
8 9
10 7
5 7
5 2
4 4
9 8
8 7
2 4
1 5
1 10
10 1
5 4
10 4
9 6
8 3
10 2
9 9
10 7
10 2
2 8
6 8
5 8
5 9
5 6
4 2
9 10
6 4
8 4
6 2
7 6
6 2
9 10
9 3
5 8
4 1
2 8
2 7
3 4
1 9
10 10
2 10
1 10
7 1
1 9
10 7
5 9
4 9
9 6
4 1
1 9
2 5
6 7
4 8
1 5
7 10
7 3
7 5
4 1
2 2
4 4
1 2
4 6
2 3
2 9
6 7
1 7
3 7
4 7
10 7
8 6
5 10
5 3
10 2
1 6
10 10
2 5
9 5
6 10
8 1
1 5
10 1
9 7
9 8
10 3
9 1
9 10
1 7
10 9
5 4
1 5
7 9
2 4
10 2
1 5
6 5
1 4
5 1
10 10
8 6
7 5
5 7
3 2
8 5
10 6
2 7
4 2
10 4
3 1
3 10
10 9
4 1
9 1
4 4
7 4
8 5
8 2
6 9
5 2
7 1
4 9
4 2
2 6
3 9
8 4
9 4
1 7
4 9
3 2
4 7
10 9
3 4
4 10
7 10
10 7
3 5
6 8
6 6
9 10
1 3
1 4
6 7
5 2
6 8
3 5
1 1
5 5
6 9
1 6
6 1
2 6
3 10
4 5
7 9
1 3
4 7
4 5
8 4
10 9
2 2
3 2
4 1
6 9
5 7
1 5
5 2
5 3
1 6
10 7
2 3
1 6
2 2
3 6
8 10
6 8
6 3
4 4
9 2
1 3
9 8
6 6
2 3
5 10
10 2
9 3
8 8
2 9
7 7
1 1
7 4
7 4
7 4
1 3
6 2
8 5
6 6
1 10
9 3
1 2
6 10
2 9
3 2
9 5
6 5
10 4
10 5
1 7
5 1
8 8
8 9
10 7
7 5
4 2
1 8
4 1
1 1
6 4
3 7
8 6
8 3
6 1
10 10
2 9
3 7
9 2
4 7
5 10
2 6
5 4
6 9
4 2
3 1
9 2
6 8
4 6
1 10
2 1
7 3
10 2
10 10
1 3
2 9
10 4
3 3
7 7
10 3
6 1
5 10
10 8
4 10
9 6
1 2
10 6
7 9
9 2
8 9
9 8
1 3
1 7
1 5
10 1
5 9
10 7
2 1
10 5
10 3
4 5
3 10
1 1
1 3
3 2
4 8
7 2
7 5
7 2
3 7
7 2
5 5
5 10
6 9
2 10
3 6
2 10
9 6
10 9
4 4
8 10
7 8
2 6
2 4
2 9
4 6
7 7
7 8
10 7
6 3
10 3
6 4
8 8
10 4
8 5
4 7
3 8
8 5
9 8
10 6
1 6
6 7
3 10
2 7
5 9
1 3
5 1
6 6
5 6
5 4
7 3
6 6
9 9
2 2
2 8
6 6
6 2
6 10
9 3
1 9
4 7
4 3
5 6
8 9
3 4
7 9
10 3
7 9
8 8
3 8
5 10
1 1
1 1
7 1
10 7
8 7
9 1
1 5
3 7
5 9
4 7
7 3
5 10
8 9
2 9
5 10
3 10
10 1
9 5
10 2
5 4
8 5
8 5
7 3
3 5
1 10
5 1
8 10
8 1
3 6
4 8
2 8
6 10
2 1
6 5
4 8
5 7
1 1
8 7
8 3
8 2
7 2
1 9
9 9
3 2
4 9
2 9
4 4
6 9
10 10
2 4
6 8
10 7
6 10
10 10
10 2
9 1
5 2
5 6
2 2
6 3
6 3
3 5
4 7
8 10
9 6
8 10
8 5
5 3
9 3
3 2
7 9
6 7
9 1
3 8
4 5
8 4
3 1
2 6
2 2
10 3
4 5
5 8
3 7
5 3
3 2
4 2
6 9
6 6
1 5
5 1
8 4
8 3
3 8
8 8
4 1
7 5
9 3
3 3
3 5
7 5
5 7
4 5
5 1
8 9
3 2
5 2
7 6
5 6
4 5
7 7
8 7
3 5
10 2
7 1
7 7
4 9
1 6
1 4
9 8
5 7
4 8
5 3
7 3
10 9
10 7
3 1
6 6
7 7
5 2
6 3
10 8
2 9
6 4
1 6
6 4
3 6
4 9
7 4
8 4
3 9
9 2
9 8
3 7
7 8
7 7
9 6
2 6
9 6
10 1
10 7
1 7
6 5
5 4
7 9
3 5
8 2
1 2
2 3
8 7
2 8
10 7
3 10
7 10
8 7
4 4
9 1
5 1
2 4
3 2
1 6
10 9
8 9
9 1
1 10
3 4
4 4
8 7
10 4
1 4
7 7
6 8
6 10
6 4
6 3
10 9
5 1
1 1
5 2
6 9
4 1
3 7
3 10
5 5
6 2
4 5
8 1
8 4
2 5
5 9
5 5
9 3
3 9
2 6
6 6
2 7
4 10
10 2
7 7
7 8
4 8
4 2
5 6
3 3
7 1
10 6
8 3
4 9
8 5
6 9
10 4
8 1
8 6
5 10
7 10
5 10
8 2
1 3
3 7
7 3
3 8
5 8
7 9
4 7
5 3
9 10
3 6
8 10
8 1
2 2
7 2
7 3
1 5
7 7
2 9
7 6
2 8
7 2
1 9
10 10
3 9
3 2
6 9
8 8
10 2
4 3
2 9
5 7
3 6
3 5
4 7
9 7
7 10
4 7
3 9
9 3
4 8
6 5
3 2
9 9
2 8
3 3
1 2
4 4
8 1
7 7
1 4
4 4
8 2
2 3
6 9
9 3
5 10
3 3
4 6
6 7
2 4
10 2
10 8
9 4
9 9
1 5
4 9
3 9
9 2
10 3
1 10
1 2
1 4
3 9
3 8
9 4
8 1
9 9
4 3
1 2
1 3
5 7
7 2
5 6
8 6
5 4
6 9
8 10
9 10
4 2
1 1
3 3
4 4
8 1
10 1
10 6
5 1
3 7
1 5
4 9
10 4
7 3
5 3
10 1
2 7
10 1
1 2
2 5
4 8
8 6
5 5
4 2
9 1
10 5
7 3
5 9
3 9
1 9
8 7
9 2
10 10
4 8
6 1
6 10
4 9
5 9
10 1
8 9
5 10
10 3
5 6
10 3
3 6
9 1
10 7
6 6
5 4
1 1
7 7
7 4
3 9
10 7
9 7
2 10
1 7
4 2
3 4
10 3
7 4
7 5
4 2
10 1
8 3
4 6
10 9
10 4
1 6
3 9
4 2
5 2
9 4
6 1
8 10
2 9
5 6
7 4
6 2
7 2
5 10
9 6
8 4
5 10
2 9
3 3
10 7
1 3
6 9
4 8
7 5
4 1
4 4
4 9
9 4
4 2
3 4
4 9
8 1
5 5
7 6
5 10
6 7
2 1
4 3
4 7
5 8
9 1
6 5
10 1
9 3
3 6
2 5
2 3
10 10
7 7
8 6
5 1
10 8
8 5
4 4
7 10
6 5
8 4
5 4
10 5
9 9
4 3
8 2
9 2
9 5
2 8
7 8
5 5
8 2
2 3
4 9
7 10
6 8
5 6
4 10
3 2
10 5
9 10
6 3
7 3
10 10
9 1
1 3
7 1
4 5
5 3
6 3
7 6
6 8
3 1
7 2
1 10
3 5
9 5
1 1
6 3
2 10
1 4
6 5
7 7
7 6
2 3
8 1
2 5
10 8
10 8
10 3
9 9
10 5
7 10
4 4
2 7
4 5
7 8
8 10
3 10
5 1
1 10
2 1
2 4
5 1
6 2
7 5
2 3
8 5
4 2
9 6
9 4
5 6
2 3
10 2
4 2
3 1
3 7
7 10
7 3
6 10
6 3
2 6
6 6
4 9
4 9
6 5
4 2
9 9
9 4
8 1
5 6
6 4
1 4
8 7
10 6
9 10
4 10
6 10
9 4
7 8
6 8
5 7
8 8
1 7
1 2
6 8
5 1
9 9
2 5
5 8
7 7
4 6
2 7
7 10
4 1
7 8
6 3
9 1
7 3
2 7
2 2
9 8
10 10
8 8
8 3
2 3
9 9
5 2
5 4
7 1
4 10
9 6
6 6
8 7
1 9
7 6
6 6
3 4
2 6
4 6
4 5
5 5
6 4
6 7
1 1
2 9
2 5
1 4
2 4
7 4
1 7
8 6
7 10
5 10
8 7
7 3
1 10
9 8
7 6
10 9
4 5
3 4
10 3
7 6
7 4
5 7
8 5
6 2
6 8
7 10
9 9
6 8
3 4
1 3
5 6
6 7
7 10
3 6
2 7
1 6
6 3
4 4
8 5
4 2
4 7
4 10
1 4
7 5
4 8
7 5
4 8
5 7
2 3
2 3
1 4
8 8
1 3
4 7
8 6
9 1
9 10
7 2
1 3
4 4
3 9
7 1
6 7
1 6
2 7
7 7
6 1
4 3
10 9
10 5
9 6
2 5
2 6
6 6
1 7
2 4
3 5
13 17 80
16 19 72
15 17 50
17 12 81
18 20 72
14 10 96
17 10 70
20 11 100
10 11 98
11 12 74
11 20 50
18 20 75
14 16 64
16 18 93
19 16 78
19 17 70
15 11 92
20 17 76
20 10 76
18 15 99
11 18 60
18 16 56
10 17 50
17 11 56
16 17 82
20 12 94
13 13 83
16 12 91
19 12 81
19 13 100
19 13 56
19 11 58
20 19 79
10 12 70
19 19 72
10 11 55
17 10 77
10 20 68
13 14 90
12 10 72
17 15 77
10 20 91
12 20 50
19 11 59
14 18 96
10 10 85
11 13 54
14 14 56
14 17 77
16 14 59
11 20 91
17 13 80
15 15 99
11 10 66
16 17 66
11 15 83
16 10 81
14 13 77
14 12 59
13 19 60
14 18 95
10 15 69
18 19 73
10 13 66
18 17 98
15 11 85
12 20 96
14 18 82
19 10 85
10 17 61
15 10 83
17 19 82
17 11 59
16 18 61
20 14 61
10 18 97
14 17 84
11 12 82
10 11 77
14 16 93
20 15 54
17 19 51
19 16 95
17 11 80
12 11 71
13 15 68
15 16 85
18 13 85
20 10 92
11 14 72
14 19 95
12 13 52
14 13 83
20 14 73
11 15 80
12 20 64
13 10 73
20 16 71
13 17 93
19 11 60
18 10 63
17 17 88
17 17 80
10 10 68
10 14 64
12 17 100
17 16 63
10 12 91
13 10 74
18 11 99
17 12 99
18 17 100
16 10 85
16 12 97
12 18 63
10 20 80
18 13 56
20 20 77
12 13 87
19 17 52
20 15 60
17 14 83
17 12 98
13 13 99
16 11 69
12 11 78
18 10 95
13 17 59
18 12 100
19 16 90
20 12 62
16 12 50
10 13 85
14 13 84
11 15 99
11 11 80
10 15 97
19 11 60
19 15 77
17 12 57
10 20 80
20 15 83
11 15 79
20 17 79
13 18 69
10 18 72
15 12 78
16 17 67
20 19 57
15 14 75
20 15 94
17 13 89
18 19 97
10 13 84
14 17 74
20 19 59
19 15 97
16 18 82
18 10 92
15 11 92
10 18 72
16 17 90
16 11 89
19 19 56
12 17 55
12 19 90
12 11 52
20 14 75
16 15 65
17 12 98
13 19 57
12 12 56
18 11 97
19 18 71
16 14 61
11 10 100
15 10 93
18 14 58
19 17 72
19 13 94
12 16 63
19 15 75
11 17 60
18 14 84
17 18 92
13 12 75
20 12 87
11 12 85
16 20 54
20 10 79
20 16 88
15 18 85
18 19 62
16 18 86
19 14 65
19 17 53
15 11 67
13 12 90
18 16 85
13 14 80
16 19 95
18 20 72
19 20 67
13 16 55
20 14 80
19 17 61
18 13 56
12 14 68
11 16 54
13 14 70
19 19 77
15 13 69
15 20 65
20 15 89
14 14 86
18 18 64
19 17 63
18 11 56
13 11 56
14 14 75
14 18 68
10 18 86
13 14 63
11 16 66
10 13 87
11 10 75
20 10 64
17 20 93
10 16 89
11 18 84
15 13 66
18 15 80
17 15 76
18 14 91
20 12 78
15 20 64
17 13 73
18 15 56
20 10 59
17 19 81
14 18 53
16 11 71
11 11 56
11 11 58
19 18 73
12 17 84
17 20 67
16 14 84
19 19 64
13 20 87
11 15 80
16 16 51
16 15 88
16 16 82
10 13 91
20 15 80
11 18 95
12 17 69
13 15 52
20 18 88
10 15 52
18 17 77
15 10 82
10 13 89
15 18 74
16 10 62
18 18 87
18 19 76
16 14 75
19 18 77
10 20 78
16 10 89
18 15 75
18 17 63
12 20 74
12 14 93
17 15 66
18 16 71
16 12 72
13 20 67
12 12 68
18 10 74
16 17 58
13 18 82
15 10 60
11 12 75
13 19 72
10 13 55
15 12 67
13 19 70
19 15 56
13 19 86
13 15 100
19 14 88
13 11 73
20 18 78
11 18 62
11 18 60
17 12 82
18 20 57
20 18 61
16 11 65
20 14 84
10 11 54
12 20 78
13 16 89
12 14 74
13 11 81
15 13 68
10 20 80
18 17 84
15 11 76
18 20 73
12 20 65
20 11 64
18 16 59
14 20 51
18 12 80
13 15 52
20 11 97
12 16 57
10 11 88
12 15 67
14 10 84
12 15 82
12 14 57
17 14 96
20 17 64
20 16 78
20 18 57
12 17 81
18 18 61
19 20 53
20 19 67
13 15 80
10 11 84
13 15 57
19 14 91
12 10 84
16 17 78
15 12 81
11 18 55
17 17 59
13 20 65
18 19 67
14 18 86
17 15 56
14 18 59
19 11 63
19 12 73
14 10 61
11 18 75
18 12 94
17 18 57
12 12 60
20 10 81
12 14 83
19 17 73
14 20 70
14 14 99
14 17 55
16 15 71
17 11 59
17 19 63
11 20 52
13 12 66
20 18 88
16 13 70
17 13 64
13 15 81
12 20 78
20 13 83
14 15 52
10 19 91
13 18 50
11 18 66
17 16 87
19 15 54
14 15 53
19 11 96
10 18 58
12 16 62
17 12 95
17 13 65
11 15 70
11 16 76
13 14 79
15 18 67
19 13 65
16 13 72
13 16 58
20 20 99
19 19 99
12 12 86
17 12 95
14 19 70
20 17 77
14 17 93
13 10 75
17 11 81
16 18 66
17 11 90
17 18 82
14 19 59
14 15 84
15 16 87
10 10 75
19 18 86
13 12 93
14 18 96
18 19 79
17 18 85
10 15 82
18 11 100
13 11 97
11 10 77
14 14 81
16 17 73
18 12 88
18 12 72
16 19 60
17 16 90
17 10 86
12 12 94
18 14 68
11 11 84
17 16 77
10 10 73
19 20 70
13 20 81
18 15 56
18 16 95
18 10 58
14 20 94
14 17 92
10 16 66
16 14 86
20 12 93
11 15 97
13 11 67
18 14 57
15 18 68
13 15 55
10 11 56
16 16 90
20 16 82
20 17 72
20 18 68
20 11 51
17 17 65
17 19 73
15 18 52
20 19 66
13 12 80
14 17 68
10 17 59
18 20 55
20 10 72
16 10 56
16 17 74
16 18 81
16 19 74
12 11 98
12 20 85
19 12 62
14 11 80
13 18 83
17 12 100
16 12 90
16 14 76
14 15 52
17 17 78
17 19 98
19 20 89
13 19 54
12 18 94
10 13 86
15 19 64
16 20 55
12 11 89
14 17 62
17 15 54
20 12 61
13 16 52
16 16 62
12 20 92
20 15 71
13 12 67
14 20 59
18 19 68
20 17 99
11 19 65
17 18 73
12 18 59
10 17 97
11 20 75
15 19 53
18 11 71
14 18 93
10 12 56
13 15 72
11 18 87
16 11 85
10 12 65
11 11 71
10 18 94
12 13 63
20 15 100
18 14 86
17 20 81
11 13 83
12 15 99
18 16 62
11 10 83
15 16 98
10 10 69
16 12 52
13 11 100
11 12 78
18 16 82
18 19 95
17 20 56
14 16 64
18 14 53
16 10 75
12 13 68
13 18 97
19 14 70
19 13 81
10 20 76
16 13 70
18 14 65
15 11 77
17 14 67
19 11 88
10 20 63
16 17 91
19 15 71
20 15 99
16 13 56
12 12 56
17 14 67
12 11 50
13 19 88
19 19 95
14 18 94
18 12 74
20 15 56
13 11 87
20 20 84
16 15 68
20 12 77
16 19 90
16 13 96
16 14 82
13 20 90
20 10 96
12 13 56
17 16 67
13 19 87
14 10 95
18 13 74
20 12 69
12 20 89
10 16 66
11 13 72
19 11 79
20 18 52
15 20 99
12 10 51
16 11 66
14 17 89
17 14 92
15 20 60
14 13 64
17 15 78
10 15 52
11 10 82
18 13 87
17 11 81
13 11 71
14 17 75
11 13 83
12 19 94
19 20 58
14 13 79
10 15 65
13 13 99
10 16 87
19 10 52
16 17 95
11 17 69
14 10 87
11 13 71
13 18 81
10 19 88
19 12 66
10 18 95
20 16 92
18 10 85
12 10 99
10 20 62
11 10 99
13 13 77
18 16 86
13 10 50
10 15 50
10 18 93
19 16 63
18 17 70
19 11 59
15 20 79
18 13 66
20 16 50
11 10 74
13 13 83
16 11 94
19 17 50
20 18 66
19 19 61
16 16 53
10 13 63
16 19 98
12 20 57
12 18 99
19 10 93
19 18 53
10 14 82
15 16 61
19 12 71
18 10 60
12 14 72
19 10 87
10 11 52
10 20 84
19 11 93
17 12 97
17 13 61
17 15 60
15 15 51
10 20 65
19 13 84
16 18 75
17 13 85
13 19 89
11 12 56
15 13 95
11 11 76
20 17 82
18 11 57
17 14 54
10 13 69
17 16 81
10 14 97
17 18 59
15 17 54
20 19 66
10 19 89
15 13 71
14 16 55
15 17 60
19 16 89
14 19 98
10 20 72
16 10 80
18 19 90
15 18 57
11 17 73
14 14 97
17 11 83
18 17 51
17 12 98
11 12 64
16 19 83
16 20 85
19 18 100
13 13 87
10 14 79
13 10 73
16 15 91
16 19 71
18 18 51
11 18 70
10 14 95
20 18 52
16 12 81
14 18 80
20 17 82
10 16 91
17 11 88
13 12 96
17 15 88
20 17 74
18 20 78
18 20 61
12 20 95
11 17 98
13 12 53
19 20 96
15 14 81
15 20 76
11 14 69
19 18 77
17 20 57
17 15 73
12 18 55
19 19 95
20 12 68
11 11 65
14 17 91
20 16 70
11 10 74
17 18 69
18 12 62
19 20 86
16 12 82
17 13 56
15 16 56
18 19 78
14 12 75
12 14 56
10 12 55
14 16 54
13 19 68
18 13 81
12 18 95
17 14 52
19 11 78
11 10 82
19 11 52
17 18 82
13 20 79
16 17 96
13 12 71
14 20 62
10 13 60
12 11 99
16 11 57
18 18 71
16 10 94
10 11 54
19 13 95
19 15 64
15 10 63
20 10 84
17 20 97
11 12 58
14 20 90
16 16 98
19 12 75
11 12 68
16 15 66
18 19 53
10 15 69
16 19 78
19 11 71
11 18 81
20 11 67
11 12 59
14 20 60
20 17 70
20 17 71
10 18 84
12 16 56
12 10 82
16 13 51
16 16 54
20 12 59
19 10 62
13 14 87
14 17 73
10 13 66
10 14 77
19 16 52
20 13 66
19 18 97
16 15 71
14 12 64
14 15 68
16 14 76
18 16 88
12 18 59
13 16 93
17 19 67
20 11 67
13 15 85
16 12 88
20 18 86
12 19 96
19 13 92
18 17 83
20 16 79
11 15 96
15 14 61
17 20 60
10 13 66
17 16 63
13 12 93
12 18 88
12 18 71
13 17 52
16 14 91
14 11 56
15 19 54
12 17 99
20 15 72
17 11 86
17 12 100
19 15 59
16 19 87
17 15 54
11 12 69
13 17 71
12 10 52
18 12 69
19 17 88
11 16 88
12 16 58
10 10 81
18 13 86
10 10 66
19 12 60
15 17 77
18 11 71
10 19 76
14 14 51
19 18 56
19 11 58
18 14 63
15 10 75
14 16 53
17 19 71
10 19 89
16 13 73
17 11 66
19 19 77
11 20 79
19 18 87
10 20 70
19 20 68
14 18 80
14 11 70
16 11 67
11 11 88
16 11 51
12 18 81
19 17 81
19 17 88
13 13 69
13 19 87
10 10 87
12 16 75
11 17 88
16 11 52
13 16 51
18 11 86
14 16 53
15 15 55
14 18 80
16 14 99
11 20 71
11 14 65
12 16 68
18 19 53
17 15 60
13 11 71
16 18 76
10 15 57
15 17 57
14 20 70
19 11 86
13 12 81
17 20 88
17 14 90
17 10 53
17 15 57
11 18 54
17 16 78
20 18 77
20 18 94
16 15 88
18 20 67
13 15 66
15 14 57
14 10 52
20 11 84
18 18 89
18 20 91
12 18 53
19 17 80
19 17 78
15 18 53
18 14 100
15 15 100
14 14 70
11 11 77
12 18 84
17 13 61
18 19 50
15 17 75
13 18 80
15 15 98
17 13 100
10 14 78
15 10 97
11 16 54
14 14 80
11 13 90
10 11 54
14 14 95
16 14 89
13 13 80
18 14 82
11 12 83
16 13 86
18 12 53
19 11 60
10 17 79
14 11 53
20 19 85
17 16 52
19 15 59
19 18 95
16 20 75
20 10 50
17 16 90
15 13 82
19 15 68
11 15 85
11 18 58
18 10 59
20 12 93
18 18 99
17 11 95
17 17 61
17 16 99
19 11 93
17 13 78
14 18 67
13 14 80
12 10 65
11 19 66
16 15 73
17 18 94
20 16 56
12 18 73
17 20 66
18 12 86
17 10 68
12 15 64
10 12 54
16 13 66
16 17 75
17 17 76
17 10 81
10 16 88
15 20 73
20 20 100
14 14 72
15 16 73
12 17 72
19 17 53
18 13 67
18 16 62
14 18 83
19 11 58
10 11 73
10 14 52
15 16 68
15 17 83
17 20 68
12 14 67
16 19 88
10 16 94
15 20 58
15 18 61
15 12 58
20 16 80
18 14 64
17 11 99
17 17 59
13 10 75
10 13 70
19 16 88
19 19 56
14 10 82
10 16 78
18 13 57
13 12 51
12 16 71
19 13 63
11 17 65
14 13 52
10 18 54
10 16 90
12 12 92
14 10 68
12 11 62
18 20 97
10 14 67
11 11 70
20 12 74
16 14 74
14 14 64
12 10 60
10 17 56
10 15 83
14 18 72
15 19 59
17 20 100
19 11 69
16 19 56
19 20 76
15 12 59
18 17 99
17 15 57
20 19 72
15 19 85
19 17 76
16 20 84
14 11 93
13 20 68
16 18 71
16 12 96
19 15 57
10 13 50
17 11 92
14 18 63
12 18 89
13 11 66
13 10 93
18 14 96
13 14 100
18 13 85
20 14 64
14 17 90
19 18 77
10 14 72
18 20 98
15 12 57
11 20 70
13 17 62
19 19 62
18 15 54
18 20 92
15 13 76
19 12 71
19 13 61
15 18 69
12 16 96
20 14 55
17 19 79
12 14 56
16 10 54
12 18 85
17 13 73
19 11 64
12 13 64
19 12 92
17 17 70
20 14 60
19 16 66
19 11 92
17 17 95
19 19 99
16 13 77
15 12 74
16 11 78
10 18 64
12 17 72
14 17 96
16 14 90
14 13 66
12 10 56
19 16 89
15 13 63
19 17 67
11 10 69
17 13 52
11 15 85
10 18 90
13 13 99
18 13 97
14 19 86
15 13 99
20 17 85
14 12 99
19 10 96
10 18 54
10 13 99
16 11 91
14 15 77
13 12 82
16 16 83
13 16 68
18 10 82
10 11 61
12 14 64
20 11 82
12 10 77
10 14 63
11 20 55
14 16 81
16 11 60
15 10 81
12 12 53
16 18 73
11 19 54
14 20 69
10 14 94
14 20 52
18 14 93
11 10 81
11 14 88
14 20 59
11 10 96
19 18 75
20 17 56
19 20 90
20 13 76
15 19 93
13 14 91
18 18 75
18 11 83
14 13 60
12 10 64
19 13 70
18 12 90
11 17 55
13 12 66
11 15 98
20 11 83
18 15 78
19 15 57
18 12 62
19 13 64
13 16 64
16 20 60
18 18 88
10 18 87
17 11 70
11 14 100
11 18 72
18 12 96
13 15 90
14 15 56
15 12 83
12 20 80
15 12 93
12 13 65
20 20 58
12 12 67
14 11 81
17 14 55
14 20 56
19 12 72
19 17 59
16 17 100
13 16 52
11 20 86
17 12 70
20 13 54
11 18 93
16 12 85
10 16 76
18 12 95
11 17 78
15 18 50
15 12 93
18 11 91
19 19 82
11 11 94
10 17 71
16 20 68
17 17 89
14 18 69
14 12 54
14 19 51
19 14 95
10 15 89
10 19 73
17 17 99
11 20 76
20 19 98
16 12 83
10 20 83
20 19 86
10 19 92
11 18 90
12 11 64
20 18 91
20 20 59
10 16 88
20 16 61
15 15 91
19 11 64
15 19 90
12 13 70
11 11 94
19 10 80
10 11 57
11 19 77
17 11 81
14 10 54
15 20 69
14 17 58
15 14 87
12 16 89
10 12 81
12 10 77
15 11 51
11 16 57
10 14 52
13 12 72
13 16 77
18 16 63
20 11 99
11 20 58
19 16 100
15 16 83
19 18 94
17 14 80
19 16 89
11 17 80
13 17 67
13 16 81
15 13 76
14 20 97
13 18 71
14 19 51
20 20 83
13 18 79
14 15 86
10 11 57
13 18 88
19 15 94
14 15 61
17 13 84
15 19 66
11 10 60
18 16 63
11 13 68
15 15 87
15 12 74
18 16 73
20 19 75
17 14 82
20 10 52
13 13 94
10 20 57
15 20 99
10 13 88
16 13 62
10 16 86
13 18 93
19 19 89
12 10 85
10 15 87
18 20 68
20 15 94
12 18 83
14 11 75
16 12 63
20 12 94
12 17 77
16 12 54
14 13 100
14 19 69
17 11 78
16 13 94
16 14 55
11 15 84
19 17 83
19 13 95
19 17 58
18 16 79
13 15 83
17 17 60
14 14 64
14 14 77
15 15 86
20 11 82
19 17 72
12 10 75
18 20 51
19 14 94
20 14 72
16 11 67
19 14 78
20 11 78
17 17 65
17 13 91
10 10 57
18 13 75
11 17 58
17 14 51
13 12 50
18 10 93
15 14 70
14 18 70
14 11 68
10 18 78
11 14 66
17 11 60
16 17 87
17 11 96
20 20 96
13 20 90
15 18 91
12 10 92
12 16 56
17 10 57
18 20 72
10 16 94
12 10 96
19 15 78
11 16 72
13 13 51
19 20 93
13 17 64
11 19 83
16 13 52
10 14 71
19 14 60
10 13 64
16 17 83
15 15 93
11 18 84
13 18 87
17 13 53
20 18 88
16 17 68
19 12 96
