450 900
4 1
3 9
8 4
4 2
2 10
2 10
8 9
8 5
10 4
9 3
8 2
2 2
1 3
10 4
9 8
1 1
8 4
10 1
1 3
10 2
6 3
2 7
10 5
10 8
9 1
5 8
9 10
5 1
2 1
1 7
1 7
4 1
4 4
10 4
2 6
3 5
6 1
7 1
5 7
9 7
6 9
3 4
2 3
3 6
3 6
10 3
1 4
8 4
2 2
2 6
9 2
5 4
10 3
10 6
10 3
2 9
2 3
8 4
9 10
7 3
3 7
3 6
9 2
8 5
1 9
4 4
6 10
3 10
2 7
8 4
6 8
10 2
3 5
9 2
3 4
3 4
9 2
3 3
7 4
2 3
1 7
1 8
2 4
3 10
1 1
2 10
7 5
8 4
6 10
3 4
1 6
8 2
2 2
3 2
3 8
1 8
9 7
8 7
9 9
5 6
3 7
7 9
8 3
10 1
9 4
9 10
6 2
3 9
4 5
5 8
8 2
7 3
9 9
6 1
4 8
10 9
4 6
4 8
9 10
10 5
7 2
4 9
8 9
7 6
5 6
9 2
2 1
2 9
6 8
5 2
2 2
6 2
4 3
5 8
5 6
3 7
6 1
3 7
6 6
8 10
5 2
8 2
2 4
1 2
9 9
5 9
7 7
10 8
9 3
1 1
2 5
3 8
2 9
2 4
6 3
8 10
7 6
10 4
5 4
1 7
4 4
4 1
5 5
3 9
9 7
10 10
5 9
5 3
2 3
4 10
6 6
1 9
6 2
2 6
6 5
1 6
1 6
4 2
6 9
10 1
2 6
10 9
5 3
1 3
1 8
9 1
7 9
1 4
6 4
3 6
10 8
9 8
5 5
3 7
7 5
3 8
7 2
2 3
7 5
3 5
7 7
7 6
4 1
2 10
8 3
5 2
5 6
2 5
8 4
1 10
3 9
3 5
6 8
6 10
4 5
2 1
4 2
1 2
1 9
6 5
9 2
7 3
7 3
10 9
5 4
8 2
2 3
3 6
2 10
1 10
8 5
6 10
5 7
7 2
6 4
8 1
1 10
7 5
7 3
2 2
2 10
5 6
4 10
8 2
5 1
10 8
6 7
7 7
2 4
6 10
1 1
5 10
9 1
1 10
1 10
4 9
3 6
3 1
4 8
5 2
8 6
8 5
8 4
10 7
9 8
4 2
9 10
4 4
6 3
5 8
8 8
5 7
8 6
2 5
3 7
8 2
2 7
6 4
4 9
10 6
7 2
9 3
9 6
2 5
10 3
8 9
4 9
9 10
10 2
9 6
10 8
2 8
4 9
8 9
2 7
6 9
5 3
8 1
2 3
8 9
3 2
5 6
8 8
3 9
4 5
10 4
9 4
5 10
7 4
5 1
1 4
10 2
8 8
6 5
9 7
1 3
10 7
9 10
10 4
5 2
5 10
4 2
2 5
8 6
7 3
10 1
10 5
9 8
7 6
2 8
8 5
8 8
7 8
8 1
4 10
10 10
8 4
2 3
8 10
3 2
1 7
9 2
7 3
4 6
4 7
6 9
5 2
10 8
4 2
3 10
5 1
1 4
8 2
1 3
6 7
3 7
5 4
9 3
7 2
4 3
2 8
5 7
5 3
4 2
5 4
10 8
3 10
3 9
4 10
1 5
6 6
2 5
6 2
1 4
10 7
4 4
5 1
9 6
7 4
3 10
4 3
6 1
10 1
6 9
10 2
10 10
8 6
10 6
5 4
3 7
3 4
9 6
9 10
10 10
7 5
3 8
1 6
7 7
10 5
7 2
7 10
1 5
6 10
6 6
8 9
6 6
3 3
6 1
3 5
1 9
4 1
4 10
7 9
10 1
5 1
9 3
1 7
8 1
7 10
3 1
6 2
5 7
9 2
8 7
3 7
9 1
4 7
8 1
10 1
4 2
3 9
7 4
2 4
7 10
4 2
1 4
6 2
6 9
2 2
7 3
6 6
4 6
8 1
4 8
2 9
5 6
10 9
4 3
1 10
10 2
11 18 76
12 14 66
20 19 56
14 17 93
11 14 55
20 20 74
11 12 91
13 12 84
20 14 60
20 20 70
16 13 50
12 12 81
18 16 98
10 14 69
11 15 93
18 16 72
13 20 70
18 11 72
10 15 60
14 17 62
10 10 56
12 12 89
18 10 77
18 13 73
17 10 100
12 18 63
11 14 91
13 20 83
12 14 66
19 10 90
11 13 93
17 19 62
15 17 50
19 17 68
12 13 69
15 15 51
13 17 100
10 16 88
12 12 97
13 12 51
17 17 87
15 13 67
10 15 82
19 17 74
14 11 68
11 18 77
17 18 94
10 11 98
10 20 78
14 19 52
13 14 88
11 13 92
19 16 68
18 10 85
11 19 75
11 14 79
15 18 85
20 19 88
19 19 85
19 11 85
12 18 91
10 18 93
18 15 65
17 17 59
17 18 63
14 14 78
12 11 92
10 10 67
14 17 52
18 14 98
20 19 100
13 12 61
14 10 67
18 15 60
18 19 54
12 11 93
15 12 50
11 12 64
12 11 54
19 15 63
18 18 63
18 15 99
11 16 63
14 18 89
15 19 72
10 10 69
18 10 84
14 14 73
13 19 52
20 17 66
11 20 74
17 20 68
12 10 50
12 10 52
14 13 63
12 10 64
19 11 62
16 11 53
17 12 85
10 14 62
17 14 90
18 15 59
15 19 99
13 10 85
19 19 55
18 12 97
10 12 50
12 20 85
13 13 77
19 16 61
20 16 75
11 16 70
16 16 93
12 11 81
19 19 70
15 15 70
15 18 55
17 12 97
10 20 65
20 18 65
10 15 64
15 15 53
18 11 92
11 20 50
17 14 65
10 18 83
19 17 87
11 15 73
18 14 85
12 11 71
10 20 99
14 19 76
18 15 60
12 14 81
14 10 84
14 20 99
12 16 98
17 13 87
16 10 95
13 11 50
13 16 85
19 17 98
13 15 50
16 13 69
16 16 74
10 17 51
11 18 72
15 13 75
12 16 100
14 15 62
19 10 87
19 10 92
13 20 86
11 11 87
10 19 59
16 14 75
12 12 72
18 10 68
18 13 88
20 11 80
12 15 58
18 19 52
15 16 56
13 14 98
15 10 86
12 18 55
13 14 53
20 10 91
11 12 59
19 10 73
10 15 80
14 20 83
11 16 54
12 17 70
14 13 69
17 18 55
15 12 74
11 18 74
14 12 77
20 14 65
14 10 99
12 17 93
18 19 100
10 11 58
15 19 100
16 13 68
13 10 50
18 12 69
19 10 69
17 19 67
10 17 56
18 16 66
15 18 55
15 18 93
19 20 58
11 13 98
12 14 92
15 20 71
19 12 83
18 10 55
20 15 90
13 18 56
16 19 73
12 17 69
18 11 52
20 19 98
11 15 53
19 18 62
10 13 99
11 19 78
10 12 70
19 20 94
18 11 61
20 18 71
15 20 96
20 19 90
19 15 76
14 19 72
15 13 66
13 18 59
17 19 54
14 12 78
17 14 91
13 15 79
15 18 82
12 12 79
20 14 83
15 17 64
11 12 52
10 14 92
20 14 93
10 13 72
13 12 88
12 19 53
20 11 98
16 20 73
18 10 94
13 12 57
14 19 52
15 18 62
14 14 72
19 14 69
15 11 51
16 18 65
14 16 86
14 18 70
16 19 59
13 14 81
10 12 54
11 19 98
11 12 63
16 13 98
11 20 89
12 17 64
12 13 60
10 12 68
15 20 69
15 17 69
15 16 93
15 12 98
11 14 92
16 20 82
13 12 81
20 12 86
19 13 67
16 10 50
16 13 73
14 17 72
10 18 71
11 10 50
17 18 65
18 16 79
20 14 69
17 10 66
10 15 64
14 11 83
16 11 97
13 13 95
17 13 81
17 11 50
18 19 91
12 14 85
16 12 93
17 10 55
18 15 91
17 11 67
17 17 53
10 15 67
13 11 74
15 13 76
14 10 51
15 10 59
20 20 68
10 16 70
18 14 95
17 11 100
11 12 70
18 18 60
14 19 96
14 10 85
10 14 82
10 15 50
11 19 84
19 20 90
20 12 88
13 13 73
11 19 79
16 20 79
14 15 91
14 11 63
19 17 57
17 12 97
19 20 61
20 10 54
11 19 67
18 10 51
11 15 92
18 15 100
16 13 91
11 12 81
11 13 91
13 11 63
17 10 96
10 16 88
10 17 75
15 14 86
10 11 52
12 14 87
18 12 57
17 10 93
20 11 66
17 18 65
17 20 75
13 17 85
10 15 75
10 18 67
19 13 78
15 11 60
10 16 99
19 17 72
18 16 90
18 15 91
20 19 98
16 20 67
13 13 77
17 12 55
14 12 79
18 12 68
17 10 98
14 18 68
10 18 80
14 12 95
16 19 83
11 16 61
16 12 72
20 17 73
11 17 98
18 13 65
15 17 55
15 17 61
11 18 59
11 13 92
20 17 50
20 14 75
13 15 74
12 12 83
14 19 80
16 10 60
15 20 84
19 11 59
18 19 89
20 15 73
14 18 51
14 15 70
15 20 97
14 12 53
17 18 98
17 12 82
16 20 89
17 19 64
11 16 81
17 14 97
17 20 62
20 19 99
16 15 98
18 10 88
19 14 79
10 12 68
11 14 60
15 19 84
13 19 75
11 16 56
10 13 65
15 15 64
20 10 88
12 10 66
20 10 100
19 14 57
16 17 54
13 18 83
15 11 55
14 10 96
18 18 74
10 14 70
14 16 66
16 17 93
19 16 94
12 18 75
14 19 55
13 12 99
19 19 82
17 20 54
10 10 52
19 17 50
11 17 66
10 12 77
11 15 94
17 14 73
20 20 66
10 13 95
18 10 52
18 15 57
18 18 70
20 18 90
13 10 84
14 17 96
19 10 64
11 11 99
13 18 78
18 12 77
15 19 70
20 16 65
19 19 51
12 18 59
11 18 62
14 13 82
20 18 52
20 10 76
17 13 74
15 20 85
19 20 62
17 17 88
15 10 58
17 13 99
17 15 60
19 19 86
20 15 56
12 18 86
12 10 61
14 18 53
20 19 95
11 17 82
19 20 79
10 15 52
18 10 99
16 14 63
17 18 96
18 17 80
17 15 72
13 10 73
16 18 58
14 11 52
18 16 56
17 11 88
18 19 83
10 17 91
18 16 80
14 20 96
10 13 57
19 20 54
17 11 97
13 13 93
10 20 87
19 20 77
16 11 84
15 13 52
20 14 76
16 20 51
17 11 61
10 17 88
11 16 72
19 10 87
15 10 56
15 15 77
10 16 61
13 10 67
12 10 73
15 11 71
11 16 67
14 15 92
15 10 53
14 10 83
19 10 92
12 14 90
19 18 81
11 18 51
17 12 72
16 11 61
11 12 52
18 18 63
19 14 90
11 18 86
17 11 88
17 12 72
16 13 65
18 14 99
13 19 52
14 19 70
11 19 88
14 10 54
11 17 55
11 11 73
12 11 87
11 17 92
17 18 69
12 11 93
15 17 80
14 12 97
19 17 61
20 15 85
11 20 69
12 10 63
18 17 57
10 20 91
20 12 52
13 11 83
20 19 50
11 16 73
17 14 99
10 19 69
20 10 64
15 18 74
15 19 56
19 19 76
17 10 97
16 20 90
18 14 98
13 13 96
15 17 94
13 20 73
18 17 99
10 16 52
16 14 86
20 18 82
18 12 73
11 12 72
15 10 87
20 13 82
12 17 92
12 13 53
18 13 94
17 17 97
20 12 54
13 20 95
13 13 84
18 16 85
13 17 62
19 10 96
12 19 57
20 14 61
13 13 59
12 10 78
20 20 87
11 14 83
16 20 52
15 12 71
16 20 52
10 18 87
11 18 64
19 20 80
16 19 90
14 14 82
17 13 56
13 12 77
12 12 56
18 14 57
10 11 73
12 18 59
19 19 100
12 17 82
12 15 91
11 10 90
11 14 100
17 17 61
18 14 89
14 11 91
11 19 85
19 15 84
16 12 92
13 11 71
18 15 78
19 11 94
16 20 55
10 19 80
11 10 54
17 11 53
16 19 64
11 12 54
10 11 76
16 12 56
13 11 53
13 20 86
11 14 94
18 10 57
18 19 97
15 16 88
19 18 88
17 13 64
11 12 78
16 19 90
11 16 85
13 18 51
14 20 56
18 17 83
14 10 72
13 16 90
11 19 64
14 19 52
14 13 55
16 19 71
11 12 74
17 10 91
18 11 98
18 15 79
13 15 95
18 13 99
18 15 98
19 10 93
10 20 59
17 14 59
16 20 78
14 10 77
20 14 91
11 16 72
10 14 57
13 19 69
15 13 72
11 13 78
15 12 55
17 10 91
11 15 89
10 19 98
14 18 54
14 19 51
11 14 92
12 20 93
17 13 91
13 18 56
18 13 72
18 19 90
19 20 75
11 19 96
18 18 60
19 14 66
10 20 52
15 11 71
13 10 70
18 13 71
17 17 73
12 10 79
12 18 51
17 12 95
13 16 63
13 16 83
11 17 80
16 13 52
20 18 85
13 11 61
12 16 96
17 12 97
14 20 61
13 16 61
13 10 88
10 12 79
14 18 71
19 14 100
18 15 65
13 20 59
10 20 74
15 14 72
19 19 74
16 20 60
11 13 98
10 11 91
15 18 59
18 20 92
18 20 69
16 17 97
18 15 68
15 20 99
18 10 53
15 11 54
17 17 88
10 17 60
17 13 94
16 20 73
18 19 77
14 11 80
10 11 89
17 19 92
11 11 90
16 13 52
15 11 81
10 17 52
16 12 69
19 11 75
16 18 79
17 15 93
12 12 85
13 18 92
14 11 96
14 19 99
12 18 90
13 11 94
19 14 92
19 14 80
10 12 99
10 11 64
16 19 90
13 14 86
14 20 87
19 14 78
14 14 65
11 11 91
16 17 89
11 18 75
14 15 51
13 12 82
17 14 69
20 17 100
15 15 56
18 12 77
16 13 60
18 14 83
20 20 94
18 12 70
17 13 100
10 15 52
15 12 93
14 10 96
15 15 80
20 11 61
14 14 68
20 12 83
12 17 76
14 16 67
18 10 71
18 15 93
14 10 53
13 20 76
11 12 88
15 15 55
20 15 60
13 11 68
15 16 75
17 10 59
13 15 56
14 18 94
15 18 72
13 11 74
16 14 87
10 18 60
14 15 85
12 11 64
12 14 66
11 14 74
18 11 97
12 20 95
17 15 97
13 15 79
12 14 52
17 11 94
16 14 77
19 17 61
20 11 71
14 20 93
18 10 64
20 16 60
10 17 61
17 15 74
14 20 53
18 13 83
15 15 81
10 10 74
12 18 81
10 19 78
10 18 97
15 16 93
16 18 55
13 12 70
13 15 69
13 14 68
19 15 85
15 13 83
18 14 74
11 11 89
14 19 78
11 16 66
15 13 93
16 15 86
10 10 61
19 11 75
20 12 88
20 13 92
12 20 60
11 10 87
10 17 82
19 15 61
20 16 58
11 19 66
13 10 90
14 11 70
20 15 98
18 15 70
19 12 100
12 11 84
10 13 58
20 18 70
14 19 59
11 16 91
18 20 94
18 11 97
11 16 93
17 12 84
14 15 56
12 14 56
10 13 71
15 16 57
13 12 60
13 13 63
11 14 84
18 18 78
16 15 76
15 19 67
14 20 57
13 12 66
13 14 79
10 16 66
18 15 79
20 16 85
14 15 95
13 20 57
17 11 64
10 13 72
10 15 82
15 10 78
19 11 51
12 10 57
14 19 81
20 10 94
11 11 97
12 19 93
13 10 58
11 12 92
13 19 66
13 15 56
12 20 73
20 18 57
16 20 66
20 12 100
15 20 67
20 11 80
15 12 65
16 17 94
13 20 73
13 11 75
12 13 95
15 14 89
13 20 86
14 11 94
20 15 55
12 16 72
10 13 50
17 20 86
16 18 80
14 12 62
17 18 76
10 10 59
15 10 71
16 19 70
17 15 76
11 12 62
13 14 65
13 19 85
17 14 69
16 18 79
14 15 71
11 19 59
20 19 71
18 19 81
18 10 100
11 18 91
13 13 70
20 20 77
16 10 93
13 15 92
20 13 96
14 15 55
17 14 74
16 13 84
