500 1000
6 4
5 1
8 8
1 4
7 6
5 6
2 10
1 7
6 8
9 4
4 10
10 2
6 9
3 9
7 8
1 8
6 4
3 1
10 9
7 6
7 5
9 6
5 9
8 6
4 5
2 9
6 5
3 1
7 2
5 10
4 9
3 8
4 1
7 3
7 1
4 3
1 9
9 3
10 8
2 6
1 7
4 1
3 5
1 4
3 1
1 10
5 7
6 2
8 4
5 6
4 4
7 7
9 3
7 3
6 8
5 1
5 8
6 4
10 6
5 8
1 3
1 9
5 10
8 10
5 8
7 9
10 8
9 4
9 9
4 3
9 9
2 5
7 3
5 9
6 2
6 1
6 2
5 10
4 8
5 6
4 2
7 10
4 2
10 8
7 7
1 3
7 6
8 4
4 2
1 7
4 2
5 8
8 6
6 5
2 3
4 2
2 5
8 10
3 4
10 5
2 9
3 9
3 6
4 9
7 2
8 3
1 4
6 5
1 9
5 9
3 10
5 3
10 9
8 2
3 1
7 7
1 6
9 9
8 1
10 9
10 3
7 2
7 5
5 5
6 8
8 5
8 5
6 2
4 8
3 3
1 10
5 2
10 2
5 4
2 3
2 3
8 7
3 7
3 6
3 2
4 10
6 2
2 1
8 10
5 7
2 2
2 10
3 10
9 6
2 6
3 5
4 5
6 5
1 9
8 1
2 1
9 4
10 3
2 5
10 4
9 10
6 8
8 2
2 1
3 4
5 9
9 4
8 5
2 1
10 8
8 10
4 1
10 4
3 8
4 3
5 8
4 9
8 8
1 4
2 1
8 6
3 4
5 5
8 6
2 5
10 5
5 4
4 3
1 4
6 8
3 8
6 7
6 3
10 10
3 6
3 2
2 1
6 3
5 2
5 4
4 1
7 10
5 7
8 7
2 3
4 2
7 7
5 1
5 10
2 7
2 2
6 3
8 3
9 3
7 4
4 9
6 8
2 9
9 2
8 5
5 8
10 9
4 10
7 9
5 4
8 1
3 2
1 9
2 8
9 3
8 7
9 10
7 7
4 2
2 2
4 7
1 5
4 2
6 3
1 6
4 2
9 9
4 1
10 8
10 2
3 4
10 6
9 5
4 5
4 1
10 2
1 8
5 3
2 10
10 5
6 10
5 2
9 1
2 3
2 6
1 10
1 1
5 3
7 10
3 3
5 10
3 10
6 3
6 6
4 4
1 5
5 2
1 4
7 5
4 2
9 8
10 4
2 6
6 2
9 5
3 3
2 8
8 5
7 1
10 8
8 5
9 9
8 10
2 5
5 10
1 3
6 5
10 9
4 8
8 4
9 9
10 7
10 2
5 5
2 4
3 8
2 8
10 8
1 1
9 7
4 3
7 4
4 2
10 2
9 8
5 3
10 1
4 7
5 8
3 9
2 5
9 1
5 6
1 9
5 7
2 3
9 5
1 3
8 1
4 3
3 6
3 7
2 10
10 1
4 7
10 3
10 6
4 5
1 9
10 4
8 8
7 6
10 8
8 10
9 8
3 1
1 7
9 1
4 4
3 6
3 10
9 8
8 4
10 8
3 8
4 9
5 3
5 1
7 3
7 5
4 8
6 6
2 8
3 9
4 9
5 2
7 4
8 10
8 4
9 1
8 10
9 10
1 4
6 7
2 1
6 8
8 9
10 5
6 2
3 3
6 3
6 7
4 2
1 2
6 2
6 8
10 7
8 3
6 1
6 7
9 3
6 8
1 9
2 3
4 6
7 6
6 8
4 8
5 7
10 1
4 10
9 8
7 8
2 7
5 8
3 9
1 2
1 5
10 10
6 6
5 1
6 2
10 6
9 1
1 4
2 7
3 8
10 8
7 8
8 10
5 4
5 4
7 6
1 5
4 7
3 9
7 4
10 8
9 4
7 9
4 1
2 9
2 2
10 10
7 9
2 10
5 4
4 1
3 5
5 6
2 9
5 4
8 9
5 10
5 8
4 5
8 4
8 4
7 9
8 3
8 3
10 3
7 3
7 2
3 10
1 5
2 3
7 10
7 8
9 9
4 9
3 4
3 2
8 8
2 1
7 8
9 7
8 4
3 3
9 3
5 8
6 1
10 1
1 10
6 10
3 4
10 10
5 3
4 6
7 2
6 9
1 10
4 5
3 5
10 8
7 4
6 2
7 10
5 4
2 6
5 2
3 1
1 7
4 8
5 5
8 3
6 7
5 6
2 8
6 7
5 6
3 8
9 10
6 4
10 9
14 20 69
15 17 76
12 11 87
11 17 98
14 13 95
11 14 70
19 11 63
12 13 73
10 19 50
14 14 51
19 18 98
10 17 53
17 11 94
17 12 59
12 13 69
16 15 91
16 20 97
14 20 99
15 17 53
12 16 68
19 15 98
17 10 72
17 13 95
19 10 97
20 12 88
19 14 95
19 14 70
15 18 56
20 13 91
11 18 79
16 12 94
13 15 89
15 13 72
18 10 89
15 15 53
18 19 79
11 15 98
16 14 55
10 14 73
18 18 83
12 16 83
13 19 72
17 10 97
19 17 83
16 18 62
13 20 85
18 19 65
16 13 90
13 10 93
11 13 85
12 20 83
19 10 93
13 17 53
20 20 74
15 19 74
19 14 99
17 16 54
13 19 85
15 15 59
20 11 83
13 12 51
19 14 93
15 10 85
14 15 72
14 10 86
19 13 93
14 18 74
15 19 87
11 20 76
20 19 51
16 20 84
12 19 65
12 19 64
13 16 67
16 12 95
15 16 75
19 19 84
16 14 80
18 16 78
19 15 55
18 14 66
16 18 84
19 13 66
14 15 58
10 14 82
13 14 89
13 18 53
11 10 91
16 19 68
11 18 79
14 18 96
12 11 53
18 12 76
19 20 76
18 14 89
20 12 85
17 16 87
17 10 51
20 20 54
19 10 91
11 15 50
12 10 92
14 10 89
16 14 69
15 14 90
17 18 77
13 14 84
12 15 65
10 18 74
12 16 59
13 14 99
14 14 52
11 11 89
15 20 65
13 14 58
16 17 80
15 15 100
11 16 71
13 16 64
11 18 71
11 10 85
14 18 75
13 20 84
10 15 72
12 16 63
19 12 79
19 16 51
12 10 90
20 20 65
18 16 92
12 19 69
18 10 93
19 14 68
10 12 70
16 18 96
11 12 95
18 16 84
17 15 65
20 10 54
10 19 63
10 18 71
17 12 72
17 19 51
16 20 93
11 16 87
16 13 50
13 10 91
16 18 92
14 10 68
12 12 83
15 16 80
17 20 61
17 19 100
18 15 79
13 12 79
13 16 72
15 14 72
14 17 76
17 11 70
11 10 90
20 19 59
13 15 84
13 13 70
14 20 96
10 14 73
17 17 90
16 14 69
14 14 55
16 14 79
19 19 86
13 20 75
17 17 87
19 18 67
17 20 90
20 18 65
14 20 55
13 14 98
10 18 71
19 10 76
15 18 97
10 14 77
13 17 75
19 13 96
17 16 53
16 20 65
11 16 60
18 16 76
16 17 56
17 13 87
19 10 86
12 17 84
10 19 61
12 17 86
14 15 100
13 11 54
12 18 58
13 14 61
19 13 75
14 18 96
18 12 63
16 12 92
18 12 73
17 16 73
18 20 85
14 14 65
17 18 74
17 11 96
20 13 60
15 12 67
17 11 82
13 18 81
16 20 71
18 16 91
12 10 98
16 13 92
14 16 93
17 12 68
19 20 97
13 14 100
10 20 63
11 20 66
12 18 50
13 12 87
12 14 86
15 17 88
19 15 92
17 13 58
17 11 83
17 10 95
11 14 90
20 16 71
12 11 61
20 14 86
13 15 89
18 17 89
14 18 67
17 15 74
13 16 72
11 15 51
18 13 57
20 15 66
18 13 51
17 15 62
11 14 84
13 15 82
10 17 82
14 17 89
18 11 70
14 17 67
10 13 77
20 15 79
17 19 62
13 15 77
18 18 74
17 18 79
19 16 72
17 10 54
17 18 57
19 12 78
10 13 85
12 12 60
10 14 70
10 20 54
19 16 81
17 14 55
19 18 51
11 11 59
10 13 77
20 16 96
16 18 53
11 12 62
18 19 97
15 18 71
14 15 58
10 10 67
11 16 95
17 18 67
16 14 54
17 15 82
20 16 97
16 14 58
12 12 88
12 20 93
20 11 98
13 16 55
14 16 78
15 19 71
20 17 62
16 16 53
12 20 64
12 17 70
18 12 95
15 13 69
12 10 83
11 20 98
20 14 74
13 10 78
13 12 62
18 15 67
17 16 61
18 12 70
15 20 69
11 10 98
19 11 58
16 18 77
11 19 54
12 20 52
10 11 85
12 15 61
18 13 52
14 13 78
10 10 73
12 17 61
13 14 74
14 19 99
12 15 80
20 15 67
14 19 80
11 12 64
13 12 92
17 14 66
13 18 76
15 16 97
12 14 78
15 14 68
11 18 59
14 14 65
18 13 66
16 18 97
15 18 72
20 10 50
20 11 60
20 13 89
10 15 72
11 14 100
13 19 61
19 16 76
10 16 76
20 12 74
20 14 86
10 20 56
11 14 51
13 19 58
15 20 95
16 10 85
14 19 95
20 14 60
15 14 57
19 14 86
14 11 97
17 18 96
10 11 61
17 15 55
14 11 75
11 19 77
10 18 56
17 15 73
20 14 70
20 17 74
16 19 79
16 14 87
15 19 50
17 12 76
10 17 100
14 14 93
13 18 68
10 16 77
15 13 59
12 17 74
11 12 53
17 16 84
20 15 83
16 11 78
18 11 77
10 10 74
20 18 78
15 15 87
11 17 90
10 10 55
20 19 90
20 13 54
17 11 88
15 18 68
18 12 83
13 15 80
18 11 60
11 10 62
12 11 62
20 18 99
16 18 51
14 11 96
17 20 62
13 10 87
10 16 98
19 13 68
17 16 57
13 13 59
10 14 75
20 13 65
18 15 88
12 13 57
10 13 53
19 11 98
13 13 98
15 15 91
19 15 50
16 16 52
19 19 83
16 10 68
12 13 62
20 15 70
17 14 50
17 10 54
20 16 79
17 12 68
12 19 98
16 17 87
16 16 74
20 11 93
10 16 96
20 19 68
14 13 60
16 12 64
14 11 58
12 10 95
13 11 77
20 11 75
20 11 69
13 15 95
16 11 60
17 11 61
14 13 56
16 12 93
16 12 87
13 11 68
14 12 73
12 15 55
11 18 74
12 11 68
13 16 67
15 19 90
11 15 54
20 14 61
16 17 94
18 12 72
10 13 78
18 18 79
20 18 79
16 14 73
16 13 56
19 13 69
13 10 83
18 13 86
16 13 91
12 16 54
14 14 86
14 18 65
20 20 100
14 13 83
10 11 85
10 13 89
17 17 67
19 20 54
10 18 83
17 15 66
12 15 64
10 12 51
11 13 64
18 17 81
17 18 83
14 12 95
18 20 79
17 12 52
17 15 57
10 20 91
20 17 83
19 16 58
19 11 91
11 13 55
13 19 96
11 13 60
18 10 53
16 16 72
12 19 87
12 12 99
17 10 83
11 11 55
11 14 81
13 14 91
16 19 72
20 12 67
11 15 74
12 20 55
20 13 56
16 13 74
15 15 61
19 18 78
15 16 99
13 13 94
16 10 80
10 20 60
10 12 50
15 16 93
19 14 54
17 15 58
14 12 83
16 13 57
14 17 74
12 18 61
20 11 56
11 14 51
16 13 52
10 16 61
10 19 92
15 10 58
11 11 81
17 19 95
10 13 98
18 19 74
18 18 74
10 15 95
18 10 79
20 18 87
19 16 76
19 16 88
12 18 77
19 15 90
19 18 51
15 19 78
17 10 76
20 11 79
13 18 56
16 11 88
17 13 74
16 11 59
15 20 77
14 20 76
13 10 99
16 19 54
12 12 55
12 17 73
17 12 97
10 20 89
13 10 76
10 20 56
12 15 53
18 18 67
17 13 51
10 11 100
11 16 68
14 14 98
15 14 84
10 16 98
15 11 63
16 13 96
16 18 89
16 17 82
18 18 70
13 15 59
12 14 70
11 17 81
17 18 69
12 12 76
13 18 59
19 16 100
15 15 59
19 11 71
10 17 53
14 20 67
13 15 53
15 15 72
15 20 79
17 10 83
20 12 86
14 13 93
16 18 94
16 11 58
16 18 51
15 19 69
18 13 58
19 18 53
10 19 66
10 10 53
15 17 71
12 10 97
14 15 51
20 15 53
11 20 64
16 17 81
16 11 88
13 19 71
15 20 80
14 12 86
17 10 66
15 18 85
12 15 57
17 20 79
12 19 81
10 14 57
15 12 89
10 15 78
12 11 81
16 12 82
17 13 53
12 11 97
15 19 68
20 10 99
17 20 73
16 15 76
13 13 58
10 15 79
11 15 61
14 20 92
18 13 56
18 18 94
13 19 95
13 11 93
20 11 61
19 19 84
12 19 69
13 15 89
20 13 64
12 18 77
18 14 93
10 20 72
20 11 69
19 20 75
20 13 59
20 17 57
10 12 87
20 17 99
12 12 59
20 14 96
12 15 65
15 17 72
15 20 56
12 14 69
15 19 67
17 11 62
15 11 81
20 12 53
19 12 90
19 15 91
19 13 88
14 11 53
13 14 59
12 19 73
13 13 100
15 14 77
19 19 75
17 18 52
12 19 57
20 18 95
10 19 80
16 19 89
12 10 59
14 12 86
17 16 97
13 16 82
19 16 72
13 18 80
19 20 51
18 11 63
10 14 59
14 10 90
16 10 83
13 10 72
17 20 56
12 13 52
17 11 81
20 11 56
16 10 89
20 16 78
11 15 65
10 12 94
11 15 62
17 15 55
19 19 73
18 20 74
13 20 69
11 15 61
11 11 79
20 18 65
15 11 59
12 15 72
17 20 68
12 18 52
20 13 68
13 12 78
11 11 59
15 14 84
15 11 100
18 20 68
18 20 86
12 18 73
13 11 72
12 18 85
16 15 95
19 18 60
19 10 80
12 16 83
15 15 81
20 11 63
19 19 92
13 11 99
20 12 69
11 12 70
15 14 90
14 17 96
14 20 97
20 14 85
15 15 50
13 11 87
10 11 78
13 18 69
13 19 56
15 17 56
11 19 70
16 14 69
20 15 84
13 14 93
19 12 86
12 15 55
11 15 63
17 16 52
12 18 71
18 20 87
20 11 71
14 17 91
12 19 88
16 19 68
11 14 87
14 15 92
14 19 77
12 18 91
19 17 82
14 12 55
20 12 81
17 17 72
15 13 71
11 12 58
14 14 55
11 11 99
11 16 79
11 18 77
11 20 90
15 18 100
16 13 84
16 17 87
11 14 99
19 16 54
13 18 64
15 17 71
14 14 91
17 10 75
18 17 68
17 11 95
12 12 76
16 11 94
17 16 97
12 11 73
14 14 56
20 10 84
20 10 53
13 20 93
10 14 97
18 16 74
12 20 59
11 10 59
13 12 63
17 20 100
13 11 93
18 11 93
18 19 63
17 12 88
17 15 54
10 15 92
18 18 73
10 12 68
16 12 71
10 18 74
12 10 67
16 15 90
14 15 83
15 15 81
18 13 73
12 11 99
13 10 87
20 14 55
13 18 65
10 19 70
17 12 82
12 12 57
20 16 51
14 13 64
10 11 95
19 19 50
20 14 56
15 20 95
10 15 94
19 11 55
16 19 69
17 20 91
11 20 84
14 14 79
15 17 81
11 13 79
13 16 87
11 17 92
15 18 55
11 19 75
18 12 63
10 13 55
14 18 62
14 15 80
15 15 95
16 18 57
14 11 53
12 10 75
15 11 95
18 13 65
10 14 73
11 16 97
12 19 84
19 11 78
14 17 54
15 18 62
10 18 52
17 10 94
14 14 94
14 20 76
10 20 95
14 20 70
15 12 96
18 13 53
10 12 65
18 13 83
19 10 94
18 19 74
18 16 87
20 16 70
11 13 81
20 13 71
13 13 57
10 15 61
10 10 63
20 19 52
14 20 92
15 17 70
13 11 65
15 19 100
15 19 78
16 10 76
15 15 68
10 12 71
17 12 68
13 12 55
15 13 85
14 17 85
14 15 65
17 16 90
11 20 53
20 15 61
17 16 70
14 11 56
19 13 59
17 10 98
18 12 63
16 11 59
13 16 98
13 17 64
17 19 64
13 14 87
16 11 71
17 13 68
18 11 76
15 11 73
20 13 78
16 20 98
16 11 51
12 19 90
13 12 54
15 19 96
12 17 87
15 16 91
17 11 60
16 12 52
14 12 83
10 10 84
20 20 77
18 19 80
10 14 61
11 14 69
18 20 63
20 16 87
14 11 60
16 12 61
16 20 98
19 15 79
11 12 60
17 13 75
14 17 59
18 13 64
20 15 91
11 11 92
13 11 84
10 20 61
19 17 82
19 16 86
20 13 87
16 19 95
19 13 77
10 20 83
18 18 63
19 18 87
17 19 92
10 13 87
16 15 62
15 14 67
12 10 72
15 19 50
17 14 80
12 16 54
14 16 98
10 16 57
16 16 84
20 11 95
11 13 66
12 15 95
14 13 64
10 15 88
16 12 52
15 10 61
11 12 95
15 19 84
14 14 72
14 20 85
15 20 79
20 17 97
14 16 95
16 16 67
18 19 74
15 16 78
10 10 85
11 18 74
14 16 74
18 14 91
20 15 72
15 19 65
14 15 85
12 19 69
19 16 72
12 10 66
16 15 52
18 19 83
17 20 79
14 20 55
19 18 52
17 10 96
16 14 80
10 14 96
11 14 56
10 19 57
13 18 53
13 20 76
16 20 98
11 15 97
20 20 54
18 11 97
11 13 88
20 18 72
16 15 74
15 20 54
13 11 93
15 20 51
20 14 56
14 16 64
18 20 89
18 16 82
14 14 86
16 10 68
16 12 98
20 10 60
19 11 51
14 10 60
14 17 93
18 14 52
15 14 64
20 14 79
19 19 69
11 10 79
19 17 100
16 19 84
18 17 90
13 15 93
12 15 70
13 18 52
10 15 54
13 20 87
13 10 54
