5000 1666
4 10
3 9
5 4
8 5
2 9
9 2
9 8
4 10
2 8
9 2
4 8
3 2
3 9
10 10
2 10
2 3
2 9
9 2
10 7
5 6
2 7
9 5
5 4
7 8
9 5
5 6
1 10
8 1
6 8
1 7
6 1
5 9
1 1
7 2
10 7
1 9
8 1
6 6
7 10
1 10
3 7
4 5
9 1
7 6
2 5
2 9
8 5
1 4
4 2
9 6
2 3
2 8
5 2
4 7
6 5
9 3
4 6
9 8
2 6
10 3
10 10
1 8
9 9
10 3
10 3
5 3
3 8
10 8
7 1
7 3
9 4
10 5
10 10
4 10
4 6
9 10
2 7
9 1
3 6
10 8
6 6
1 6
1 7
8 8
1 5
1 3
9 1
10 2
8 9
7 1
8 5
2 6
3 3
6 4
10 5
6 3
5 9
4 1
7 2
5 3
1 5
9 3
8 5
7 1
9 2
9 6
5 9
2 7
8 1
10 10
2 8
1 8
7 6
9 7
5 3
1 3
8 3
9 10
5 1
8 6
10 5
6 9
7 2
2 2
10 6
5 7
6 5
4 1
6 2
3 6
9 5
10 9
8 9
7 9
7 8
5 2
6 10
6 4
2 5
4 3
1 9
2 4
3 6
8 5
2 7
6 9
7 1
4 9
7 6
6 5
5 7
5 10
5 1
6 2
9 2
7 6
1 6
5 2
3 1
7 2
1 6
6 7
9 3
7 1
10 6
3 3
7 9
2 1
8 9
3 1
8 2
4 10
8 7
10 1
5 5
5 10
1 10
1 3
5 10
3 7
8 10
9 6
5 8
1 2
3 1
7 1
5 8
10 8
3 9
5 6
2 3
8 4
4 2
8 1
1 7
1 1
8 4
1 7
7 9
2 5
2 7
6 2
9 6
4 9
5 2
5 5
10 5
8 5
3 5
6 10
5 7
10 8
6 8
7 3
7 7
5 1
7 9
10 4
4 9
2 5
1 3
7 2
8 6
6 9
9 5
4 10
6 2
3 3
8 8
8 3
7 8
10 5
5 5
2 7
3 8
5 10
3 7
7 8
7 2
4 9
5 5
2 10
10 8
10 4
1 8
6 10
3 6
4 2
4 1
1 1
8 1
1 5
10 7
3 1
4 8
3 7
1 4
3 10
4 3
6 1
7 8
5 2
1 2
6 1
10 8
8 6
1 9
1 9
8 9
6 6
3 6
1 1
7 3
5 3
1 8
5 7
10 2
9 7
5 1
2 10
3 10
10 9
7 3
9 8
10 10
6 2
5 9
5 8
6 10
8 7
4 9
5 1
4 1
8 1
6 3
1 1
1 3
1 3
10 9
5 10
6 8
3 10
3 9
10 9
4 10
1 6
7 1
4 5
9 4
1 3
9 2
4 4
6 2
6 3
4 8
6 2
4 6
10 7
4 8
4 2
8 2
8 2
10 9
7 6
3 4
4 5
10 10
8 1
7 2
4 1
9 9
7 8
2 4
4 9
1 4
3 8
9 9
2 5
2 4
1 7
2 9
5 6
8 4
9 9
7 7
5 2
1 6
8 10
2 9
4 3
4 9
7 9
5 5
10 8
8 7
6 7
2 1
10 10
10 9
1 1
2 5
1 1
4 6
4 5
7 2
7 5
10 9
5 6
6 6
6 2
7 3
3 5
2 4
3 8
10 2
7 3
3 10
10 1
8 6
10 8
10 1
2 7
9 3
10 2
3 5
8 5
5 6
7 7
4 4
7 2
4 3
6 6
2 6
7 9
8 6
6 2
6 9
2 1
6 5
7 9
6 7
8 2
1 2
8 10
7 5
2 9
1 2
4 3
2 2
3 7
7 3
5 7
9 4
9 7
1 2
1 8
3 7
10 10
1 9
3 3
9 10
1 8
4 10
6 7
3 3
4 10
5 2
6 9
3 2
2 7
10 7
4 1
7 3
6 1
7 1
1 10
6 3
9 1
10 2
7 7
7 2
7 6
3 6
9 9
2 3
7 8
4 9
4 6
9 7
3 7
10 5
1 5
7 2
9 3
1 10
10 4
1 10
9 3
2 3
3 5
7 10
8 7
5 8
5 1
2 1
1 7
10 2
7 8
8 5
3 6
4 5
8 5
2 4
7 10
3 9
9 7
7 10
10 5
5 3
7 3
6 4
10 6
6 10
7 10
1 6
6 7
7 2
2 1
6 2
3 3
6 6
9 6
7 6
5 2
5 1
4 9
9 2
6 10
1 1
8 5
2 8
1 7
3 3
5 1
5 9
5 1
6 8
4 3
4 7
1 5
3 1
2 4
8 1
3 10
8 9
3 1
4 9
3 9
4 8
5 10
4 9
5 1
5 4
10 2
6 1
9 6
5 4
9 7
5 7
9 9
10 3
4 3
1 1
2 9
2 1
6 1
4 4
5 10
9 10
6 2
5 4
9 2
8 9
5 9
3 10
8 3
1 4
7 4
3 1
2 4
5 3
9 4
5 4
5 3
1 1
2 6
10 5
6 10
4 8
4 2
10 3
5 9
4 2
4 5
9 2
2 9
1 1
9 3
10 3
4 9
5 10
9 1
10 7
1 10
10 3
8 7
4 6
7 9
6 7
3 6
3 7
1 10
3 5
8 3
2 1
7 2
9 8
5 7
10 9
2 6
5 9
3 6
10 3
6 8
5 2
2 2
6 2
7 6
3 7
2 8
6 3
8 5
1 3
5 5
10 1
5 2
1 7
3 9
7 4
7 8
9 3
8 1
2 6
6 2
4 7
5 3
2 8
2 10
5 2
3 2
4 8
1 5
4 2
10 10
5 4
10 6
3 7
9 3
1 2
3 10
5 1
10 6
9 2
10 6
1 8
10 9
9 7
1 5
5 9
1 6
2 6
10 8
1 6
4 1
7 1
8 3
6 4
4 6
6 8
7 9
2 10
9 7
3 2
6 9
8 1
10 8
10 7
8 4
8 9
6 5
8 2
6 10
9 9
5 7
10 5
7 6
3 5
3 6
4 1
7 10
5 1
6 9
10 7
1 7
8 9
6 6
8 7
4 2
6 10
6 1
1 5
7 6
2 2
1 7
2 8
2 1
1 1
2 7
8 10
10 4
9 9
4 3
2 9
7 1
10 9
1 1
6 8
9 2
6 3
2 9
8 2
10 1
3 2
10 3
7 4
7 3
8 10
5 1
9 1
4 5
6 4
6 10
4 3
9 4
2 8
6 4
9 7
6 7
2 9
2 3
2 4
8 2
2 9
3 9
8 6
6 1
3 6
3 10
9 8
4 6
7 4
1 5
4 9
6 9
1 5
4 5
8 5
1 3
10 5
9 5
9 3
7 5
2 5
8 6
1 10
7 5
6 2
6 4
4 7
8 1
8 10
10 2
3 2
8 5
2 4
1 2
3 1
10 6
6 3
4 3
10 10
9 2
3 7
10 5
3 3
2 10
9 10
2 10
7 2
3 7
4 10
2 2
5 3
4 10
6 3
4 8
4 7
10 4
5 3
5 1
1 5
1 7
1 9
8 5
2 10
4 7
9 5
7 6
7 1
3 7
1 8
5 3
10 3
1 5
10 3
7 7
10 6
4 10
7 10
7 7
2 3
6 10
2 10
8 9
8 2
4 1
4 9
5 7
7 8
5 9
10 3
8 1
4 3
6 2
2 9
3 8
2 9
1 4
4 8
1 5
10 10
5 1
7 7
2 6
3 10
3 1
2 2
8 6
6 2
4 9
9 4
10 6
2 3
6 10
1 10
10 9
7 6
5 4
3 3
8 5
4 7
6 1
3 10
1 6
5 5
6 9
5 10
7 1
5 9
8 1
4 10
10 8
8 8
7 2
2 4
5 9
7 8
8 5
6 3
7 7
4 2
4 7
7 5
1 2
7 4
4 4
3 7
2 7
5 6
6 6
2 1
6 8
5 5
8 6
7 6
10 2
8 8
2 10
5 7
10 6
6 10
5 6
5 3
8 8
8 2
10 4
6 10
10 6
10 1
10 9
3 5
4 5
1 4
10 6
4 4
6 9
9 9
9 3
6 4
4 10
2 9
6 4
7 4
1 5
4 3
8 7
6 4
4 6
7 10
2 5
1 6
4 5
10 9
6 7
3 1
5 5
2 7
4 2
7 6
2 7
8 2
2 2
8 6
4 7
6 3
2 4
6 9
1 4
7 9
1 4
10 10
10 8
4 4
3 10
10 9
3 6
6 2
7 9
3 6
5 7
8 2
3 1
5 6
8 7
6 2
6 10
9 2
4 3
3 7
6 3
10 1
2 2
9 7
3 5
9 9
2 2
9 6
2 7
1 3
10 8
10 3
3 7
3 2
7 10
3 8
4 6
5 3
4 9
4 5
9 9
5 2
5 5
5 7
6 4
4 7
8 6
5 9
5 9
10 3
8 10
10 5
7 3
1 1
9 10
10 8
6 5
7 9
5 8
4 10
8 1
4 7
7 2
3 5
5 2
6 9
6 4
9 8
3 6
4 10
10 1
7 4
6 4
8 9
5 7
1 3
8 1
1 5
6 4
10 8
9 10
4 2
1 3
6 2
4 4
8 4
6 9
9 1
2 10
1 7
3 6
4 3
9 2
4 8
2 10
10 8
9 9
8 7
1 10
1 6
9 4
6 5
1 1
10 1
2 5
8 9
9 2
9 9
4 10
3 8
5 10
4 1
3 6
3 6
1 3
7 5
6 9
7 6
5 5
1 9
1 8
9 4
10 9
1 9
5 7
10 6
6 9
8 10
10 3
5 10
3 10
5 10
4 1
9 1
5 8
5 8
10 5
5 3
8 2
8 8
1 4
7 7
7 6
8 9
10 1
10 6
3 10
9 3
10 3
5 9
9 4
1 6
5 10
1 8
9 10
2 3
1 4
2 4
4 4
9 7
5 2
5 6
3 1
9 4
10 5
2 6
10 4
6 4
1 2
7 10
5 2
1 7
8 1
2 5
10 1
1 5
3 6
10 6
4 2
10 8
3 7
9 3
6 5
2 4
10 6
9 10
9 2
9 6
8 6
7 7
10 7
4 5
7 3
5 6
9 8
6 7
2 3
2 9
9 7
6 9
4 5
2 5
3 8
8 5
9 5
9 6
8 2
8 3
9 5
6 3
10 1
2 1
5 5
5 6
6 10
8 3
6 4
7 3
6 5
3 3
3 1
9 7
2 5
5 3
9 3
7 1
8 3
3 9
3 3
4 2
5 3
10 5
9 8
1 4
9 7
2 5
9 6
5 10
1 4
9 8
8 3
8 5
6 9
6 7
6 6
6 3
4 7
10 10
9 5
9 3
5 4
7 3
4 3
8 9
8 9
9 8
8 9
5 7
9 2
6 2
2 10
2 9
6 1
9 3
5 9
9 2
5 8
5 9
7 10
10 3
2 7
3 4
2 4
2 2
4 7
2 3
4 3
6 1
4 2
6 5
6 4
4 3
10 3
2 1
8 4
7 5
5 7
4 1
3 1
3 6
3 3
4 5
6 2
9 9
4 8
6 1
4 8
2 5
7 10
1 5
10 7
3 7
10 1
8 7
4 2
3 10
4 10
4 9
8 5
5 7
3 3
6 9
8 3
9 7
1 1
9 2
2 10
10 7
7 9
5 9
5 3
9 4
6 1
10 1
7 4
6 6
4 7
1 8
6 9
8 3
2 3
10 4
3 6
7 1
9 4
10 7
4 8
6 7
4 1
4 5
8 2
9 9
9 9
3 6
3 6
8 1
7 7
7 6
5 3
10 10
10 2
3 5
8 3
8 10
1 4
2 5
9 10
9 2
9 7
10 4
5 10
5 5
3 4
7 3
8 1
2 6
6 4
7 9
8 1
4 1
7 1
7 10
1 9
5 7
2 10
6 7
9 3
9 4
5 4
9 1
7 9
8 10
9 10
8 10
6 2
10 6
2 4
2 2
2 7
5 2
2 3
9 6
3 5
6 5
10 2
6 4
6 6
7 7
1 7
3 9
8 7
3 7
6 10
4 9
10 6
2 3
10 9
3 1
4 3
8 8
10 5
6 6
6 10
7 7
6 3
8 8
3 10
10 2
1 1
3 1
9 4
10 3
6 10
7 6
4 8
2 9
8 2
9 9
9 6
4 10
9 6
6 2
1 7
9 8
7 1
8 2
7 1
8 5
2 8
9 9
7 8
7 8
4 7
8 2
7 4
1 5
6 5
7 8
10 1
9 7
2 1
6 5
10 3
7 10
9 7
3 7
1 7
4 4
10 1
7 5
6 7
8 1
7 4
4 5
10 1
1 4
4 7
6 4
6 5
4 5
1 7
5 7
4 9
9 5
4 5
4 4
6 9
8 3
2 6
9 9
10 6
2 4
9 8
4 10
6 8
9 6
3 8
10 4
10 3
4 6
1 5
10 5
6 9
9 7
7 2
9 5
9 8
2 10
8 10
5 7
7 6
2 6
3 8
2 9
2 3
2 3
6 2
7 4
7 3
1 6
8 4
10 2
3 10
4 2
3 9
5 1
7 3
4 5
10 4
4 5
9 5
4 3
6 7
6 8
2 6
6 4
5 3
6 3
10 5
2 7
5 6
8 8
1 1
1 5
6 3
6 2
3 4
7 8
8 3
9 8
4 5
1 1
7 2
4 6
3 3
10 2
9 4
10 7
10 4
9 1
10 2
7 6
1 2
10 6
5 1
3 5
5 2
5 4
3 10
7 5
7 1
2 1
3 7
5 6
4 2
1 10
8 4
9 6
3 4
3 8
1 9
3 3
5 1
8 3
9 3
7 4
7 5
6 3
8 7
2 5
10 9
5 9
8 3
2 7
3 4
6 5
4 2
9 4
10 10
2 3
10 10
1 1
7 5
10 4
3 2
7 4
10 5
5 7
6 1
6 6
10 1
2 7
9 3
7 1
1 5
9 3
2 2
9 1
1 6
8 5
9 3
9 9
2 9
2 8
1 1
3 1
7 7
3 8
5 9
2 9
7 10
5 7
1 4
4 9
5 9
1 3
5 4
4 5
1 7
2 1
3 1
6 9
7 9
8 3
6 6
9 8
6 10
9 5
3 5
6 5
2 1
10 3
5 3
8 2
5 10
2 2
7 7
4 8
2 9
9 1
4 3
7 4
2 4
4 6
4 9
8 2
2 10
2 1
1 6
1 5
6 6
5 2
10 9
8 8
9 10
4 5
1 2
5 8
9 2
4 1
4 1
8 6
4 6
7 4
1 1
1 4
8 1
6 8
5 6
10 4
2 5
9 9
6 5
8 6
10 1
4 8
3 1
5 9
5 4
4 9
9 4
4 6
10 1
6 9
3 7
9 9
2 2
8 2
1 8
8 5
7 7
6 2
4 5
8 1
9 3
7 3
6 3
6 8
6 2
10 2
10 4
3 6
6 9
9 10
8 1
9 6
2 8
7 4
7 6
1 7
1 5
2 10
7 7
6 3
1 1
2 5
1 3
10 5
4 1
7 6
3 5
3 8
8 2
4 8
6 2
1 1
3 4
5 6
6 2
7 7
1 2
7 4
3 7
8 2
8 4
1 3
3 1
3 6
8 7
9 9
5 1
9 10
10 8
7 9
3 7
1 3
8 6
4 7
4 2
1 8
3 7
10 2
5 3
3 3
5 4
7 1
7 5
1 4
3 5
10 8
8 10
10 7
7 8
8 5
5 10
5 4
5 6
10 10
5 1
2 1
10 6
8 8
4 5
2 7
6 3
5 7
3 7
3 10
10 5
3 4
4 9
9 6
5 2
9 6
8 8
4 2
7 2
7 10
1 1
2 7
9 4
5 4
1 1
4 3
4 4
7 7
7 6
9 8
1 7
9 4
1 5
5 8
1 2
4 4
4 7
3 4
10 10
9 5
7 2
10 1
5 7
10 3
9 1
9 3
9 10
4 2
7 5
2 2
4 1
2 9
3 9
8 7
6 3
4 8
3 8
6 6
7 2
4 8
7 9
6 9
8 1
7 7
8 6
9 1
8 4
9 5
2 4
10 5
5 4
10 7
8 2
5 7
10 8
9 6
5 3
8 1
7 6
7 8
10 5
6 7
2 2
5 3
1 3
10 1
6 10
5 8
5 10
6 10
4 4
2 2
3 9
7 8
3 5
7 2
9 10
5 9
5 9
8 6
1 7
4 1
6 3
5 4
9 9
4 4
8 5
5 6
10 9
8 1
8 10
3 8
4 5
8 3
9 8
6 8
3 5
6 3
3 9
2 8
1 2
8 4
3 9
5 3
10 6
2 3
1 4
8 2
4 7
4 5
6 7
3 1
3 5
8 1
9 9
6 1
4 1
3 5
3 10
1 4
9 6
10 8
1 3
7 6
6 8
9 9
2 5
7 1
10 4
3 7
4 9
6 3
10 7
2 2
2 7
8 9
9 5
4 2
5 1
7 2
7 7
1 2
8 9
1 10
3 9
6 10
5 4
8 5
2 2
2 4
7 8
7 8
8 5
10 3
7 2
7 6
2 4
2 5
8 4
9 4
2 9
6 8
7 9
9 8
1 6
9 1
7 10
5 3
8 6
9 4
4 1
2 7
5 4
10 6
1 8
4 10
5 9
1 3
8 6
6 8
3 6
4 5
9 5
6 1
8 5
4 9
8 3
10 4
9 6
3 8
7 7
1 2
4 3
1 7
1 3
6 1
3 10
4 1
1 2
1 4
2 8
4 3
6 9
6 2
5 5
5 10
10 9
7 8
10 10
8 8
7 3
6 9
2 7
2 8
5 1
4 3
2 6
3 1
10 5
6 10
2 2
5 1
8 3
9 8
2 10
1 5
4 5
10 3
1 10
8 3
8 3
5 8
1 6
3 10
6 9
6 4
5 1
6 6
1 7
10 8
4 6
8 8
8 7
2 1
4 7
3 3
6 3
10 5
3 6
6 9
8 10
1 3
2 10
4 6
5 4
9 5
8 3
7 9
7 9
4 3
5 3
8 2
4 4
4 3
2 9
8 8
3 7
5 3
9 3
2 4
9 1
3 7
2 10
2 3
6 10
5 7
1 6
5 9
8 1
8 2
1 3
9 2
10 8
2 7
9 8
7 4
3 2
2 2
4 5
3 4
7 4
6 9
3 1
4 6
9 2
6 4
8 1
1 2
7 5
6 6
6 3
9 10
6 1
7 1
2 9
9 9
4 9
5 4
2 7
9 2
7 1
5 3
1 3
2 3
10 6
2 6
4 8
3 5
1 6
8 4
1 4
10 4
6 9
10 5
3 8
7 10
10 7
6 4
7 3
9 6
7 7
8 2
1 4
9 3
2 5
1 7
10 2
10 8
3 7
10 1
6 6
2 10
4 8
4 3
1 6
1 5
9 6
8 7
2 3
8 1
1 10
9 8
10 5
5 6
5 2
6 6
1 10
1 1
9 5
3 6
5 2
5 3
4 2
4 7
8 5
10 2
7 10
4 3
7 6
6 10
9 1
4 1
8 3
10 7
10 2
10 8
2 5
10 10
9 8
2 8
3 2
2 2
4 8
3 1
5 3
6 5
7 10
2 1
6 2
1 2
4 5
1 2
1 9
1 8
5 4
6 8
8 7
3 10
3 4
5 1
7 9
10 6
5 6
2 10
4 3
1 4
2 8
2 3
8 7
7 3
10 4
3 10
9 4
7 2
8 7
6 10
6 9
9 9
3 7
9 10
3 3
5 1
6 5
3 10
5 5
3 8
1 10
10 3
8 8
4 3
2 1
8 1
8 7
9 3
8 3
8 8
4 3
2 4
3 6
4 8
7 7
8 2
10 6
3 2
2 8
5 7
5 8
6 6
3 8
8 10
4 1
7 4
1 9
3 7
9 7
8 4
3 8
7 4
3 2
2 9
1 6
4 2
10 3
6 4
9 3
9 5
10 8
9 1
6 6
4 1
4 4
9 8
1 5
8 9
9 10
5 9
8 7
4 5
6 10
8 6
3 6
7 5
9 4
7 9
1 2
7 4
6 2
3 5
6 7
9 6
10 1
8 10
5 6
2 8
10 10
8 10
3 2
4 9
4 4
4 5
1 2
10 2
4 6
3 1
10 2
10 4
3 8
6 10
5 8
1 2
2 6
7 3
5 7
8 2
7 5
10 8
2 8
4 7
10 3
3 5
7 4
6 2
10 6
1 3
7 7
2 4
1 5
5 10
8 3
7 9
1 9
2 4
4 5
9 8
9 8
2 5
4 1
4 1
8 3
5 9
3 6
4 6
2 10
8 5
4 9
1 9
5 10
5 10
5 7
5 2
9 3
9 1
5 7
10 2
1 6
3 4
9 2
3 6
8 9
8 2
5 1
8 8
2 1
6 10
3 6
2 8
4 7
1 4
1 10
5 10
1 7
3 3
7 3
8 7
6 10
7 5
7 10
10 6
5 7
9 10
3 7
5 1
9 1
10 7
5 3
7 5
1 4
4 4
10 8
5 3
2 9
2 2
3 1
7 7
3 2
7 8
2 4
6 2
5 8
3 6
2 8
4 7
7 7
4 9
10 7
5 10
2 4
2 8
3 9
5 3
3 4
6 9
5 5
4 1
1 4
10 8
7 4
3 1
8 4
4 1
8 9
2 10
7 10
1 2
8 1
5 3
7 9
3 1
4 5
3 1
1 3
9 5
10 5
6 2
8 10
10 8
2 5
7 8
8 10
8 2
3 3
5 5
10 3
3 3
9 7
1 10
9 9
4 5
4 6
2 10
1 4
1 8
9 9
2 1
5 2
10 2
8 8
7 9
8 1
1 9
2 3
9 6
5 2
6 9
7 9
2 8
7 4
7 4
8 2
6 6
3 1
1 3
2 4
8 4
10 4
7 8
1 1
5 9
3 5
7 9
1 8
10 9
2 8
2 3
1 1
2 3
7 6
10 8
6 7
10 4
7 4
9 5
5 9
10 5
7 2
1 4
5 3
6 9
5 7
8 1
10 9
9 9
4 1
8 3
9 7
5 4
8 8
2 8
2 5
6 7
3 4
9 3
6 4
5 5
8 8
9 10
2 3
3 10
6 2
3 5
8 3
6 1
5 3
6 6
7 3
10 6
5 5
10 2
6 8
4 1
5 2
3 6
8 4
5 1
8 8
8 8
1 1
2 3
9 4
5 7
9 7
4 3
8 3
3 5
5 3
4 8
7 7
9 6
6 9
8 9
4 7
10 1
2 4
3 1
7 7
1 1
7 2
10 1
1 3
6 6
7 1
3 3
4 10
1 9
5 3
6 2
2 7
5 6
3 4
1 9
2 1
5 1
9 10
2 10
6 9
6 5
8 10
7 5
4 10
1 7
3 1
8 4
4 8
10 1
1 10
9 9
8 6
6 1
4 9
7 9
1 9
8 3
4 3
2 7
3 5
6 9
3 10
2 9
5 4
1 7
7 9
10 5
4 6
1 7
9 9
2 2
3 7
9 9
4 5
4 3
5 3
9 3
4 9
2 10
7 8
5 5
7 9
8 1
1 6
6 2
7 2
3 1
7 5
4 5
8 7
3 9
6 6
10 9
7 6
4 1
4 1
10 10
8 2
3 1
6 10
5 6
2 10
4 6
8 4
10 10
3 9
10 9
7 3
7 5
10 8
2 9
5 5
4 8
6 6
9 6
10 3
2 2
5 6
4 3
8 4
3 6
4 5
5 3
7 3
8 2
6 2
2 10
1 1
9 1
4 10
8 6
1 1
3 10
3 10
1 4
8 7
5 3
10 1
10 10
7 7
3 7
3 1
7 6
3 4
5 10
7 4
10 4
1 5
2 10
8 3
5 9
6 1
3 3
2 9
3 8
4 3
2 5
8 9
5 6
2 7
2 10
7 9
1 3
10 9
8 8
3 8
9 4
3 5
6 7
5 4
10 1
1 5
3 2
5 8
7 6
6 9
7 2
4 3
5 4
8 7
8 5
8 8
4 4
7 10
6 5
9 10
1 7
6 7
1 6
5 10
6 9
10 3
2 10
5 10
7 6
2 8
7 8
1 7
8 1
3 10
2 5
7 3
5 7
9 9
5 6
2 10
2 8
2 3
6 1
8 9
1 5
7 7
9 9
8 5
10 2
1 9
6 7
7 9
10 8
1 10
5 7
3 10
8 4
3 1
6 6
5 9
8 4
1 5
2 1
3 9
8 9
1 3
9 2
3 10
2 5
7 6
6 7
3 3
1 5
4 8
4 9
5 7
8 6
4 1
1 4
4 8
2 6
6 6
2 2
2 8
2 8
10 5
1 3
8 8
3 4
8 7
2 4
9 1
9 8
4 6
3 10
8 7
8 8
8 6
6 2
7 1
7 8
5 6
5 6
4 8
4 1
8 6
8 9
9 3
5 6
6 5
2 2
4 9
1 10
8 2
10 3
8 9
9 7
3 8
3 2
8 2
2 3
7 5
5 7
9 5
7 5
5 4
9 2
3 1
2 5
7 1
10 5
8 2
4 1
7 8
8 1
10 3
4 5
4 7
4 7
8 4
2 8
4 1
10 7
10 9
8 4
10 4
1 7
3 7
5 2
2 3
4 5
8 2
5 9
8 9
8 7
8 9
9 3
4 1
9 7
1 3
7 10
8 2
1 10
1 7
4 1
6 7
10 8
3 10
10 8
6 8
9 4
2 1
2 1
5 1
3 1
3 5
7 3
9 5
4 4
6 10
3 7
1 2
9 9
1 5
5 10
6 5
4 6
3 1
4 3
3 8
4 7
4 4
2 4
9 2
1 3
8 8
3 1
2 8
10 9
4 2
5 7
9 8
9 1
4 9
6 4
5 10
5 2
5 8
3 7
5 8
7 3
6 10
3 2
7 7
8 8
9 6
1 9
8 10
10 10
10 10
1 6
10 1
2 1
6 8
1 7
1 3
6 9
5 7
1 7
6 2
2 1
6 5
3 10
4 1
8 7
10 9
9 9
1 3
8 9
8 3
2 1
4 6
6 2
5 4
9 3
6 6
2 2
7 3
1 5
5 8
10 9
8 10
7 4
6 5
2 9
3 1
2 7
4 6
7 6
1 3
8 8
5 6
8 8
2 7
7 4
8 4
10 2
9 9
3 1
6 5
1 2
8 6
6 10
4 4
8 8
6 8
10 4
7 7
8 9
1 8
9 10
5 6
4 8
2 5
2 5
4 2
5 3
5 4
8 7
7 1
3 4
6 2
1 8
2 9
7 7
8 7
8 1
9 9
8 1
2 2
10 8
3 1
6 2
8 1
9 4
3 5
5 7
5 10
5 5
2 6
7 7
10 10
9 10
5 5
9 2
9 4
9 9
10 1
4 9
10 8
3 7
7 2
1 7
5 8
4 7
9 10
5 10
5 4
7 2
8 1
2 1
5 1
8 2
4 4
1 1
2 1
9 9
8 3
3 6
6 6
6 6
9 7
4 2
6 2
3 1
9 4
2 4
3 6
2 9
5 4
2 7
7 9
6 2
4 5
8 6
2 10
6 7
6 8
3 7
7 2
10 10
8 4
3 3
1 8
2 8
6 10
9 1
8 9
5 7
2 2
5 3
2 9
2 5
2 8
7 3
8 9
3 7
7 7
10 1
3 2
4 4
1 2
1 2
8 9
8 1
1 1
7 3
4 10
9 8
9 4
4 2
3 8
1 10
9 1
9 1
8 9
6 5
4 10
1 3
1 6
9 6
2 9
2 1
2 5
8 8
6 5
1 3
6 5
3 5
3 10
4 5
4 8
3 1
1 3
9 9
2 3
7 2
4 3
2 7
8 6
10 10
1 3
4 5
9 6
1 8
4 9
5 5
8 3
10 8
9 4
10 3
10 7
9 10
3 3
6 9
5 5
7 9
5 4
5 7
5 9
7 6
8 6
8 4
7 6
2 6
6 5
8 5
6 6
4 6
7 1
10 6
8 7
1 3
3 3
6 5
4 4
6 8
7 5
10 2
4 5
4 7
9 5
4 10
8 2
4 6
4 5
4 10
8 6
3 8
5 10
2 3
2 6
4 3
1 5
8 9
3 10
8 6
2 6
5 7
8 4
4 8
10 2
4 1
7 10
10 4
4 9
2 6
2 5
2 5
9 5
3 3
6 4
8 3
1 8
3 8
9 1
4 4
5 1
2 5
10 9
9 4
8 4
5 1
3 10
4 7
4 2
7 7
9 1
3 9
3 6
6 1
1 9
3 3
2 7
4 4
6 3
3 1
3 9
5 10
6 10
10 9
8 1
8 5
9 5
1 4
10 7
9 10
5 5
6 7
8 3
5 8
8 1
7 3
1 10
6 10
2 7
5 9
2 9
6 4
2 7
1 4
1 10
6 2
10 5
4 9
6 2
4 9
6 9
4 7
1 8
9 8
6 8
8 10
2 5
10 2
1 8
7 1
4 5
10 9
8 10
4 8
10 5
3 9
1 5
10 9
1 3
6 3
7 10
8 6
3 8
1 5
1 2
9 3
5 6
5 10
3 1
4 8
9 8
6 9
7 6
4 3
4 4
7 4
2 1
8 10
9 9
6 7
9 5
5 1
5 8
6 8
4 1
1 6
6 3
5 5
2 8
9 6
2 2
2 7
2 9
7 8
6 9
7 4
5 10
10 5
1 3
6 2
7 8
3 10
3 1
4 2
7 6
5 4
4 3
7 9
2 3
4 1
6 6
1 5
8 5
8 3
10 6
2 7
1 7
8 1
7 8
6 6
8 8
8 5
2 2
7 4
4 3
9 9
4 3
10 8
4 4
6 3
4 6
6 6
9 5
3 4
1 5
2 7
5 2
1 5
1 8
7 5
1 7
2 7
2 6
9 2
6 2
10 4
8 2
1 4
4 4
4 5
10 1
3 8
10 9
4 1
9 5
4 8
9 10
10 3
3 6
3 9
3 7
1 9
1 10
7 5
6 1
2 8
3 6
8 10
2 3
9 2
9 5
2 4
5 10
10 4
9 9
6 7
10 6
8 5
2 4
6 7
7 3
4 9
1 2
1 5
5 9
4 9
2 8
5 9
9 3
7 9
4 3
4 1
9 6
9 1
8 8
2 8
6 9
1 2
2 3
6 8
3 3
1 10
5 3
1 2
8 5
1 10
10 9
7 4
2 3
6 3
6 10
6 4
9 2
8 2
10 8
6 3
8 3
5 3
5 2
3 4
8 4
1 3
7 7
3 5
9 5
1 5
4 8
6 3
1 3
9 9
5 4
7 6
6 9
8 9
3 5
6 4
6 6
8 6
8 6
3 9
4 2
7 8
6 5
1 3
7 2
7 2
8 9
7 8
2 5
8 8
8 1
9 2
3 5
4 4
6 10
9 7
3 5
1 3
7 1
1 3
3 6
1 1
2 8
4 10
5 9
5 1
3 1
2 9
8 4
1 5
5 1
7 2
6 2
1 6
5 1
8 1
3 7
5 5
3 2
2 3
6 8
5 4
2 3
4 3
3 8
3 5
10 10
3 2
6 4
1 10
8 6
9 6
9 10
4 6
3 6
10 3
7 4
4 8
9 5
7 7
6 4
1 5
7 6
10 4
7 6
8 7
1 5
2 7
9 1
8 10
3 5
5 4
9 4
5 1
6 1
10 10
5 6
1 9
6 9
2 8
4 2
3 8
9 1
6 3
4 2
2 2
2 10
5 9
5 5
9 3
6 9
6 4
5 8
3 1
3 9
5 1
5 5
5 4
6 4
1 7
1 4
6 3
4 9
4 8
4 5
8 1
2 10
6 2
3 7
3 7
7 4
2 3
8 4
9 2
5 7
7 3
10 10
2 1
9 8
6 1
6 8
3 2
2 5
10 2
5 10
6 7
10 10
7 8
5 9
5 3
7 8
2 7
4 6
1 9
3 10
3 5
9 6
4 3
5 7
9 6
1 6
10 9
2 3
9 9
6 5
6 2
4 3
7 4
1 7
10 10
3 9
4 7
9 8
10 7
2 3
5 9
3 7
6 5
2 2
10 6
7 7
6 7
7 10
8 8
1 1
2 3
8 8
1 3
2 10
8 9
10 6
7 9
1 9
4 10
8 3
6 9
4 2
1 1
7 9
5 7
9 4
5 4
3 3
6 3
5 5
3 8
8 7
4 2
6 4
2 8
3 3
9 9
9 1
1 2
5 5
10 2
5 7
10 5
4 8
9 1
2 5
9 5
5 1
1 1
3 2
2 4
6 2
6 6
6 3
9 10
2 1
5 8
6 7
3 6
9 4
5 4
6 10
8 5
1 10
3 6
4 9
2 4
7 4
1 7
3 2
3 9
2 4
1 9
10 9
5 3
5 9
8 7
10 4
4 8
5 1
4 5
4 1
4 7
1 10
3 7
10 7
8 6
7 5
3 2
5 3
9 4
5 3
6 10
5 5
10 10
5 9
6 6
10 8
5 9
7 6
7 8
8 4
7 10
1 10
10 6
10 4
5 2
9 1
7 5
5 8
5 9
9 8
9 5
5 7
4 6
6 8
4 7
3 3
4 7
5 1
2 2
1 4
6 4
7 4
6 8
7 8
7 6
9 4
3 7
4 6
9 3
7 10
4 10
1 5
5 9
6 7
6 10
9 5
4 9
2 2
1 5
9 4
7 10
8 2
4 4
1 4
4 4
4 9
9 1
4 1
6 8
2 2
7 9
4 10
6 9
5 5
1 8
4 4
4 5
3 2
10 3
2 6
4 8
6 3
9 10
1 5
6 10
4 4
1 5
8 7
1 2
3 9
10 5
6 7
4 7
1 5
6 7
4 7
8 4
10 10
8 8
4 3
2 5
5 9
3 1
5 8
4 2
10 2
1 1
3 7
2 4
2 2
10 1
10 9
9 9
4 8
8 4
1 8
1 2
4 6
8 3
10 8
10 10
2 7
7 2
9 6
6 4
5 6
9 1
7 10
1 10
5 5
2 9
4 2
7 3
6 1
2 6
4 7
4 6
7 6
10 1
2 1
3 2
7 9
1 10
1 5
4 6
5 7
3 9
3 7
4 2
4 7
6 10
8 8
3 3
5 3
10 2
4 10
5 2
8 2
3 6
4 5
2 7
4 9
2 10
8 6
1 3
10 8
8 2
3 7
10 7
8 2
8 5
3 4
9 1
8 7
3 8
6 8
8 5
9 4
2 3
7 5
4 1
1 5
10 4
2 7
1 9
3 10
7 5
7 10
9 3
4 9
5 6
2 4
6 7
8 4
2 2
8 8
5 6
4 4
7 3
10 5
3 9
6 8
1 3
10 9
1 4
1 5
9 4
2 5
2 8
6 5
3 4
4 6
8 8
3 7
4 1
8 1
8 8
6 5
9 10
5 4
7 1
10 3
9 8
2 2
2 2
7 1
10 7
1 5
7 5
9 4
2 2
2 8
7 2
7 10
2 7
2 7
5 8
6 5
3 7
2 7
7 2
2 9
10 9
9 1
1 9
3 9
7 4
1 10
5 5
10 9
8 9
5 1
6 5
8 4
2 10
10 7
5 1
4 6
10 4
10 5
9 6
1 2
6 4
10 6
3 10
8 3
5 6
6 6
1 5
7 4
2 9
9 4
1 8
3 4
10 7
5 7
8 9
3 7
1 5
7 2
7 8
2 7
4 6
10 10
9 4
7 8
7 6
6 8
8 1
1 7
4 2
7 2
2 5
5 4
1 6
10 7
6 7
1 6
10 1
10 6
9 5
4 10
7 10
4 4
5 9
2 4
1 1
7 2
8 5
3 4
2 2
9 6
10 5
9 7
2 10
4 10
7 7
4 5
2 7
2 8
4 2
3 8
4 8
6 9
7 4
9 6
6 2
1 3
9 2
5 4
7 2
10 1
2 7
5 6
2 2
5 1
6 7
6 5
10 3
1 4
2 9
6 6
3 2
10 1
4 8
9 3
6 4
6 5
4 1
4 9
10 2
8 2
2 10
8 5
2 10
10 2
8 10
7 10
6 3
9 9
3 4
10 10
7 3
6 3
5 10
10 2
2 2
6 1
9 9
7 2
6 1
8 3
6 3
4 10
1 8
1 3
9 7
5 7
8 9
2 9
7 4
9 1
2 4
9 9
6 5
10 2
9 3
6 8
6 3
7 7
10 4
4 2
6 1
5 3
10 3
8 1
4 10
1 4
8 3
9 5
2 2
2 9
1 5
1 8
1 8
2 2
9 1
1 5
2 4
1 7
1 6
7 4
2 10
8 7
5 1
2 6
6 3
6 2
3 8
7 2
1 1
4 2
5 10
10 10
4 6
5 2
8 8
5 6
5 3
4 2
6 1
2 6
3 8
4 5
3 10
7 5
10 6
6 1
9 4
9 2
6 4
3 10
4 5
7 3
1 8
9 5
4 1
4 9
3 3
9 5
1 6
5 4
8 8
4 2
8 5
2 5
3 6
7 8
2 8
10 2
7 6
8 9
1 2
9 6
4 6
7 3
2 9
10 4
2 3
10 4
6 7
8 5
9 7
9 4
1 8
2 9
4 9
2 4
7 5
4 1
2 6
2 4
9 9
10 6
4 1
1 9
4 7
6 8
8 5
9 5
2 3
7 7
10 10
2 6
6 9
3 2
10 7
6 3
3 8
2 10
4 6
1 8
9 3
1 9
1 3
10 4
4 8
3 1
3 6
4 6
8 4
8 9
9 8
9 6
3 10
9 7
4 9
6 9
2 8
3 8
7 10
4 9
10 10
4 4
9 5
8 1
2 2
5 2
3 10
7 7
4 5
3 10
9 9
4 4
8 2
7 8
7 9
6 2
8 9
1 7
10 3
3 7
3 7
10 1
10 7
7 1
3 7
6 2
4 3
7 5
9 9
7 8
5 7
3 8
2 5
3 1
3 10
6 5
1 6
1 2
8 3
3 10
6 8
5 8
10 1
1 3
1 2
6 4
2 3
9 8
8 6
7 8
7 3
2 2
2 9
9 3
9 6
3 9
8 1
1 4
9 8
2 7
9 7
6 2
8 5
8 4
4 5
9 6
4 2
2 9
3 4
7 7
2 6
5 7
3 3
9 3
8 1
5 5
7 7
8 5
7 7
2 3
8 7
8 7
2 2
7 2
2 8
2 3
7 6
10 9
1 5
8 5
5 1
8 8
1 6
5 1
9 4
3 1
9 4
6 7
3 7
7 3
9 4
7 5
7 4
5 10
1 3
7 1
9 5
8 8
10 9
5 4
10 10
7 6
2 1
2 2
4 5
8 9
1 7
4 4
1 2
4 6
8 8
2 10
5 2
9 2
1 7
6 2
8 6
4 5
2 6
10 1
4 10
3 5
8 10
7 10
2 4
7 7
3 3
5 4
4 5
6 6
7 8
8 4
3 1
2 10
6 8
10 10
1 4
10 4
6 1
10 7
10 6
2 5
6 5
9 2
5 7
1 3
9 6
2 5
10 8
4 1
3 8
2 5
2 7
4 8
7 8
1 7
1 6
4 3
2 10
8 9
10 10
8 2
4 9
6 6
7 5
6 7
7 5
9 9
8 5
5 7
8 9
9 2
4 7
1 1
2 1
2 10
8 1
3 3
6 8
5 10
8 5
10 1
7 6
1 10
9 10
1 2
9 9
7 2
10 5
1 3
3 9
1 8
9 9
4 7
5 2
7 1
3 2
1 1
7 9
1 6
9 3
3 9
8 3
7 3
2 9
3 9
8 7
10 1
4 1
1 1
10 4
2 2
8 6
9 3
8 3
4 7
5 2
6 6
9 2
1 7
9 4
1 3
5 5
1 6
3 3
3 7
7 5
10 9
4 2
8 10
9 6
2 9
4 5
8 10
9 9
3 10
7 5
4 7
6 3
2 7
8 8
10 6
3 3
9 7
9 6
7 10
7 2
7 5
4 5
1 10
7 9
6 9
2 9
3 8
2 5
9 3
6 2
10 2
8 8
3 6
7 7
4 10
4 1
7 1
6 6
3 9
10 3
6 7
4 7
4 1
7 5
10 10
6 2
5 4
3 9
3 4
4 3
7 5
5 4
1 8
8 8
8 9
2 6
6 9
9 5
3 1
3 10
5 6
7 6
2 2
1 10
6 3
3 8
4 6
8 2
10 4
6 7
4 5
2 5
9 10
5 8
7 1
5 5
8 1
3 6
7 9
3 4
5 1
6 2
1 9
6 4
7 4
5 10
9 2
3 6
3 10
4 10
3 6
2 8
4 5
6 2
10 6
1 7
3 2
2 8
2 3
1 1
4 10
6 10
4 6
8 1
7 5
5 4
7 8
2 1
5 3
5 3
4 10
1 3
4 6
5 4
3 6
4 7
10 4
9 7
7 7
5 5
9 5
1 10
5 9
9 7
4 8
5 6
2 10
6 7
4 10
6 1
1 7
7 4
10 6
1 7
3 1
10 10
2 10
6 8
2 4
2 6
10 8
7 4
10 3
6 4
8 3
1 6
9 10
3 6
4 5
8 4
10 3
9 2
8 4
2 9
4 2
2 1
5 4
7 3
5 10
2 9
3 6
3 4
3 3
10 2
3 2
9 2
4 6
2 9
4 4
5 4
5 5
10 9
10 4
4 4
10 1
3 8
5 6
8 9
10 3
7 6
8 10
9 2
3 9
7 4
5 6
4 5
3 6
6 6
3 2
10 3
4 4
8 3
9 10
7 6
7 7
5 2
9 7
2 8
2 3
8 1
7 10
1 2
7 9
7 4
3 1
2 8
9 9
2 8
1 6
1 8
1 8
1 7
8 3
10 2
3 5
8 2
5 4
1 1
5 7
6 10
8 8
1 1
5 7
8 1
8 7
10 4
3 6
6 2
5 2
6 8
2 10
3 6
4 4
3 4
7 8
8 1
9 3
9 6
9 4
10 4
7 7
7 8
10 3
4 7
3 7
5 5
6 3
10 6
8 6
8 4
3 10
5 10
10 7
8 4
1 10
5 5
3 2
6 2
4 2
8 9
7 10
7 2
6 10
3 4
1 2
2 9
2 8
2 2
2 8
1 9
5 1
3 4
7 5
9 8
3 8
9 6
9 4
10 6
7 9
4 7
9 9
10 6
8 6
10 9
1 1
7 6
1 3
7 6
5 10
8 6
8 8
6 10
9 4
3 6
10 2
3 4
7 1
6 9
6 4
1 9
1 6
9 9
2 4
8 10
10 6
1 7
4 1
1 3
8 6
3 10
3 9
5 4
8 8
6 9
9 9
5 6
3 6
4 4
7 6
10 3
7 9
8 2
7 9
6 3
7 5
8 3
7 5
5 9
6 1
4 5
7 9
10 5
1 8
9 8
1 5
10 3
4 5
10 8
10 9
8 2
7 1
7 6
4 7
7 9
3 10
1 5
8 7
4 3
6 5
6 8
9 7
9 7
6 8
4 3
7 5
9 10
9 10
5 7
7 6
4 3
6 5
9 2
7 3
7 2
1 9
2 5
10 10
1 6
2 9
7 9
4 1
2 5
6 6
2 3
5 10
2 2
3 2
1 3
3 8
4 2
3 2
5 5
4 7
3 2
6 7
9 7
9 3
5 9
2 6
3 5
10 2
5 8
7 6
8 4
9 2
2 10
6 4
7 10
6 5
5 5
8 10
9 4
6 4
5 5
4 4
5 4
9 5
3 4
10 5
10 10
10 2
2 6
9 8
4 3
8 6
3 7
7 10
4 5
5 1
6 2
5 8
1 9
9 8
6 10
9 4
2 3
6 1
7 9
2 4
6 8
3 4
5 8
2 5
4 2
2 6
6 2
2 8
7 6
7 3
6 9
10 6
7 8
2 5
7 2
5 1
5 1
9 5
9 3
9 10
3 1
2 8
6 1
2 1
6 9
9 9
3 5
5 5
6 3
9 9
5 2
6 1
4 3
8 5
7 4
6 4
7 1
5 1
6 3
7 10
10 5
3 6
9 8
2 6
1 4
5 8
9 7
2 4
10 6
1 1
7 9
4 7
7 1
8 6
8 7
9 10
5 8
6 2
5 4
6 9
10 2
5 2
6 10
6 10
3 4
10 10
5 4
7 10
7 3
8 7
10 6
4 1
3 2
3 10
6 9
7 4
4 9
9 6
10 6
2 1
10 8
2 5
9 6
2 5
5 6
7 5
5 1
8 7
8 8
2 9
10 4
7 8
2 2
6 8
7 6
4 5
4 2
4 5
4 10
6 7
1 8
9 6
4 4
1 9
5 7
1 1
8 10
8 9
6 3
3 4
3 7
7 3
8 8
8 5
8 3
6 9
1 7
7 9
4 1
8 10
4 5
2 1
7 3
9 1
9 6
10 9
10 5
3 4
9 4
3 10
3 10
1 5
5 1
4 9
2 1
10 6
6 5
4 2
8 7
4 5
1 5
6 7
10 8
10 9
1 3
5 7
3 6
1 4
5 10
3 4
3 1
2 5
5 4
9 5
5 7
2 2
1 6
2 6
6 6
1 1
9 2
8 8
10 5
1 1
8 6
3 9
9 3
2 4
9 10
8 6
5 5
8 8
9 8
6 9
9 7
2 2
4 9
6 1
4 3
5 3
2 8
6 9
3 3
4 8
2 8
5 1
1 1
4 3
8 1
4 2
6 8
2 10
7 3
5 3
7 2
10 3
2 10
5 9
1 6
4 10
18 16 82
20 11 87
14 17 68
18 19 53
19 10 91
16 17 61
14 14 92
18 11 63
19 15 58
16 10 54
12 15 50
13 20 81
10 19 93
12 18 62
10 14 75
17 14 67
13 20 52
16 18 75
18 16 68
16 19 80
11 11 94
13 14 59
17 20 97
19 15 89
19 13 72
19 10 89
13 19 93
19 11 91
12 20 81
18 17 81
16 20 86
14 15 70
12 16 98
10 10 96
15 20 58
18 13 50
12 11 94
13 17 64
15 10 85
16 14 66
14 12 61
10 10 81
20 18 72
10 19 60
18 12 72
16 11 62
13 13 75
17 11 73
14 15 65
14 14 85
13 15 80
19 13 100
10 16 79
16 13 80
11 11 69
14 10 64
14 18 96
11 16 52
18 13 75
12 12 79
19 16 74
19 19 100
17 16 54
10 10 64
11 17 74
12 18 68
17 17 66
11 17 61
12 14 92
16 10 83
20 20 69
14 16 51
19 19 69
15 17 93
14 17 90
20 20 72
14 12 82
20 18 68
14 16 97
18 19 75
11 16 98
11 15 76
16 13 89
14 10 55
16 18 81
12 12 81
12 12 72
11 16 92
14 15 75
19 20 100
12 18 56
10 15 92
11 20 87
19 10 66
16 10 56
15 11 83
14 19 96
19 12 87
17 17 70
20 19 61
17 16 78
14 10 63
19 17 65
12 15 67
19 12 95
10 12 66
14 10 52
18 19 89
11 11 66
13 16 82
10 13 56
19 12 62
12 20 71
16 11 57
19 19 96
11 17 53
20 13 83
18 15 88
17 15 55
13 11 90
10 18 81
14 14 63
18 19 75
19 17 72
19 11 92
18 11 56
10 19 96
12 11 97
10 16 67
16 16 63
13 18 89
14 14 81
11 10 54
11 14 95
19 19 62
12 20 75
17 19 65
18 11 73
20 11 62
19 20 93
10 10 63
12 19 100
15 12 82
12 11 79
14 18 94
20 13 71
11 13 70
13 13 68
13 19 54
17 15 70
11 16 62
18 11 52
18 10 86
18 12 78
14 15 67
16 20 77
16 16 60
11 11 81
13 13 88
10 19 88
16 15 79
13 10 60
12 11 68
13 10 100
16 18 76
13 16 98
10 17 63
18 12 59
14 10 92
16 12 63
17 13 51
15 16 92
11 11 54
18 18 50
11 10 64
17 14 70
17 10 62
11 12 94
17 10 83
15 15 89
16 15 88
15 15 75
10 13 77
17 12 77
12 20 100
12 15 90
17 18 78
14 12 73
12 13 93
11 10 61
20 10 97
14 15 93
17 10 63
18 14 84
11 10 62
12 13 57
16 16 76
16 11 85
17 13 56
16 13 64
20 16 68
17 15 64
18 12 76
18 11 60
12 17 72
20 16 53
11 14 78
18 11 64
12 10 75
12 12 97
19 15 93
11 16 74
10 13 89
12 18 87
13 16 80
20 10 93
17 19 85
19 14 86
18 16 84
12 10 87
13 15 77
10 11 82
19 15 60
14 15 53
14 15 93
16 12 85
14 16 95
18 17 54
18 18 71
20 19 91
17 10 53
14 17 51
19 19 69
13 13 51
11 15 74
14 10 58
10 13 78
19 20 78
17 12 83
10 15 73
13 17 100
19 12 57
12 14 75
17 14 51
20 10 87
17 12 74
11 18 99
15 17 95
11 15 50
18 10 87
20 10 71
18 20 53
14 20 80
14 14 58
13 14 88
12 12 85
17 11 85
13 18 67
16 19 84
14 12 86
14 18 82
10 18 58
17 14 69
15 10 99
11 13 89
13 16 86
15 19 74
14 16 95
17 13 70
16 15 95
15 19 61
10 15 66
16 15 80
11 18 62
20 18 63
19 11 65
11 12 93
12 19 74
14 20 92
11 12 92
11 20 53
18 18 93
12 20 59
12 14 97
20 10 56
20 10 73
11 10 51
17 18 86
14 20 72
16 19 100
13 18 93
20 17 68
10 20 99
18 17 58
20 13 80
14 12 53
19 10 85
14 20 72
17 14 55
19 17 92
12 19 81
15 19 63
18 20 93
11 11 95
18 11 72
16 10 74
11 20 89
18 10 78
10 12 91
14 12 84
12 15 78
20 13 56
16 13 81
13 16 88
20 19 65
19 12 51
20 18 52
12 16 72
11 10 83
10 18 78
17 17 92
20 11 98
11 11 92
13 15 74
17 17 55
17 19 93
18 19 86
13 20 61
14 18 52
15 10 57
20 13 64
16 13 94
13 18 62
19 18 80
10 12 74
14 12 96
18 11 88
10 17 88
12 20 93
20 15 75
16 14 94
12 20 97
20 11 90
15 11 81
10 16 71
10 14 79
15 15 60
11 17 50
20 15 77
11 10 92
19 13 73
13 19 80
18 17 98
17 20 75
20 16 86
17 19 86
16 12 50
10 15 96
18 12 50
19 16 90
13 11 62
10 16 85
20 18 65
12 11 50
11 15 54
14 17 57
19 18 84
12 19 83
10 12 70
19 17 66
20 15 63
16 10 57
10 15 72
11 15 77
20 11 78
15 15 92
11 16 65
12 20 84
20 14 66
11 11 78
12 19 75
13 19 57
10 15 57
10 18 93
13 10 76
13 17 90
12 14 84
17 20 61
10 13 69
13 20 69
13 13 90
19 14 59
16 13 88
18 13 73
15 17 98
16 11 51
20 11 58
14 14 62
19 15 64
12 20 69
17 16 53
18 16 80
18 19 90
17 11 56
14 11 64
15 17 53
18 15 57
10 15 52
13 17 52
18 11 51
11 16 84
10 12 61
20 11 73
10 19 95
10 12 80
17 20 67
12 14 72
10 11 78
19 13 81
11 14 87
16 16 56
12 12 56
20 13 67
15 20 53
14 14 51
16 19 62
10 14 54
14 19 72
17 19 76
14 13 62
19 15 87
19 16 92
14 17 77
16 18 52
11 16 88
10 20 83
18 19 74
10 20 57
15 14 88
15 20 85
18 15 94
11 20 94
18 17 54
17 19 79
11 13 99
12 15 81
16 15 100
14 14 64
19 20 99
13 19 67
19 10 61
17 16 68
16 19 96
20 11 69
19 11 91
13 11 72
19 13 85
20 14 77
19 12 82
10 19 80
10 15 56
19 20 85
17 13 57
17 19 53
15 16 87
10 11 93
18 12 85
13 15 51
13 10 80
10 11 58
19 20 89
17 17 59
14 19 52
18 19 100
13 14 68
20 11 91
10 15 81
18 11 54
18 14 88
16 18 85
18 18 99
14 14 74
20 15 79
16 15 54
15 12 80
14 16 88
10 14 76
17 19 90
10 17 73
11 10 74
15 12 76
18 12 98
16 19 63
13 20 87
13 15 68
18 14 91
19 18 76
12 13 56
19 13 79
18 16 61
10 19 80
13 16 75
12 13 53
15 11 65
20 17 57
12 19 94
17 18 94
14 16 94
17 16 65
13 11 62
10 19 85
10 15 95
12 14 70
11 20 100
12 12 82
14 12 79
17 13 98
20 19 76
16 10 100
17 16 89
15 14 87
17 10 81
19 14 56
13 17 62
20 14 96
14 20 52
20 10 77
19 12 78
20 20 62
16 10 74
11 13 98
16 19 72
10 11 68
17 18 55
19 14 73
13 18 76
20 18 77
19 11 70
12 11 83
14 20 55
18 20 68
20 14 86
13 20 55
20 17 82
20 13 63
18 15 54
19 13 83
14 13 75
19 15 96
14 11 55
17 18 70
14 20 75
18 10 94
18 12 96
12 19 60
10 13 69
11 17 58
17 10 91
15 18 84
10 16 78
14 15 60
20 11 61
11 20 66
13 17 73
16 15 62
14 20 99
16 10 62
12 10 85
13 14 50
17 10 79
11 19 55
15 12 69
12 14 74
10 14 86
14 19 70
19 10 90
16 10 65
16 14 98
16 16 51
12 12 84
18 13 62
10 19 75
16 11 77
16 13 65
18 10 68
10 17 64
12 17 76
14 12 96
18 17 77
20 12 63
17 20 89
14 19 77
14 12 85
13 18 97
13 19 55
19 19 94
14 17 74
12 15 60
17 18 94
20 18 62
16 11 65
19 13 83
14 17 91
20 12 98
18 18 76
11 11 94
10 15 94
14 18 55
14 13 97
19 10 76
15 19 89
19 11 80
15 18 92
18 11 96
13 20 91
10 13 69
14 19 96
12 17 50
16 20 54
18 13 97
13 16 92
13 11 65
15 12 87
15 18 66
11 19 86
16 16 82
17 19 72
10 10 55
12 15 80
20 14 73
18 20 80
13 11 52
11 19 62
14 16 50
15 11 56
10 12 72
17 17 54
10 16 64
13 10 82
14 17 98
11 11 71
15 15 85
10 12 84
14 14 51
10 14 82
19 13 75
20 15 75
12 18 97
18 19 60
17 19 81
13 12 81
19 12 100
20 19 92
20 15 59
19 13 66
14 17 80
11 17 86
16 11 85
13 18 82
11 19 91
12 11 100
20 13 72
14 16 53
20 15 83
20 17 69
20 16 51
11 12 78
18 15 80
12 19 63
18 16 76
17 20 64
13 12 96
15 17 54
10 17 99
15 12 64
10 13 92
10 10 82
11 18 65
20 14 65
17 18 94
15 10 77
12 13 59
19 13 94
13 17 58
10 11 100
17 10 79
12 18 99
19 13 81
15 15 63
13 14 53
18 10 70
20 11 78
12 20 61
20 11 71
15 10 92
14 12 93
11 10 54
10 17 63
17 10 94
14 18 70
13 11 59
20 15 61
17 10 53
17 11 80
10 13 69
19 18 99
20 18 96
10 11 73
15 14 65
16 12 70
15 14 83
19 12 61
12 13 90
13 10 83
12 16 61
12 16 53
20 15 50
13 14 89
18 15 69
20 14 81
15 14 56
18 10 75
10 11 85
20 20 77
18 17 84
10 10 64
12 17 88
19 12 100
15 14 56
19 20 66
11 17 51
17 17 54
18 12 99
20 11 72
15 12 72
16 15 87
19 16 66
18 19 64
12 18 79
12 13 62
15 17 93
14 19 69
13 20 91
20 18 63
18 13 94
12 10 57
11 17 75
17 20 69
16 16 92
14 16 80
13 16 95
11 11 73
12 15 77
19 11 95
12 12 92
12 18 90
13 12 68
15 10 73
17 11 50
20 17 83
15 13 55
14 17 57
12 20 85
20 14 92
20 20 68
18 13 94
12 18 78
16 11 60
10 19 88
19 17 57
13 11 99
12 11 76
14 10 63
14 18 85
18 18 89
18 15 82
14 16 92
12 12 90
18 17 55
12 16 78
17 11 76
19 20 93
18 18 65
13 20 99
13 19 99
16 18 84
19 20 98
15 19 79
12 14 85
16 15 67
10 17 84
12 13 76
17 12 60
20 10 82
18 10 74
17 14 84
19 20 54
20 13 73
15 12 79
14 12 79
12 14 89
11 14 80
17 17 57
12 16 91
19 10 92
16 11 51
18 17 90
15 11 88
14 20 71
13 13 93
14 13 55
12 15 59
15 16 65
10 19 72
13 11 97
13 13 56
11 14 68
19 11 66
10 12 91
11 14 93
18 17 82
11 20 54
17 11 95
19 17 92
14 17 81
19 16 70
14 20 59
12 15 87
11 19 88
11 12 58
14 16 68
15 14 80
18 18 74
14 20 100
12 15 97
16 16 75
17 11 57
13 13 51
12 18 74
12 13 52
12 13 72
18 14 76
20 14 54
20 15 85
11 11 88
19 10 72
18 17 58
19 11 50
18 20 67
18 14 94
18 20 82
15 17 99
18 20 97
20 12 99
19 11 82
15 10 62
13 17 69
20 15 84
12 17 68
18 16 66
12 15 85
10 12 56
15 13 63
15 10 64
14 14 92
16 19 50
14 10 89
20 15 69
12 10 81
17 10 97
11 17 80
20 20 57
10 10 56
20 18 68
17 11 75
19 16 85
18 16 65
16 18 94
14 10 55
17 10 50
18 10 57
13 11 50
16 17 84
16 18 86
10 13 76
18 12 90
10 11 93
19 16 96
11 13 72
14 17 98
19 13 76
17 13 93
10 13 59
11 14 80
15 13 54
16 16 94
14 16 68
16 12 77
12 17 51
10 17 93
19 14 85
17 17 91
12 12 91
11 11 55
11 13 50
19 16 76
18 10 75
16 20 78
14 14 99
17 12 51
18 17 91
20 15 60
12 14 52
16 17 93
16 14 67
12 20 72
13 10 83
11 17 87
10 13 84
10 10 97
11 10 100
19 13 83
10 20 57
17 13 61
20 19 82
19 15 92
17 18 69
17 20 85
11 10 60
10 15 87
15 13 50
19 15 77
16 12 79
18 16 95
12 12 93
10 19 67
11 19 61
18 13 54
10 13 54
17 20 100
17 13 90
20 10 78
18 15 57
10 10 90
16 13 99
12 18 94
11 19 70
16 13 59
17 20 78
13 10 82
13 13 80
13 18 98
10 10 65
15 18 87
11 17 80
13 20 74
14 18 72
20 19 52
11 18 58
12 17 64
13 14 76
16 12 77
18 10 78
18 12 97
13 18 100
18 13 64
12 20 75
13 16 53
18 14 91
15 17 94
11 17 74
12 19 89
16 20 52
11 18 64
18 15 70
14 10 82
11 16 61
13 12 70
15 11 76
18 15 51
12 10 82
16 10 91
15 12 78
13 11 73
16 11 88
11 18 77
15 14 83
14 19 73
15 17 87
19 15 62
19 10 73
16 10 89
16 13 68
12 14 61
12 12 98
19 19 77
14 13 82
19 15 86
15 18 83
11 10 80
17 10 66
20 15 92
20 15 97
17 11 93
12 12 99
14 11 95
11 20 82
14 20 91
19 14 83
20 18 81
11 10 68
10 13 82
13 20 53
15 11 100
10 18 75
11 19 77
12 14 71
15 13 77
19 20 86
13 17 59
16 11 54
20 19 79
15 10 100
12 14 76
19 17 85
10 12 62
11 19 68
10 11 58
18 14 98
20 18 95
20 17 94
16 17 99
18 14 72
18 12 50
16 14 95
14 19 92
20 20 61
15 13 69
11 17 62
10 13 52
11 17 97
13 13 91
16 10 66
17 10 66
15 14 63
15 19 71
13 11 67
18 18 54
18 17 89
10 13 94
16 18 95
12 20 80
17 18 75
14 17 64
18 13 98
19 11 81
11 13 75
16 17 88
13 15 58
20 17 59
14 15 62
15 18 50
16 10 94
12 19 97
10 18 52
19 17 75
13 20 79
16 16 92
11 14 78
11 16 84
10 12 83
17 14 53
17 15 86
16 17 91
13 20 91
12 11 52
17 14 67
16 19 81
10 19 57
17 14 83
14 11 62
20 16 59
18 11 62
11 12 53
20 18 76
12 18 72
18 15 87
13 19 81
14 10 95
20 14 72
19 15 57
19 15 86
17 11 92
18 10 71
11 12 78
15 15 70
12 11 93
13 13 65
20 11 92
10 10 95
12 10 98
17 16 71
14 18 97
12 13 98
12 20 67
13 10 50
10 15 77
18 15 60
15 20 52
18 10 99
20 19 87
17 10 82
16 10 95
17 11 90
18 13 80
14 16 69
18 15 86
18 20 57
12 19 91
20 17 76
20 18 60
18 20 94
15 14 74
18 18 54
10 10 72
16 17 83
11 17 60
19 17 91
16 13 90
11 17 62
17 12 79
12 11 88
17 13 54
14 12 76
17 12 71
20 15 75
11 11 90
18 18 78
12 18 71
15 14 51
12 10 74
19 19 94
18 20 83
10 18 51
20 19 84
17 18 68
17 16 82
11 14 73
16 10 62
20 20 99
14 14 83
12 10 85
19 13 68
19 19 50
15 14 74
15 17 66
10 14 92
19 10 55
18 14 73
11 16 60
19 20 67
12 16 52
13 20 61
13 20 85
18 13 59
14 18 85
11 11 75
15 16 81
14 12 86
19 16 60
14 10 84
10 19 63
18 18 94
12 15 86
12 10 83
12 16 79
12 19 54
19 13 86
16 17 53
15 10 54
18 20 57
20 15 62
18 10 83
15 19 81
11 20 60
13 12 65
15 14 89
17 20 80
17 13 56
16 10 83
10 14 62
12 11 56
17 16 71
10 13 60
20 15 97
16 11 88
12 11 63
20 15 59
18 17 64
19 20 94
11 19 72
14 11 68
18 16 52
20 14 95
16 19 78
13 10 59
14 10 69
14 13 89
10 18 89
12 18 71
20 20 58
13 16 94
12 19 78
15 12 87
18 12 75
10 15 100
20 11 50
20 18 51
10 11 97
18 16 72
17 10 99
10 17 50
18 11 80
17 14 97
18 20 83
10 15 75
11 19 84
19 15 79
14 10 79
15 14 59
20 16 94
11 10 63
20 12 68
10 12 77
17 11 68
10 10 98
18 13 87
15 15 90
13 18 66
19 10 53
20 16 69
11 19 74
11 12 78
20 13 91
15 19 75
17 12 100
13 19 71
11 15 68
12 14 51
18 16 63
17 12 99
19 10 84
10 19 75
20 15 56
10 19 67
15 12 72
13 13 62
20 12 93
12 14 55
11 20 92
19 15 89
15 20 81
18 19 74
11 13 67
12 20 73
14 16 100
11 11 65
15 18 70
19 19 76
10 19 89
14 12 67
12 10 89
20 20 95
16 10 81
13 13 68
10 19 54
13 10 73
20 19 81
14 17 54
11 15 62
19 20 88
17 18 67
14 18 51
16 10 61
10 10 77
18 18 96
20 10 85
12 18 86
15 14 67
16 15 51
10 13 80
17 20 100
13 13 62
13 18 53
13 16 51
17 19 82
17 11 57
13 11 64
12 12 79
19 14 62
19 16 61
18 20 92
14 12 67
12 17 59
20 20 57
18 10 86
11 12 98
16 16 90
18 10 82
20 13 51
18 16 88
13 15 54
16 11 100
12 10 90
15 16 89
15 18 95
13 16 53
14 17 100
12 16 63
13 12 69
19 19 55
15 18 84
19 16 91
14 13 69
12 14 87
12 13 80
14 20 88
17 16 70
16 14 67
15 20 77
14 11 73
13 10 81
16 11 66
20 16 76
14 11 53
11 13 85
13 10 91
20 13 70
17 17 55
14 16 54
11 16 55
20 11 86
13 18 58
15 15 55
19 12 97
11 11 54
13 17 55
13 15 100
18 11 70
13 11 90
13 18 62
15 16 68
16 12 97
10 19 66
19 19 58
13 19 90
17 10 76
12 11 91
11 15 61
10 20 89
19 15 50
11 16 61
11 17 59
15 12 93
18 16 63
14 15 85
14 12 65
15 18 61
16 16 64
14 18 81
14 16 73
17 16 81
11 14 61
12 19 55
11 11 85
16 16 74
17 13 68
17 12 95
18 13 95
17 19 53
12 12 74
17 19 97
11 19 57
17 18 99
18 17 95
13 14 79
17 17 81
14 10 89
15 15 92
19 12 85
20 20 58
17 13 76
17 19 83
19 19 61
14 17 66
14 11 62
16 18 54
12 20 66
10 16 79
17 19 75
18 12 64
15 17 54
13 18 88
13 17 85
16 19 81
19 12 69
12 11 68
16 20 79
18 12 72
14 15 94
20 15 87
18 20 68
13 14 65
17 17 78
12 19 52
12 16 96
18 17 50
16 19 89
11 11 64
11 12 76
12 14 89
20 10 58
13 19 53
13 11 64
10 10 95
14 14 81
16 13 72
18 19 50
19 16 61
19 18 55
15 10 79
11 19 58
13 19 95
18 19 56
19 10 79
20 10 76
12 14 79
15 15 71
14 20 87
13 10 90
20 14 95
18 15 86
19 17 73
16 10 95
15 13 92
12 10 55
16 19 70
17 15 74
14 19 61
13 10 73
18 10 64
18 10 89
17 17 67
18 11 61
12 17 73
20 19 70
13 10 79
15 15 51
16 13 57
20 20 85
18 14 96
10 19 73
19 19 93
13 17 90
18 18 80
18 11 100
15 11 86
18 17 91
18 16 65
10 17 92
14 18 79
13 18 96
10 19 61
16 10 59
14 17 92
14 20 61
12 14 55
17 20 52
19 17 82
15 20 80
16 17 53
19 15 91
14 12 91
16 20 80
15 18 64
20 16 52
16 19 62
16 12 72
11 13 86
18 15 84
19 10 86
14 10 68
12 13 71
12 12 66
12 12 64
13 10 98
12 18 89
15 18 76
19 19 72
12 15 92
14 13 79
10 18 87
13 11 50
12 13 73
18 20 53
13 10 99
14 10 97
18 19 92
20 15 60
12 14 53
14 16 68
13 16 87
12 11 61
14 14 73
11 15 62
19 13 72
15 15 83
17 10 100
20 10 94
12 14 71
13 20 70
17 12 69
18 10 62
12 15 64
15 11 71
17 13 89
14 17 55
16 12 61
13 17 68
20 12 90
20 18 86
15 12 98
13 19 74
10 11 83
10 18 76
15 20 63
20 12 67
16 18 76
10 17 80
16 12 60
11 19 54
20 11 99
18 10 71
19 18 88
20 20 55
19 14 78
10 14 96
15 16 53
15 13 84
10 20 98
15 19 90
18 12 54
14 13 79
13 17 76
20 11 59
13 14 62
14 19 50
20 11 85
14 20 94
20 14 82
12 12 86
13 16 66
20 20 62
17 14 69
17 11 71
16 15 96
16 13 73
10 12 64
13 14 99
17 17 63
13 18 89
11 19 56
11 13 56
17 11 60
10 16 62
19 11 83
11 14 86
11 15 73
17 14 78
13 17 63
13 13 66
17 10 92
16 19 81
13 11 89
12 13 84
12 13 53
18 14 61
20 13 99
20 16 84
20 14 70
12 16 69
16 15 64
13 14 67
12 16 82
15 19 89
18 13 77
12 13 71
19 13 98
19 12 93
13 20 67
15 20 76
20 20 95
20 13 66
18 13 78
11 12 81
18 19 88
14 15 92
14 13 55
10 15 65
10 12 63
12 19 77
10 11 93
18 16 93
19 12 67
13 19 82
18 19 93
17 17 74
12 20 54
18 17 92
11 14 92
19 10 75
16 15 78
17 15 90
11 16 93
16 13 87
10 16 58
12 13 74
10 18 56
10 18 52
10 14 98
13 19 59
13 14 93
13 15 93
10 18 77
14 14 93
13 17 62
19 11 53
14 17 69
12 12 61
11 13 51
13 12 55
17 11 52
15 13 68
12 15 75
18 10 52
14 11 66
17 19 91
11 12 95
20 13 80
16 11 63
16 14 66
20 12 83
11 12 70
15 18 94
12 18 77
17 17 96
17 15 73
11 15 63
20 15 89
11 19 78
13 16 81
12 19 92
15 20 95
19 13 65
11 17 50
13 15 92
