550 1100
10 6
2 9
4 8
6 2
5 5
9 6
5 3
1 5
3 7
7 10
6 4
4 9
8 2
1 1
7 6
4 10
10 7
2 10
7 6
3 6
1 6
5 7
7 6
6 4
10 1
6 9
3 4
2 1
4 6
9 4
3 9
5 1
7 4
2 6
6 2
2 1
10 2
3 5
2 3
8 3
6 6
4 2
3 8
8 2
9 7
7 3
8 6
9 1
3 4
7 4
7 6
10 7
9 9
3 2
7 2
10 6
2 3
10 10
1 10
6 3
7 5
4 2
4 1
9 7
8 4
3 1
4 8
1 6
6 8
3 6
9 10
4 1
7 6
7 10
5 10
4 3
6 5
5 1
5 1
6 9
9 8
7 10
3 5
4 5
9 6
2 9
1 4
10 4
4 2
7 3
10 6
9 4
9 1
4 9
3 4
2 3
9 6
6 9
10 7
8 10
1 3
1 8
2 4
4 10
2 8
7 9
7 3
10 5
4 3
5 1
6 9
5 8
4 7
1 10
5 5
5 4
3 8
8 2
3 3
7 5
6 6
6 3
2 2
2 3
8 7
7 6
1 2
8 9
1 1
4 5
4 2
2 1
7 4
8 6
8 8
9 1
4 7
9 6
3 2
7 6
8 2
4 1
7 4
3 2
4 6
10 8
1 3
2 10
7 9
8 2
3 6
3 5
3 6
8 3
9 5
9 1
1 6
10 3
3 9
6 2
7 7
6 1
3 2
10 9
3 2
6 6
7 7
3 7
3 6
1 3
4 4
5 4
1 9
1 9
7 4
4 4
3 9
7 8
9 2
3 6
1 7
1 1
8 7
9 5
10 2
2 6
10 1
5 5
8 4
3 1
3 7
10 7
7 4
2 6
6 4
2 9
4 7
3 6
6 1
4 3
4 8
10 7
7 4
5 10
4 5
10 3
3 10
9 3
2 4
2 3
6 5
8 7
9 10
9 1
4 8
8 1
6 9
3 1
6 4
10 10
10 8
1 6
8 2
5 5
6 6
1 7
9 6
2 2
10 6
8 4
3 5
5 3
4 3
1 6
8 9
9 10
7 6
6 6
2 2
7 3
7 2
10 1
3 7
10 7
7 1
6 6
2 10
5 3
10 6
5 10
2 5
7 1
3 3
2 7
3 2
4 3
5 1
1 6
2 6
2 1
10 7
8 4
1 4
2 1
2 10
5 2
1 5
8 3
8 4
1 5
9 2
10 5
10 1
9 4
2 6
6 6
9 9
7 8
5 6
3 9
3 1
5 5
6 8
9 1
6 2
1 8
6 1
6 7
3 5
7 3
6 8
1 8
9 1
1 10
1 7
4 6
4 1
9 10
8 7
3 1
2 3
4 2
7 5
4 1
10 1
2 9
2 4
8 2
3 3
1 9
10 2
2 9
8 6
6 8
10 9
9 5
5 8
1 8
2 7
2 10
4 4
2 8
9 1
7 1
4 7
7 5
1 2
8 2
9 3
5 3
8 2
8 6
3 4
7 1
3 10
1 5
2 7
9 8
1 6
6 2
8 4
4 5
3 3
5 4
10 5
6 1
5 2
3 1
2 8
1 10
1 9
6 9
5 3
7 1
4 1
3 6
5 5
1 8
5 5
9 5
3 1
3 9
6 1
2 5
2 9
3 4
1 3
2 10
7 4
10 5
4 5
3 10
9 7
6 8
1 3
4 8
6 1
3 3
5 6
5 9
2 8
1 8
5 6
1 6
2 7
9 2
5 8
3 8
10 4
4 4
5 8
3 7
8 6
3 7
3 8
5 1
8 9
5 5
6 5
8 6
7 2
2 7
3 2
8 8
6 9
5 10
8 9
1 5
3 1
3 7
4 9
4 9
3 3
3 9
8 5
1 5
6 2
8 8
1 7
4 3
3 6
3 5
9 4
5 9
1 10
2 2
6 2
7 10
4 8
8 6
6 8
6 6
4 3
10 2
7 1
5 7
3 9
8 8
1 6
7 7
4 10
2 8
3 10
5 5
7 3
5 9
6 1
1 9
9 4
3 4
5 2
1 9
8 2
2 10
3 5
5 8
6 4
3 2
5 9
6 4
9 10
6 3
1 3
1 9
6 9
1 7
2 8
10 10
10 4
7 6
5 6
6 3
9 3
9 3
6 1
6 9
4 7
7 9
5 6
6 10
10 2
6 1
9 9
3 9
10 1
3 1
1 1
7 1
6 7
4 1
5 9
4 1
2 5
4 3
5 1
2 9
10 5
7 6
3 8
4 5
5 1
10 1
10 8
9 6
2 4
2 5
6 6
8 7
9 3
2 1
10 8
1 9
8 8
9 7
7 10
5 1
7 8
7 5
1 5
5 10
5 1
6 3
5 6
8 7
2 1
9 6
10 8
9 10
4 8
8 3
5 1
7 10
8 6
2 10
5 3
2 7
6 8
7 5
10 10
3 9
6 4
10 3
5 8
6 3
6 8
6 7
8 1
4 4
8 10
5 3
10 12 54
18 20 58
15 13 66
20 18 66
18 17 71
16 19 82
19 12 74
17 10 60
15 20 58
13 12 53
16 15 94
17 16 57
15 18 94
17 14 62
15 19 67
12 18 52
15 12 51
20 10 83
16 10 89
18 12 94
18 15 76
18 15 55
12 13 84
12 15 95
20 13 89
11 20 93
20 10 76
16 17 81
11 16 71
16 15 73
11 14 66
15 18 62
20 10 52
16 19 94
11 16 97
12 16 94
11 13 81
20 19 94
15 13 64
13 11 75
16 10 88
12 16 96
17 10 85
12 16 62
16 14 58
12 18 78
18 12 56
17 15 65
14 17 71
16 11 81
17 13 85
14 16 83
14 20 92
15 14 97
17 14 100
14 12 81
19 14 96
19 11 63
16 11 52
13 11 52
11 16 59
18 12 80
13 13 89
11 15 95
10 15 99
13 11 93
11 13 76
19 17 88
17 18 97
18 12 72
11 15 71
13 12 64
19 12 96
10 15 90
14 11 53
10 13 56
16 14 82
13 12 67
14 19 93
10 17 87
17 18 57
18 11 100
17 12 52
10 16 97
17 19 87
20 10 52
20 10 99
10 18 57
18 13 71
13 13 70
20 19 74
12 12 69
12 13 83
14 20 50
11 14 78
19 12 92
20 11 52
19 19 72
20 15 73
15 18 52
10 11 52
18 19 75
16 10 61
14 16 71
18 15 85
15 11 54
12 18 55
19 17 92
11 15 81
17 12 56
15 18 50
19 15 63
11 11 78
18 11 76
12 13 72
11 12 50
17 20 52
12 10 73
17 19 89
20 13 65
10 15 78
10 17 57
13 11 78
13 18 89
18 10 52
20 14 93
18 18 98
11 12 94
14 10 73
11 12 65
10 12 78
12 10 58
11 10 72
15 16 86
13 13 70
18 16 51
19 16 81
14 19 88
11 17 99
20 12 91
13 15 54
12 17 64
10 19 97
15 20 89
19 17 72
18 12 74
20 11 64
19 11 88
19 20 92
16 20 64
14 14 87
12 20 99
15 17 83
18 17 86
15 18 99
14 17 60
15 20 63
19 18 98
10 18 59
12 18 90
19 10 60
13 11 91
18 15 96
20 11 72
19 16 66
17 16 50
20 19 65
17 18 90
14 19 79
13 13 80
16 11 59
11 19 79
14 12 99
18 13 80
13 20 64
18 20 76
11 18 59
11 17 79
11 15 61
15 11 50
17 12 57
16 17 76
18 19 67
19 20 97
18 14 91
15 18 79
19 11 71
13 20 89
17 20 61
19 14 79
16 10 54
13 20 56
17 11 75
13 15 99
16 12 79
11 13 63
19 20 97
17 20 93
14 15 96
12 12 71
12 17 78
19 10 67
13 11 97
12 11 87
18 15 81
14 20 54
17 19 85
20 17 77
16 20 51
15 17 83
17 19 52
20 12 50
16 18 51
16 15 55
15 12 78
16 12 82
20 14 73
10 10 67
12 20 94
19 18 81
12 12 67
15 15 93
13 10 91
17 18 71
20 16 99
17 16 81
12 17 78
10 13 79
16 12 94
18 11 63
12 12 87
11 18 54
12 18 85
11 15 76
10 12 79
13 14 77
15 11 77
16 19 89
14 17 76
19 12 64
13 10 64
12 16 97
19 13 95
15 18 97
15 18 56
15 15 90
20 16 93
15 20 58
17 16 94
14 12 99
16 15 56
18 20 83
18 11 95
12 16 69
12 13 83
15 19 69
14 20 52
14 18 69
17 18 67
13 15 62
16 16 70
11 17 88
11 12 99
13 12 88
16 16 73
16 14 88
15 16 99
11 11 65
13 18 100
18 10 84
15 14 94
13 11 72
10 15 64
17 12 84
18 17 59
18 20 71
14 17 61
18 16 97
15 19 62
12 19 90
10 13 85
17 20 55
17 11 75
11 16 89
20 16 50
14 16 88
18 18 78
18 10 87
10 12 50
11 10 89
10 13 90
10 15 62
20 10 61
13 11 98
10 10 66
12 17 79
18 17 72
15 13 74
18 10 68
14 14 57
17 14 84
17 16 89
13 11 98
13 19 55
14 15 56
17 19 63
19 19 72
12 13 57
15 16 95
12 15 60
10 17 98
13 10 78
19 20 85
10 16 70
14 19 75
16 20 95
14 19 87
18 14 51
11 16 84
16 14 91
10 14 87
10 11 92
17 17 73
19 10 91
15 10 94
12 16 66
18 10 67
14 19 65
10 16 73
10 10 82
16 11 78
11 12 94
18 19 74
19 14 78
19 12 56
14 20 79
11 14 74
14 18 66
13 13 54
10 11 66
11 12 80
14 19 62
20 14 65
13 20 66
16 17 71
20 15 100
16 20 54
11 11 65
14 15 75
17 14 69
18 16 74
14 20 51
18 14 72
15 15 84
16 16 70
18 19 67
13 16 85
20 14 95
13 18 86
17 14 58
10 10 57
15 12 93
14 12 79
15 18 81
11 11 71
17 19 93
12 19 53
16 14 84
14 11 97
17 13 70
12 18 58
13 15 53
18 17 86
17 12 71
15 19 68
18 15 70
13 10 60
13 14 74
19 15 91
15 15 65
12 13 60
17 18 75
11 10 54
17 10 58
14 17 51
18 13 84
11 18 59
13 14 70
12 12 70
10 11 91
16 18 99
17 10 75
19 12 85
10 19 100
11 15 97
16 11 91
13 17 65
16 10 99
15 16 86
12 18 73
16 17 87
14 19 81
17 16 70
10 18 85
14 16 62
13 15 94
14 12 52
18 10 53
15 11 52
18 19 96
14 18 70
14 11 75
18 13 85
18 15 85
19 14 98
13 19 95
14 20 61
10 20 84
18 18 70
11 14 88
15 14 92
13 15 70
13 12 74
18 16 86
15 15 84
19 16 82
12 15 66
19 10 58
16 10 97
13 17 74
17 15 70
13 20 69
14 12 78
19 11 57
17 20 75
19 19 71
16 15 78
15 12 70
20 11 83
11 15 79
19 17 92
13 10 78
17 11 86
10 17 91
11 10 78
15 10 75
18 20 51
18 15 70
12 19 75
15 14 79
12 19 90
10 11 97
11 12 70
10 11 56
10 11 58
19 20 95
11 16 50
20 15 74
15 13 65
11 19 62
15 14 52
17 15 77
12 16 94
15 13 87
17 11 60
12 19 90
18 17 50
14 13 89
19 10 77
12 10 91
15 19 91
19 20 54
15 10 68
16 15 78
12 20 86
18 18 77
12 11 78
16 12 82
18 10 80
16 14 85
15 18 61
14 13 100
19 18 51
11 11 100
17 13 75
10 16 95
16 14 58
11 12 85
13 19 66
16 19 86
12 11 63
12 14 50
18 10 86
16 17 57
19 19 72
13 18 99
13 17 79
17 19 56
19 16 89
18 13 67
16 11 60
10 17 90
13 18 71
15 20 85
13 15 71
14 20 74
13 12 93
13 19 71
13 17 50
14 14 96
20 20 54
11 17 82
15 18 99
16 18 90
17 14 99
11 18 53
19 16 87
11 15 60
19 19 88
18 16 69
10 15 67
19 16 68
14 11 89
13 14 83
14 10 94
19 18 61
11 19 59
17 13 75
16 16 98
11 18 88
17 13 89
13 17 74
13 10 66
15 17 92
20 14 90
10 11 73
17 19 84
14 14 67
11 19 52
17 19 64
15 20 63
17 20 80
13 16 66
14 18 90
19 14 81
15 13 79
12 13 99
11 18 52
14 18 66
12 16 90
17 14 95
10 20 93
15 12 67
15 10 84
11 13 86
12 16 85
19 11 82
15 14 65
19 16 94
10 17 63
19 10 72
16 19 61
14 13 69
17 19 74
18 15 87
10 11 83
20 16 91
10 16 54
18 12 55
15 15 82
17 16 65
19 13 68
15 19 69
10 14 95
15 13 99
13 14 88
11 14 67
16 15 88
19 19 52
19 14 68
13 15 84
16 15 87
15 20 63
18 20 55
20 15 56
15 17 71
12 13 89
10 10 91
17 10 75
18 16 62
10 16 89
19 15 60
20 14 61
12 17 91
10 13 82
14 14 78
20 14 64
20 17 52
13 20 74
18 11 68
19 11 69
20 19 90
19 10 92
17 12 67
18 17 84
18 10 82
17 18 99
15 17 86
14 18 92
10 19 52
18 11 70
10 13 65
19 17 90
11 18 99
19 16 89
20 19 92
17 14 75
16 20 82
17 12 57
13 19 66
11 16 64
14 13 63
13 11 88
14 14 85
13 20 61
18 15 56
19 19 99
15 14 56
19 14 75
19 11 63
12 20 52
20 12 90
16 10 93
18 18 69
18 18 52
12 15 51
12 11 78
19 14 75
18 10 89
12 17 99
20 13 56
11 14 77
18 18 50
14 14 86
10 14 55
20 12 60
10 12 63
17 14 91
20 10 50
12 11 80
18 10 98
20 18 75
16 19 66
16 20 63
16 17 96
19 18 70
16 17 54
18 12 54
12 15 55
15 17 78
20 15 52
19 12 55
16 16 65
17 10 74
14 11 97
18 11 67
15 11 65
13 10 62
10 13 70
19 20 89
20 11 69
10 15 66
10 14 53
11 14 97
18 12 56
20 17 96
19 16 60
18 20 95
18 10 93
13 15 81
13 14 86
19 16 64
14 12 99
19 13 96
12 10 52
15 16 57
15 14 81
12 14 76
17 16 61
17 15 61
11 13 96
18 16 71
19 14 54
17 18 55
17 14 70
15 17 76
11 14 71
11 18 71
12 17 97
18 12 59
18 17 70
18 19 54
14 19 57
17 19 88
12 15 96
19 18 82
11 13 75
16 14 73
19 10 79
20 15 81
18 12 99
19 16 66
20 13 52
20 20 54
15 13 96
13 12 73
10 13 85
10 17 60
18 16 82
20 11 57
14 19 94
16 11 85
11 12 78
10 16 99
11 10 62
15 18 70
18 19 59
17 17 73
16 16 88
17 15 74
19 14 88
16 11 86
15 17 92
12 20 92
19 16 53
16 11 97
18 16 91
10 15 58
10 10 97
13 13 94
14 16 54
19 11 53
14 10 83
16 19 99
16 10 92
10 15 98
13 15 66
19 12 53
17 17 100
19 14 78
11 20 91
20 12 85
10 19 64
13 16 68
11 20 80
11 16 60
13 20 72
16 16 97
12 15 100
10 14 66
15 13 88
19 15 90
12 17 58
18 16 69
19 10 61
17 10 53
13 20 87
17 10 71
17 18 67
17 18 53
16 20 83
17 13 78
17 16 75
14 15 85
18 16 51
18 12 78
16 18 95
20 14 69
13 17 79
17 10 69
12 14 63
15 11 54
14 17 65
19 13 64
12 16 80
20 11 68
19 13 58
20 17 76
18 11 86
16 12 53
12 12 68
20 16 76
17 16 64
10 14 88
15 10 73
10 15 71
19 14 56
11 10 65
11 11 86
14 20 85
16 14 80
16 14 54
18 19 55
12 11 71
18 14 93
13 12 52
10 10 94
13 10 70
15 15 50
10 11 65
10 14 63
10 19 71
19 12 94
11 10 70
18 20 85
20 15 57
20 18 52
17 14 66
13 19 52
17 13 100
11 11 90
10 17 98
18 14 99
19 10 78
14 14 79
14 17 79
15 14 77
17 11 98
18 15 51
14 14 83
19 18 76
11 10 64
10 15 60
11 18 70
17 19 84
16 16 98
13 14 88
15 15 66
15 17 79
11 14 91
11 16 66
13 10 100
19 13 89
11 18 99
14 19 84
12 14 64
14 12 86
15 11 50
17 14 72
19 11 75
10 19 93
18 12 56
18 12 85
10 20 75
11 10 57
20 16 72
19 18 67
12 10 68
14 13 92
14 19 77
13 14 80
20 19 83
12 14 65
15 11 100
10 15 52
12 17 73
14 17 68
17 15 98
19 13 75
15 13 62
13 20 92
13 18 91
18 10 86
12 17 58
10 11 54
12 15 99
16 11 91
10 20 57
13 10 77
14 10 63
14 11 64
14 16 62
12 17 60
19 12 77
11 10 87
17 11 84
17 11 84
18 17 82
10 13 92
20 11 87
10 15 94
15 12 99
18 11 96
13 13 73
15 14 99
13 11 84
20 17 92
20 10 52
17 12 61
10 15 70
19 18 96
11 13 57
20 14 70
13 16 73
20 15 80
17 10 90
17 18 56
10 20 76
14 16 98
10 17 55
10 18 58
16 20 77
10 15 89
13 13 70
12 16 90
16 12 84
13 15 72
13 18 62
15 11 74
11 13 84
15 11 95
17 13 85
11 18 99
15 13 65
11 18 73
17 16 52
12 18 79
12 13 51
16 17 61
17 11 80
19 12 56
10 18 61
10 16 68
13 15 80
11 17 64
11 14 96
13 11 57
14 15 86
19 19 64
18 16 78
16 19 80
14 14 72
16 13 83
20 10 58
16 12 66
11 17 61
11 16 93
11 18 75
17 12 65
15 12 76
14 18 77
12 16 68
13 15 79
18 20 62
19 20 92
10 14 73
18 11 95
13 12 51
16 11 94
20 13 90
16 15 50
19 13 50
18 12 82
18 20 56
18 12 85
20 19 50
10 17 52
14 12 70
20 15 76
14 11 87
16 16 77
16 19 52
20 14 96
14 13 83
12 13 61
15 17 61
11 12 74
11 13 52
15 15 55
12 17 98
19 13 67
10 20 66
15 11 70
18 12 95
18 17 60
14 13 81
13 18 87
10 12 68
11 14 81
16 20 65
11 10 98
11 16 82
10 12 85
11 15 56
20 10 64
10 11 71
20 15 62
10 16 57
13 20 82
17 13 52
18 15 88
20 17 93
10 16 75
19 10 62
10 19 57
14 10 51
16 16 79
11 10 88
15 16 53
19 12 69
15 16 67
18 15 90
11 14 74
14 14 83
14 15 94
19 10 89
19 11 92
20 11 51
18 11 63
18 18 84
18 18 51
17 20 74
18 14 55
12 14 61
19 20 62
11 10 62
19 13 87
20 13 63
12 10 81
18 16 99
15 14 75
19 18 83
13 15 70
12 10 66
15 11 83
14 19 69
19 13 60
16 16 85
11 11 89
18 16 77
18 13 78
15 20 67
12 20 91
13 17 71
17 10 70
12 14 58
15 20 79
14 12 69
18 11 80
17 14 53
17 14 83
10 17 99
15 18 57
20 14 98
20 11 63
17 14 71
14 12 90
15 16 97
15 10 63
20 18 82
10 10 67
15 13 72
10 16 84
13 10 60
13 20 75
20 20 84
19 17 62
20 15 64
13 12 97
15 17 59
13 18 99
12 11 70
14 16 93
19 13 68
13 20 90
18 17 83
19 10 59
16 10 64
10 19 66
16 11 75
11 13 69
17 20 92
14 16 56
14 16 59
20 18 87
14 11 98
11 15 72
15 10 53
15 11 97
18 12 54
13 11 93
17 15 92
10 14 52
15 16 56
17 14 95
18 11 84
19 13 59
13 20 89
14 15 75
10 17 55
