600 1200
1 5
5 6
8 1
10 5
6 3
9 6
7 1
6 8
8 9
3 4
3 5
4 1
8 7
4 7
8 10
4 8
2 5
2 9
7 10
7 1
3 4
9 6
2 7
4 7
6 5
2 1
8 3
2 8
6 7
5 6
9 2
4 5
7 10
8 2
7 7
1 1
3 4
2 7
4 8
6 10
6 10
8 10
7 10
4 3
4 1
9 7
10 7
6 8
2 1
5 10
6 7
2 6
8 10
3 1
7 6
6 6
5 8
10 6
4 7
8 4
8 1
3 4
4 4
6 8
3 7
8 2
7 7
5 10
4 10
8 6
2 1
2 2
4 8
1 6
9 6
7 4
5 10
7 3
10 3
1 9
9 7
6 1
8 7
2 1
10 1
3 7
3 4
10 4
8 2
9 10
5 10
6 4
1 2
5 7
4 6
9 6
4 4
4 1
9 10
6 10
3 8
6 2
8 6
10 3
9 10
2 9
4 9
7 4
1 1
9 7
1 10
8 5
5 2
8 10
4 7
3 9
9 4
7 6
6 5
7 8
5 5
4 5
6 6
7 2
9 6
1 10
9 7
1 1
6 2
1 10
5 1
5 2
10 2
5 5
9 3
2 7
4 6
4 3
4 4
9 1
10 1
9 7
9 6
5 7
4 9
6 1
1 4
4 2
5 3
4 3
8 2
10 7
2 10
10 9
2 6
3 3
8 8
8 7
6 6
9 6
7 10
7 7
10 9
1 4
1 10
6 1
9 10
2 3
6 10
1 4
2 9
1 6
7 5
9 7
10 4
9 1
1 5
9 7
10 5
6 1
1 10
6 7
5 7
6 2
6 5
4 6
7 10
6 2
2 5
5 9
4 3
7 4
5 6
2 2
4 3
1 8
6 8
9 6
3 8
4 6
8 10
10 8
9 9
9 9
10 8
3 4
8 8
9 2
2 1
6 3
2 7
9 4
9 5
2 6
4 10
3 8
10 10
5 3
5 6
7 4
5 3
8 5
8 2
6 7
4 6
5 9
4 4
2 4
1 6
8 9
1 3
2 10
4 6
5 4
9 2
8 7
2 5
9 4
6 2
8 1
1 3
1 6
6 1
5 3
2 6
7 6
7 8
6 7
4 7
6 5
6 4
10 4
8 7
9 3
5 9
4 8
2 7
1 7
5 10
3 8
3 2
10 2
1 5
8 10
3 8
4 2
8 3
4 5
3 1
10 2
5 8
8 6
5 2
10 7
10 10
9 9
4 10
6 6
1 5
3 1
7 9
5 7
5 5
10 8
7 2
9 2
8 9
10 1
3 5
6 1
8 9
10 5
1 5
4 5
10 10
10 4
5 1
9 2
9 5
1 9
9 3
5 1
6 1
6 3
1 9
9 8
3 3
4 5
6 2
5 2
1 10
7 8
7 4
6 9
4 6
8 6
6 6
3 10
10 7
4 6
1 9
4 3
8 5
8 8
2 9
2 4
1 8
1 8
9 6
1 7
9 2
10 2
4 10
5 4
2 8
7 4
10 8
1 2
9 10
1 5
5 2
7 8
10 3
3 3
9 8
6 10
5 9
6 5
9 9
5 2
7 10
2 10
10 10
7 9
9 10
5 10
8 9
1 7
8 3
5 6
2 3
10 2
1 1
5 2
8 9
4 9
4 9
10 3
2 7
1 8
3 1
7 6
6 10
10 10
1 5
3 3
8 4
5 2
8 7
2 2
10 6
4 7
1 1
10 6
4 10
5 1
7 5
6 5
10 9
8 5
9 9
1 10
2 1
3 3
8 3
3 5
3 4
5 10
7 8
6 1
3 9
6 5
5 2
1 7
1 3
1 2
4 4
8 2
7 8
7 5
5 5
1 7
6 10
4 2
3 5
2 5
6 7
9 7
2 9
2 7
5 9
1 5
3 9
4 8
9 7
10 6
9 1
3 7
8 2
4 5
2 9
5 6
1 2
10 6
2 6
2 5
5 1
7 9
5 6
4 1
9 2
7 4
3 9
9 4
4 2
3 4
10 2
9 1
4 2
10 5
5 3
3 8
5 3
8 1
8 5
4 6
4 2
9 10
6 4
4 3
8 1
2 6
3 2
4 10
5 10
5 10
7 10
4 3
6 3
6 7
9 9
8 6
10 6
5 7
7 3
1 8
4 1
2 2
7 2
3 3
10 5
1 4
4 4
4 10
9 10
2 3
5 2
6 2
5 5
6 10
7 1
8 2
4 6
5 5
8 8
8 9
2 8
3 4
7 5
9 5
6 2
4 1
5 8
6 8
5 3
8 9
1 6
2 5
8 2
3 10
1 10
8 5
10 6
1 6
6 3
2 5
7 1
9 7
3 4
1 4
9 1
5 10
3 8
5 3
9 4
7 2
2 6
2 7
7 3
8 4
2 7
4 1
9 2
2 9
2 9
8 10
3 7
9 10
8 3
6 2
3 10
4 5
10 6
8 6
6 9
9 4
7 7
2 3
3 10
8 10
7 5
2 6
3 9
8 8
9 6
4 1
9 1
6 5
10 2
7 4
4 6
4 8
10 8
1 2
8 3
10 7
6 7
6 3
5 9
7 9
9 3
6 10
7 10
8 4
6 9
7 9
10 9
9 4
3 9
1 3
8 5
2 4
8 8
8 4
6 2
6 3
10 4
8 4
4 7
5 5
7 9
4 4
10 2
6 7
4 8
3 6
7 9
1 10
7 9
7 3
18 16 85
10 16 98
10 10 74
11 18 51
13 15 56
13 19 50
11 16 67
12 11 82
13 15 50
19 16 95
18 10 87
11 14 85
12 16 95
11 16 50
14 10 61
10 14 74
14 20 50
20 11 83
12 16 71
15 17 68
15 13 63
11 12 100
11 12 55
12 16 50
13 14 70
12 14 64
16 17 75
14 16 51
12 15 78
15 19 83
12 13 55
15 16 59
18 12 65
14 15 57
13 20 93
14 20 52
10 10 82
19 11 57
18 11 64
13 19 68
11 15 51
16 15 66
16 15 84
19 10 52
12 11 62
11 15 73
17 11 56
12 20 55
15 11 63
10 17 53
18 12 66
13 18 94
20 19 57
11 10 71
17 19 84
19 11 62
19 18 59
14 19 81
13 18 80
19 12 98
14 14 93
18 17 85
11 15 58
11 11 86
16 18 54
15 14 85
15 11 73
10 11 51
19 18 68
14 17 55
13 20 65
18 15 53
13 14 66
15 17 78
16 14 62
20 13 95
10 19 56
10 10 60
16 19 94
17 13 56
13 16 84
17 12 82
14 19 53
18 12 51
20 13 86
17 20 93
18 18 81
20 20 69
19 11 78
11 10 93
18 11 54
11 20 69
11 12 80
11 20 87
19 14 61
16 12 69
15 11 85
16 13 87
12 17 82
13 12 58
14 16 98
14 19 70
10 18 51
13 17 87
17 14 78
10 10 83
19 16 71
17 20 96
16 15 91
13 16 81
19 10 67
17 20 98
15 13 53
15 19 82
17 10 52
15 18 61
17 15 95
18 19 82
19 13 82
14 16 80
19 19 78
10 19 68
12 11 53
14 10 84
16 20 70
12 19 85
17 12 57
17 17 82
12 20 62
10 12 89
16 18 53
13 19 88
20 17 62
14 16 56
19 20 84
13 13 58
19 13 97
11 14 63
19 14 65
11 18 56
14 20 72
19 17 75
13 12 96
14 19 60
10 11 77
11 12 60
16 14 68
13 20 92
15 17 83
16 19 90
15 11 83
14 12 74
19 20 86
11 19 63
16 19 55
16 19 86
20 14 59
18 16 67
19 12 54
20 16 81
13 12 84
15 13 61
11 19 95
16 17 72
18 10 75
10 12 90
19 11 80
12 13 94
16 17 74
15 13 84
20 20 82
18 12 81
18 16 87
12 16 98
10 15 89
18 20 73
14 16 89
19 11 72
14 19 92
12 16 55
12 11 62
12 10 52
10 18 81
13 15 87
19 15 81
15 17 52
18 14 68
15 16 56
15 10 89
17 10 69
17 15 69
16 11 72
18 15 54
13 15 99
19 17 94
15 12 54
11 18 62
12 19 68
20 18 95
15 12 73
19 13 51
19 13 74
15 10 65
11 14 99
13 16 83
19 12 88
11 12 68
15 20 84
19 12 95
12 15 91
17 12 54
10 14 57
12 18 51
12 12 87
14 19 69
13 15 94
15 10 78
18 20 75
16 12 78
19 10 90
13 12 58
12 13 86
19 15 84
12 10 83
14 15 53
14 11 61
19 20 90
15 16 77
20 12 63
12 11 78
13 14 93
12 16 80
20 11 61
17 14 76
16 15 91
13 14 90
20 10 63
10 13 69
13 17 71
12 11 91
16 10 57
13 20 72
16 15 66
17 14 60
13 17 61
10 16 50
16 15 70
13 16 94
16 13 75
14 16 90
17 12 69
16 17 83
18 15 90
15 19 85
15 12 80
11 11 86
18 13 77
10 18 66
10 17 97
13 10 93
18 15 51
14 15 80
20 18 91
12 11 90
16 12 93
13 18 51
19 18 57
20 12 77
12 19 59
20 14 68
17 20 88
16 11 84
13 11 61
19 10 84
11 20 69
17 15 92
16 11 62
10 15 61
10 20 94
16 16 70
14 11 71
14 13 95
10 15 67
16 19 78
14 13 86
16 13 53
14 16 69
18 13 61
18 13 80
15 11 90
14 18 99
11 12 67
20 20 57
13 16 80
18 20 85
14 11 69
20 18 86
12 16 79
17 12 91
17 11 62
19 10 82
17 14 76
20 10 64
19 14 98
17 14 55
19 20 93
12 18 60
14 20 100
19 13 61
14 16 50
13 10 74
12 20 72
11 18 80
11 13 71
17 10 91
12 20 54
20 19 55
13 17 68
12 16 60
18 20 91
12 13 59
17 12 73
11 15 85
16 13 83
10 15 76
17 15 67
15 10 69
10 13 93
16 17 51
19 15 95
12 17 86
19 15 73
20 18 54
17 17 98
19 13 85
20 15 65
13 16 59
17 17 59
17 20 77
19 14 79
14 10 80
11 14 71
15 17 90
14 12 93
16 14 73
13 11 94
20 16 93
13 14 82
11 18 56
19 18 84
20 13 58
20 18 56
11 10 78
15 19 64
11 15 67
15 20 70
18 15 90
12 19 62
17 17 97
18 10 87
20 15 95
12 17 89
17 20 80
16 10 50
11 18 90
16 17 99
14 18 88
11 17 72
17 19 73
14 20 73
19 13 68
13 17 61
20 16 64
20 18 62
18 15 95
15 19 57
12 17 50
16 17 97
16 16 81
16 20 53
19 19 88
13 16 57
18 14 75
17 11 58
19 20 59
18 19 72
15 18 86
18 20 55
16 15 99
17 18 70
12 11 76
13 10 61
17 12 59
11 13 58
10 10 95
16 20 100
18 11 81
14 17 58
14 17 53
13 14 88
11 16 85
14 14 66
15 11 55
18 15 65
18 11 72
14 15 70
20 12 70
11 12 64
19 19 93
20 16 99
17 13 94
19 18 62
12 15 88
10 11 71
17 11 79
12 11 87
18 18 80
16 17 53
19 12 93
17 19 54
20 18 86
11 11 93
20 20 71
18 10 86
12 11 95
17 12 100
14 14 70
13 17 64
15 19 79
19 18 99
20 17 67
20 17 71
10 14 58
11 18 58
10 12 64
14 12 67
12 20 81
13 14 71
14 15 80
12 12 65
15 10 99
13 10 64
20 19 80
10 14 78
16 10 74
18 16 80
12 17 85
12 18 56
11 15 74
19 19 50
12 11 57
17 17 68
14 15 61
14 19 63
19 18 89
13 20 79
19 11 100
12 14 74
20 13 92
11 14 86
16 13 82
18 13 84
20 12 86
16 19 82
13 20 90
18 14 51
19 20 98
12 12 58
15 18 53
11 11 64
11 12 82
20 15 62
15 12 53
12 14 62
14 15 55
15 18 71
11 12 80
10 16 86
10 19 83
16 13 80
19 19 95
16 18 63
14 11 77
16 16 99
14 12 87
20 19 57
10 17 79
15 11 73
13 11 90
16 16 62
18 10 72
20 19 99
17 17 93
19 17 98
19 18 80
12 12 62
10 13 72
10 18 61
14 11 82
14 12 71
16 17 80
14 17 96
12 20 98
16 19 70
12 20 63
19 18 66
16 18 71
17 14 71
16 13 94
18 17 57
16 17 91
12 17 76
11 19 61
14 16 75
14 16 74
11 12 61
12 19 69
12 18 61
20 15 98
16 10 50
15 15 95
12 10 66
16 16 100
20 11 57
10 10 71
20 16 88
11 18 72
16 19 67
16 12 84
15 15 85
18 13 69
10 18 50
15 17 80
18 20 78
11 10 86
19 20 95
12 15 72
16 13 72
19 20 84
12 14 80
17 13 91
15 12 69
11 12 64
15 10 92
10 19 89
19 11 83
10 16 59
18 10 76
13 16 92
14 16 79
15 11 68
18 18 60
13 12 95
16 13 66
10 14 64
18 15 58
16 13 69
14 12 79
18 19 67
19 10 50
16 15 52
12 17 77
14 17 78
18 19 54
13 14 85
16 15 52
15 15 85
16 11 97
12 20 55
17 15 71
18 11 71
19 18 64
13 11 61
17 11 77
15 16 93
15 12 94
18 14 55
15 13 96
11 15 76
12 19 62
15 16 81
11 18 95
17 19 91
12 11 66
20 13 87
11 17 85
16 11 69
15 11 96
17 10 71
14 12 80
19 16 90
19 10 93
18 10 98
16 11 81
17 20 100
10 14 64
13 17 72
13 10 71
20 13 67
18 11 52
12 10 78
18 17 73
12 12 57
19 14 70
11 14 63
12 13 80
16 16 89
15 12 100
17 18 61
20 13 91
18 17 67
11 19 85
12 19 91
14 14 64
14 17 57
12 10 83
11 15 85
13 16 76
11 12 76
11 20 66
20 16 71
20 15 70
17 18 100
17 15 53
19 15 90
19 17 74
14 18 62
14 18 64
16 10 97
10 19 79
19 16 96
19 10 80
12 12 68
19 16 53
19 17 81
11 18 98
16 17 55
12 12 81
12 15 88
18 18 74
13 17 60
11 19 81
20 12 76
13 17 55
10 19 98
15 10 66
19 17 72
10 12 77
10 18 85
20 11 86
13 10 51
16 15 88
18 11 80
10 13 84
12 10 71
19 14 66
12 15 72
13 19 75
12 12 78
14 12 51
12 18 81
10 14 89
10 16 94
11 17 50
13 13 90
16 18 93
12 12 88
20 20 88
19 19 99
19 18 78
15 12 80
19 13 84
14 17 88
10 18 85
13 18 89
12 13 55
14 13 74
20 18 73
18 20 91
16 11 66
16 17 71
14 14 85
12 18 76
15 13 99
16 11 64
12 20 99
12 11 50
18 17 92
10 17 65
18 17 82
12 18 71
19 15 79
16 19 83
18 11 50
13 12 72
11 14 91
12 11 72
13 17 64
16 20 65
10 19 60
15 18 52
16 16 59
13 20 78
12 18 54
19 15 56
17 11 99
20 20 100
15 17 77
18 13 99
18 20 97
16 13 53
14 10 81
11 16 85
14 18 73
19 12 79
10 13 74
18 10 62
18 16 58
15 19 67
11 17 84
19 14 90
16 16 59
15 15 67
10 20 99
20 15 84
17 13 51
20 15 86
20 11 70
10 11 99
16 12 53
15 10 82
14 13 52
16 12 77
20 12 82
17 17 74
18 11 77
12 20 91
16 16 79
16 11 51
11 18 50
12 14 99
13 13 96
19 14 60
20 17 86
20 17 61
16 14 97
15 20 79
10 19 66
19 17 65
19 20 74
17 14 77
17 12 67
20 17 64
11 13 76
19 17 52
20 11 89
17 15 91
17 15 58
17 18 53
17 16 69
12 19 67
11 11 65
20 12 98
15 13 98
16 20 55
13 14 64
12 14 65
19 17 88
19 20 92
15 13 53
10 20 99
16 14 67
16 14 80
15 20 71
12 17 85
16 12 85
14 14 89
15 13 51
18 13 51
20 15 66
14 13 50
17 17 57
16 13 71
11 14 51
14 18 86
20 17 85
15 16 88
11 20 62
17 11 84
15 11 52
14 10 64
17 18 68
12 12 87
18 18 86
17 12 84
20 10 66
11 13 90
14 15 54
17 18 100
16 15 94
17 16 71
19 16 90
10 14 60
19 18 89
12 10 52
15 18 81
13 16 73
16 11 64
17 20 81
11 20 96
10 19 84
11 10 51
17 11 54
14 18 63
12 12 96
19 19 62
13 18 81
11 17 65
19 10 86
18 20 68
11 16 80
15 19 93
20 20 85
20 12 70
14 20 70
13 14 94
14 17 92
18 14 76
20 12 81
17 20 60
20 20 100
16 10 83
18 19 72
10 18 96
15 16 54
10 11 70
20 19 57
19 19 93
15 11 77
14 18 75
18 14 75
14 19 64
11 18 76
15 10 55
10 14 96
14 16 71
18 18 84
14 11 98
20 11 86
20 13 92
10 17 52
17 13 73
20 17 55
17 20 89
10 11 93
15 11 94
11 20 90
18 15 50
16 15 84
14 12 65
16 12 84
10 14 57
18 17 93
12 17 84
15 15 81
20 19 93
14 14 92
20 20 90
16 17 67
10 20 66
10 11 71
12 10 65
18 19 93
16 18 58
16 14 65
19 14 92
19 14 59
13 11 69
18 14 100
20 16 50
17 13 67
15 17 85
13 19 52
20 17 84
15 14 59
19 20 97
20 20 99
16 20 64
19 13 50
13 15 68
11 13 76
18 13 88
11 17 68
12 11 52
20 13 87
15 20 90
18 13 85
16 20 88
19 17 80
18 13 57
12 14 66
10 16 66
11 17 77
10 18 85
12 10 85
10 18 73
17 12 95
15 14 94
15 20 95
20 12 79
20 15 98
19 14 57
17 12 74
16 12 66
11 11 78
10 17 75
16 15 72
13 19 82
20 11 84
11 18 54
17 11 70
10 10 84
19 14 77
15 11 70
15 13 69
15 17 65
12 13 72
10 16 79
19 15 66
14 17 62
12 11 66
20 16 54
12 19 97
18 18 60
16 11 74
15 20 75
18 11 81
20 16 82
15 18 74
11 19 72
13 20 85
10 17 93
18 20 57
13 18 78
11 10 52
19 15 79
13 10 80
13 18 97
20 12 62
11 17 79
16 19 93
20 13 89
14 18 82
13 11 60
14 12 70
17 18 68
13 17 99
14 12 67
10 13 50
10 18 85
11 14 84
13 18 52
11 19 86
12 11 74
18 20 63
16 19 91
20 15 69
13 19 78
10 12 88
14 10 88
19 10 70
19 17 62
14 18 58
12 15 59
12 17 68
11 14 72
18 16 68
11 16 54
13 14 92
16 16 91
13 17 75
13 19 72
11 15 97
12 16 58
15 12 61
12 20 63
20 11 71
18 18 60
17 17 64
16 17 55
19 20 73
12 12 75
10 14 92
18 17 65
18 19 97
11 12 70
10 16 88
10 19 65
14 18 73
13 14 86
17 12 88
13 17 59
12 17 70
16 11 85
20 19 76
13 16 60
10 13 90
13 16 82
12 20 96
17 17 92
15 17 88
12 19 90
11 18 89
13 15 58
14 16 54
17 12 77
14 20 52
20 18 59
16 12 93
10 18 61
15 14 77
18 13 62
16 19 60
16 12 57
19 19 90
20 17 53
15 16 53
12 16 82
19 16 64
18 16 75
13 16 67
11 11 71
13 20 78
20 16 57
17 19 58
17 18 81
14 14 59
15 18 50
10 13 60
10 16 95
19 20 87
14 14 57
19 18 50
16 19 99
16 18 64
11 13 50
16 16 83
11 15 60
13 10 93
17 17 79
16 14 54
11 11 62
15 13 98
12 11 86
11 15 59
18 17 54
15 19 53
17 16 86
15 20 88
16 13 73
13 19 61
12 17 77
10 16 65
13 11 66
13 17 51
12 17 67
20 17 82
12 15 87
17 16 50
20 17 54
16 17 94
18 18 77
18 16 57
20 14 64
17 15 71
14 16 87
17 13 96
17 19 51
16 19 60
19 11 61
20 20 85
13 14 62
20 14 55
19 14 50
15 15 58
17 10 98
12 16 61
17 15 61
16 13 85
12 10 64
11 20 82
20 19 75
16 20 75
11 12 90
18 14 71
17 13 62
13 15 71
11 11 87
12 20 86
12 18 90
11 20 70
20 17 74
13 16 73
12 13 59
11 17 54
18 19 98
16 11 88
12 17 68
20 20 61
12 16 57
10 19 98
11 14 71
12 18 78
11 13 57
17 14 99
19 10 66
10 17 76
11 19 98
20 14 66
17 19 52
16 14 90
19 10 74
18 12 75
15 20 51
13 17 86
14 13 90
16 19 59
10 16 57
17 10 84
12 17 66
10 16 61
17 10 56
10 14 73
12 10 88
15 16 73
13 16 59
10 15 97
11 10 62
20 19 86
15 13 63
20 19 85
12 10 74
12 18 72
16 12 77
20 10 57
15 17 63
15 14 80
14 20 50
17 16 89
10 19 71
13 13 81
19 18 72
11 15 98
17 17 51
20 12 88
11 20 63
15 10 94
11 14 58
16 15 90
16 11 93
10 17 76
20 13 84
17 10 88
10 12 95
19 20 73
10 18 82
15 17 77
10 17 95
11 17 85
15 10 85
13 10 63
10 19 62
14 17 72
15 15 70
13 20 54
20 19 94
19 15 54
11 15 75
15 10 69
11 19 80
15 11 85
18 10 72
14 16 70
18 13 55
11 14 59
16 15 95
12 17 82
14 18 66
19 16 91
20 18 62
13 20 66
15 17 82
13 14 96
20 11 94
13 15 98
19 10 91
13 17 82
15 14 51
13 10 83
15 14 87
