6000 2000
10 6
7 4
4 6
9 9
3 3
10 2
9 5
3 8
6 9
5 7
9 2
5 8
1 2
4 1
6 2
8 7
2 7
2 5
6 6
3 7
1 9
10 9
4 2
10 3
9 10
10 7
3 6
6 8
7 4
4 6
1 5
2 2
5 9
4 5
3 8
5 7
5 1
10 1
8 3
7 3
10 3
3 3
8 3
2 1
1 4
8 8
9 8
4 5
9 5
9 8
1 4
4 1
1 1
7 9
6 4
8 1
4 5
6 10
4 6
7 8
3 3
6 10
6 4
2 1
3 4
10 8
3 2
8 4
1 9
7 7
10 6
8 1
1 9
4 8
9 6
4 7
6 2
10 10
3 8
6 2
8 3
2 4
4 7
10 6
8 8
6 9
8 8
10 6
6 2
3 4
1 4
8 5
4 6
8 9
1 9
10 9
7 10
9 1
4 1
5 7
10 1
7 4
5 10
3 9
4 8
6 1
3 4
8 1
9 3
5 7
5 5
7 3
7 2
1 3
4 7
3 6
1 6
3 8
6 9
5 6
7 6
5 3
10 2
5 8
2 10
8 5
10 6
4 10
10 1
8 8
8 4
10 7
1 6
1 4
6 4
9 8
1 10
3 5
1 5
9 3
9 1
1 7
1 9
2 5
1 7
9 6
9 2
7 3
4 8
8 10
2 10
6 9
3 7
4 5
8 6
1 4
6 2
8 1
5 7
8 9
2 6
5 1
7 8
1 1
1 6
6 7
4 9
8 2
8 3
8 10
9 8
3 4
7 10
10 5
6 9
9 9
9 4
7 8
3 5
9 1
7 6
4 5
2 10
7 8
1 3
9 7
3 4
2 7
5 6
7 1
2 5
9 8
2 6
10 5
8 8
9 8
2 9
8 9
8 3
5 7
10 1
5 2
3 3
4 6
2 4
5 3
2 5
1 1
6 2
6 2
8 7
5 4
9 4
6 3
6 1
1 9
7 4
2 5
10 7
3 10
8 6
7 7
8 3
1 5
9 7
10 8
9 8
2 3
10 7
7 8
4 5
4 4
6 6
8 2
5 10
5 1
2 2
4 4
2 8
3 10
1 5
9 3
6 5
9 3
3 8
9 10
9 9
10 2
2 10
9 3
8 1
9 7
10 4
5 9
1 4
9 6
6 4
9 5
7 9
9 3
9 3
7 10
8 10
9 6
8 3
5 4
1 7
4 1
2 6
3 7
6 8
6 6
1 10
5 8
6 3
3 3
8 1
3 4
4 7
6 2
4 8
6 1
4 9
1 9
1 9
3 10
1 7
1 10
3 7
3 4
7 3
8 9
7 8
4 5
6 1
4 8
4 2
10 6
3 10
4 4
4 5
1 8
3 6
2 7
7 4
2 3
8 8
1 2
7 6
9 1
2 6
2 3
1 6
5 2
5 8
2 2
7 6
5 8
4 4
5 4
10 7
5 3
10 7
6 1
6 4
7 2
6 10
10 6
7 3
5 2
7 9
4 5
4 4
6 2
6 10
9 10
9 1
6 1
10 6
9 2
4 8
6 7
9 2
5 1
5 5
9 9
9 3
7 10
10 6
4 9
8 3
7 3
4 10
10 1
10 1
1 5
5 10
6 3
4 9
1 5
4 10
6 8
4 9
4 3
6 6
6 10
4 6
1 7
4 10
6 2
9 1
3 3
7 4
3 4
3 1
1 7
3 9
4 2
3 6
3 8
10 4
8 1
8 6
3 4
7 2
5 2
6 8
1 10
9 1
6 6
2 8
4 4
7 4
6 5
10 10
5 9
4 1
8 1
3 10
1 2
6 9
6 9
5 2
7 1
10 2
2 1
3 4
9 2
7 7
2 7
8 2
7 3
10 3
9 2
1 2
9 9
1 1
3 10
2 1
4 6
1 5
10 3
1 4
8 1
3 2
1 3
10 9
1 6
1 7
7 8
6 2
10 9
4 9
7 1
1 6
7 3
4 4
10 5
9 2
8 5
3 3
6 2
5 6
8 6
4 6
2 2
1 8
6 10
8 10
1 1
9 6
1 10
3 7
6 9
9 5
2 1
7 3
9 5
4 8
9 8
4 5
10 7
4 7
7 5
5 4
5 2
6 4
9 7
1 2
10 2
5 1
3 7
7 6
4 4
5 1
2 4
6 8
8 7
9 6
3 5
4 10
6 6
5 5
3 5
9 5
10 4
4 8
6 3
6 10
5 8
7 2
2 10
6 6
9 7
1 5
8 10
7 7
2 3
6 8
4 9
4 9
8 4
6 10
5 3
5 10
3 2
2 6
6 8
10 1
9 3
5 7
4 8
4 4
10 10
5 6
7 2
8 3
1 4
7 9
3 8
6 7
5 6
9 8
10 5
5 7
6 3
3 2
9 3
10 7
3 1
10 9
9 7
3 4
5 2
6 3
2 2
2 6
10 7
1 2
3 5
1 3
2 1
9 7
2 7
7 4
5 2
7 3
4 6
4 7
5 7
9 2
4 7
1 4
9 8
4 6
6 9
4 9
1 6
3 5
4 6
2 10
2 9
9 9
9 1
3 1
1 8
9 3
8 7
10 10
5 8
1 4
1 1
7 8
5 2
4 6
3 3
7 1
6 9
9 1
1 8
5 3
4 3
1 6
3 9
2 7
3 5
7 2
6 10
9 1
8 10
6 3
2 1
6 10
5 2
10 2
1 6
7 10
5 2
7 4
3 4
2 9
5 10
6 2
5 7
4 10
4 5
2 1
10 5
1 8
6 9
1 9
10 5
5 6
7 2
5 10
7 3
4 1
4 5
9 10
7 8
7 2
1 10
7 1
7 1
8 2
10 7
9 2
2 5
2 10
6 9
3 6
9 3
9 1
9 10
10 1
7 10
6 9
3 10
2 9
3 2
1 2
8 9
4 6
9 5
8 10
9 3
4 4
1 9
4 2
2 3
9 2
6 1
9 1
9 6
3 8
6 7
7 6
7 8
4 3
8 8
5 1
4 10
7 2
6 8
3 2
2 5
7 3
2 10
5 6
3 9
1 8
7 2
6 7
5 6
3 2
8 4
6 3
1 3
3 2
8 1
10 2
2 4
6 1
2 7
1 9
10 1
3 5
9 5
8 5
5 7
1 5
2 7
4 1
9 7
2 10
1 7
3 1
1 2
4 8
6 3
1 5
10 1
5 4
4 4
9 10
10 9
10 2
8 7
8 8
9 6
1 7
8 7
4 9
9 3
1 5
4 4
10 2
5 10
10 7
10 10
2 4
5 3
6 5
3 9
10 8
10 7
3 9
2 1
10 4
7 4
7 8
9 2
3 7
1 5
7 9
5 5
3 10
7 1
6 3
7 4
1 3
6 7
5 2
5 4
4 9
9 1
7 8
5 2
4 10
3 5
2 5
9 8
5 6
7 9
2 5
8 1
3 4
2 10
9 7
2 2
1 3
4 10
3 2
4 1
3 8
9 8
7 10
8 7
2 3
7 6
1 2
3 7
9 8
9 5
6 9
5 9
7 10
2 10
6 10
3 4
1 10
9 9
6 2
3 2
8 6
3 4
8 7
7 6
10 9
9 5
9 2
1 7
2 1
4 3
4 5
2 2
7 9
7 7
5 2
2 4
6 7
2 4
7 10
7 9
9 10
6 6
7 3
5 10
6 4
1 9
3 1
5 7
5 1
1 9
1 5
8 4
2 1
6 9
5 10
5 3
6 7
2 10
3 4
5 3
4 7
6 8
7 1
2 1
5 5
7 1
7 8
6 8
4 4
3 1
2 8
5 8
6 3
8 5
4 6
6 1
10 9
6 3
10 2
3 2
3 6
3 5
3 3
8 7
8 1
4 10
1 10
3 6
6 1
9 2
7 8
5 2
8 6
3 1
7 9
9 9
8 1
9 6
1 5
4 3
9 1
10 5
10 5
10 3
8 2
9 4
6 10
7 10
7 2
2 3
1 10
5 2
10 3
10 10
1 3
6 3
7 9
10 7
8 8
1 9
9 9
4 2
10 5
1 3
7 4
8 2
10 4
3 2
1 3
9 10
1 5
4 5
10 10
9 4
2 2
8 6
10 9
3 6
5 3
1 3
1 4
4 4
5 2
1 8
4 3
5 6
6 6
5 6
7 3
4 9
9 8
4 10
3 3
6 2
3 9
9 4
10 2
3 9
4 10
2 6
4 8
8 2
5 4
6 5
4 10
6 2
8 3
4 2
6 2
4 9
10 9
10 5
8 1
10 4
7 2
4 6
8 3
2 10
2 1
3 5
2 6
6 10
6 3
10 4
4 8
6 8
1 2
9 9
4 1
2 7
2 9
4 7
7 1
9 6
7 5
9 4
6 3
1 5
8 3
9 9
3 9
3 3
5 5
3 5
1 6
3 10
2 6
1 9
4 2
2 6
2 1
4 4
3 6
4 4
7 5
5 9
9 2
8 8
10 4
6 7
1 7
6 9
10 2
1 2
5 1
4 6
10 1
10 1
2 2
10 5
8 8
5 3
8 6
6 1
6 5
8 8
7 3
5 2
3 4
8 5
1 2
3 9
3 8
5 7
8 5
2 9
6 9
2 10
3 2
6 2
2 8
5 4
5 1
10 7
6 2
3 8
5 9
7 4
1 9
5 2
2 1
7 9
2 3
1 4
10 4
5 5
8 10
2 9
3 7
9 3
2 5
4 2
3 1
8 8
6 2
4 4
6 6
2 5
5 3
9 1
6 3
8 7
2 3
1 4
4 7
1 2
9 9
6 3
7 8
3 5
5 3
1 4
6 7
10 3
9 2
6 8
5 4
9 9
2 10
4 10
8 8
4 6
6 4
6 1
4 2
2 10
5 10
5 2
5 10
3 3
5 1
6 3
6 9
1 5
4 6
6 2
4 7
8 5
3 9
7 3
6 2
5 5
4 2
1 7
1 3
1 8
4 8
1 9
1 7
7 1
1 3
9 2
5 5
8 6
9 10
2 5
1 1
7 2
8 8
9 8
10 1
2 8
8 5
2 4
9 3
9 5
2 4
6 4
8 4
7 6
2 10
6 4
6 3
3 2
7 8
5 3
8 2
8 7
7 10
1 5
4 4
5 2
6 1
8 6
5 5
6 7
5 1
5 7
6 5
5 6
10 8
10 5
9 3
10 10
10 4
9 8
7 10
1 10
9 2
5 2
8 5
1 8
4 2
9 2
10 4
2 10
7 3
2 7
1 6
9 5
9 4
8 2
8 1
1 8
3 4
5 2
3 6
3 5
8 6
3 3
7 8
4 8
7 6
5 4
9 1
8 3
9 4
7 7
1 10
7 3
7 6
2 9
3 6
8 10
2 5
10 3
6 9
8 8
7 6
9 9
6 7
2 3
2 5
6 1
8 2
7 9
8 3
4 8
6 2
9 7
2 1
7 5
6 1
3 4
8 6
10 4
8 4
7 8
7 8
8 6
8 9
1 2
10 7
7 6
2 4
1 7
6 6
10 9
6 6
10 10
2 5
4 5
6 9
7 10
9 6
4 5
6 10
3 9
5 3
6 2
1 5
3 3
8 2
6 2
5 5
9 4
10 7
10 8
3 6
1 3
9 7
10 5
5 2
9 9
1 9
6 3
8 10
2 7
4 7
3 4
9 8
6 5
10 8
8 1
10 5
5 4
9 9
7 5
3 5
8 7
6 5
6 5
9 6
1 7
5 3
2 5
8 5
8 10
3 8
5 10
10 10
3 6
10 5
6 4
1 7
7 7
10 3
3 1
1 9
9 7
1 6
2 5
2 8
1 1
10 5
7 8
2 9
4 9
6 2
10 7
1 5
7 6
10 8
4 9
7 9
3 8
2 10
10 2
5 4
5 3
1 2
5 2
9 8
6 7
4 4
9 6
8 7
7 8
6 6
10 1
1 9
5 1
2 1
7 5
9 7
2 8
8 10
2 7
3 5
2 6
5 9
2 3
3 10
8 10
8 9
1 2
9 10
8 7
4 7
3 1
7 6
3 7
8 9
8 6
7 4
6 8
9 2
10 10
2 7
10 8
2 4
1 7
4 6
4 10
6 9
3 10
7 1
9 7
10 3
5 3
3 3
3 2
6 7
10 4
4 8
2 1
8 10
4 8
9 5
5 6
10 4
4 2
9 5
10 9
3 10
8 4
4 7
6 6
3 10
8 4
4 2
3 6
2 9
4 4
10 8
3 10
3 3
10 6
6 3
1 1
5 4
6 6
1 1
4 6
4 1
1 10
2 7
2 5
1 2
5 8
1 9
6 10
4 3
6 7
1 2
1 8
2 7
6 2
8 1
6 2
10 1
3 5
2 8
1 3
7 7
6 7
1 3
8 1
5 10
9 2
2 2
6 1
1 1
5 4
5 7
5 6
5 9
7 7
10 7
10 2
8 7
7 9
3 2
3 3
6 2
3 4
10 2
2 7
10 10
4 4
6 7
2 5
2 10
1 2
10 10
6 5
1 6
5 1
2 10
7 9
7 5
9 1
2 4
9 10
10 1
2 5
8 1
3 4
5 7
6 10
1 5
8 7
1 5
5 8
8 10
5 2
7 5
5 7
8 2
8 3
8 1
8 4
6 6
4 4
3 8
3 9
2 4
5 2
4 4
1 8
5 2
10 2
4 5
4 10
7 4
3 9
3 7
1 2
9 8
2 6
7 9
5 10
3 3
3 4
1 4
7 1
9 2
9 5
1 7
3 4
10 2
1 3
6 10
2 3
4 10
3 1
3 2
3 5
7 10
5 4
9 3
4 5
2 3
1 8
5 5
4 7
6 1
7 6
10 6
8 5
4 4
8 9
1 8
9 6
5 9
7 1
5 9
2 8
6 3
6 7
6 5
6 3
1 8
8 8
5 2
4 10
5 4
5 5
4 8
7 10
4 6
10 5
1 10
7 4
9 2
4 9
5 2
2 4
6 6
5 3
4 7
2 9
8 1
3 7
5 5
6 1
7 9
4 1
3 7
10 3
8 10
1 7
2 7
8 3
1 6
2 5
8 2
1 9
6 5
10 10
1 2
2 1
5 4
9 2
7 5
10 8
4 4
6 3
1 9
5 7
6 4
7 7
1 5
7 2
7 5
4 10
6 4
2 6
3 1
8 7
9 5
2 4
9 7
4 2
3 3
5 5
5 6
1 8
5 3
10 8
8 2
10 5
2 4
7 10
2 6
6 6
10 5
1 10
5 10
10 1
5 2
1 6
10 7
10 8
1 4
7 2
7 7
2 8
10 2
5 5
6 8
8 2
5 9
9 1
7 10
7 2
9 8
3 4
1 9
3 4
6 6
10 5
10 7
4 7
6 10
7 8
5 9
6 5
1 7
1 7
5 2
2 3
6 3
7 4
9 9
1 7
10 8
7 6
9 7
1 8
4 6
3 5
8 2
10 10
9 10
5 4
7 1
2 9
5 6
3 10
3 2
3 6
8 1
7 9
8 8
4 8
5 1
5 2
5 2
3 3
10 9
3 9
7 7
8 8
10 1
5 1
5 2
8 5
4 6
6 8
4 6
10 10
10 2
7 2
4 5
9 3
9 1
10 2
2 9
4 4
6 3
9 9
7 6
1 5
3 1
7 3
8 4
5 10
3 9
2 7
2 6
5 10
1 6
6 3
6 6
7 4
6 3
6 2
7 3
2 3
1 3
6 9
10 2
4 1
7 3
4 6
2 7
9 2
1 1
7 9
10 7
10 3
10 2
3 2
8 3
6 3
10 6
4 5
10 5
8 2
1 10
8 1
7 5
1 1
2 9
5 3
8 7
4 8
10 10
10 5
6 5
4 6
2 7
8 10
1 8
3 2
1 9
8 4
4 1
4 8
8 4
5 6
6 2
3 4
6 8
6 7
7 1
10 2
6 6
7 1
9 9
7 2
2 10
8 10
10 8
2 1
2 10
10 10
9 1
5 8
9 6
5 3
7 7
8 7
3 1
7 6
6 10
3 9
4 5
4 9
6 8
6 6
4 6
1 8
10 3
4 7
10 5
2 4
3 5
4 1
3 8
3 3
8 4
5 6
3 7
9 3
7 4
4 8
4 10
7 4
3 6
7 1
3 6
4 1
3 1
5 9
1 3
2 6
1 1
10 4
7 9
2 10
1 10
5 10
6 7
8 9
10 2
2 6
1 4
1 6
4 5
10 1
2 7
7 4
8 10
7 8
4 6
5 2
9 2
2 1
2 6
9 3
5 1
6 2
9 1
9 4
6 2
9 2
3 9
7 3
10 7
6 2
10 10
4 2
9 7
2 4
5 6
5 10
4 7
6 1
5 9
2 10
4 3
9 5
2 2
7 9
1 7
4 9
2 10
9 6
3 9
5 2
6 2
4 1
8 10
4 4
4 3
4 1
5 4
1 3
4 9
5 2
9 10
9 8
7 5
3 9
5 4
7 10
5 1
10 2
2 9
5 8
10 4
9 10
7 8
1 4
6 1
6 1
4 6
5 9
8 5
4 10
2 6
8 5
7 7
4 4
3 7
4 1
4 10
10 7
8 3
2 10
9 8
5 9
1 10
8 1
6 2
10 1
9 6
2 4
8 8
2 7
6 3
4 5
9 3
1 5
9 2
5 5
3 4
3 7
9 8
2 1
8 8
10 4
8 6
7 10
8 5
2 2
4 6
7 4
10 2
4 4
10 9
5 6
9 7
5 7
10 3
1 3
8 3
6 3
1 9
6 5
1 5
5 4
2 6
7 8
4 8
3 6
9 5
10 1
6 7
3 7
10 9
1 5
8 8
6 9
5 10
6 3
3 1
8 10
5 9
5 6
8 8
8 9
4 7
9 1
2 1
1 6
1 9
5 7
4 10
2 6
10 2
7 3
4 1
6 1
10 1
1 3
2 3
6 8
8 10
10 1
8 7
1 7
3 3
2 8
5 2
7 8
8 9
4 5
8 7
4 1
3 8
1 1
6 8
5 10
4 2
7 10
9 8
8 6
2 10
2 2
1 10
2 7
9 4
9 3
6 3
4 7
4 8
8 3
8 4
9 4
10 3
10 9
6 5
7 7
3 1
2 4
9 5
5 3
8 8
5 7
8 2
8 10
8 4
10 7
5 2
9 3
2 10
9 5
8 10
8 4
6 4
5 2
9 9
3 6
1 7
4 3
2 7
6 4
5 6
9 10
1 6
3 1
3 7
4 10
3 10
4 6
6 8
5 8
8 2
4 2
4 7
9 10
3 8
1 2
10 3
4 8
2 1
1 8
9 10
8 7
3 3
9 10
4 8
4 9
1 1
7 1
6 1
10 6
6 3
4 3
3 3
1 4
4 10
3 6
7 9
3 3
5 8
9 1
9 7
2 1
2 3
5 5
9 2
2 10
1 7
8 7
9 4
6 10
3 3
1 3
10 9
4 4
10 4
8 6
8 9
1 5
8 3
10 3
10 7
8 5
8 2
10 9
10 9
5 5
1 4
5 9
2 5
9 8
4 5
10 4
1 8
3 6
3 10
6 7
4 2
9 1
1 10
9 4
3 9
4 3
5 2
2 9
1 9
7 4
7 7
7 10
7 8
3 4
10 6
6 2
2 6
1 9
8 2
5 7
9 9
1 4
10 5
5 3
4 6
1 3
6 5
7 1
9 5
5 8
8 5
1 4
7 6
5 2
6 7
7 7
1 8
5 2
4 8
2 2
4 7
7 4
2 2
7 1
10 2
7 5
6 8
6 5
6 2
4 7
6 9
3 7
4 1
2 10
10 6
8 7
9 2
5 5
3 4
8 10
3 2
8 9
5 7
8 7
4 6
9 2
1 8
5 10
4 4
9 10
7 5
9 3
1 3
9 1
1 10
1 7
10 6
8 3
4 6
1 8
4 10
3 5
8 10
8 3
8 6
10 7
10 9
8 10
1 3
3 8
5 5
7 6
4 4
9 1
4 4
4 1
5 6
9 2
1 9
6 9
4 10
8 8
5 1
6 1
2 2
8 8
2 3
6 9
6 10
1 4
6 3
9 4
2 9
6 2
7 10
1 10
7 7
9 1
8 3
2 10
10 7
2 8
1 3
4 1
10 8
2 3
3 5
3 3
3 4
2 1
8 1
6 8
6 5
1 7
2 7
9 7
4 4
1 2
9 5
3 7
3 7
1 10
2 10
4 7
9 6
10 7
1 1
2 4
3 1
8 5
10 8
5 2
3 4
5 2
2 3
8 9
4 3
6 8
8 8
7 2
5 3
8 7
8 5
6 6
1 9
4 4
3 10
10 1
6 4
5 3
10 6
3 10
4 5
10 6
5 4
8 5
2 7
5 5
5 10
6 9
5 3
8 8
7 6
7 1
7 5
4 3
1 10
3 2
4 3
3 3
3 2
5 5
6 2
4 4
3 3
10 8
7 7
2 4
8 9
4 2
1 7
1 1
8 9
6 9
6 8
5 10
3 2
1 5
5 6
4 6
1 6
4 4
7 7
10 5
9 7
1 4
1 1
1 10
2 4
8 3
8 7
2 6
6 5
3 6
8 1
3 1
4 3
5 8
8 1
5 2
9 1
8 6
7 4
3 3
3 7
8 1
3 4
2 1
10 10
6 1
8 9
6 6
1 9
8 9
1 1
8 3
6 7
9 8
2 7
8 7
3 3
6 6
4 2
5 10
1 1
1 6
2 6
3 2
4 2
7 2
2 4
5 5
3 5
5 5
10 9
4 1
5 9
5 3
6 9
1 1
2 1
10 4
4 2
2 5
2 6
10 7
1 1
8 2
8 5
1 3
8 9
8 4
8 9
6 2
8 1
1 9
6 5
7 1
10 9
7 6
7 9
9 7
5 6
2 2
10 10
3 10
10 4
3 5
5 8
1 9
10 4
2 5
6 7
5 6
2 7
9 5
7 5
9 9
4 4
5 3
6 8
8 9
5 10
8 4
9 6
5 5
1 4
8 7
8 8
3 4
6 7
10 5
3 10
2 8
7 7
3 8
10 6
8 10
8 4
5 5
2 4
4 1
7 4
4 4
10 8
1 10
1 10
10 1
8 3
5 9
6 2
5 6
10 2
8 4
3 3
3 4
7 7
3 3
9 10
1 3
10 3
2 10
6 1
1 6
3 6
1 5
10 7
4 10
8 2
7 8
9 1
9 5
8 4
4 5
5 3
10 4
4 3
8 6
9 4
7 2
1 9
1 1
3 1
4 3
10 6
3 9
9 2
2 3
1 2
2 4
10 4
3 10
2 10
7 9
6 4
2 1
10 10
9 2
3 6
2 5
6 9
5 9
8 3
10 3
5 4
8 2
8 5
1 3
2 10
5 7
8 10
2 3
8 8
1 9
10 5
6 2
8 9
5 6
4 2
9 3
10 4
2 1
1 6
8 7
3 9
5 3
5 1
6 1
6 6
10 6
8 2
6 4
6 2
3 5
7 1
8 2
9 3
8 10
3 10
7 5
10 2
3 4
2 2
5 10
7 2
6 5
7 6
8 4
5 6
2 10
10 7
1 1
4 7
1 1
9 7
4 3
5 4
2 8
6 5
8 2
7 9
1 3
2 8
6 10
6 8
6 1
10 2
2 2
5 5
8 4
10 3
6 10
3 2
6 7
3 1
5 3
9 3
4 6
8 6
2 10
4 8
6 10
2 7
7 7
1 9
9 9
8 5
1 10
9 1
3 3
9 8
6 4
2 9
10 2
2 5
10 7
3 10
9 1
9 4
3 10
10 2
4 9
3 10
8 7
6 9
6 2
9 3
1 1
1 7
7 7
9 10
5 10
9 2
7 6
1 6
7 10
6 7
3 10
9 1
7 2
9 7
7 4
3 8
9 3
4 7
5 3
9 9
8 4
3 8
10 4
5 6
3 5
8 2
7 3
7 5
4 9
3 4
5 1
9 2
8 10
7 7
9 3
1 10
4 3
9 3
10 1
2 8
1 7
9 2
2 3
6 4
7 4
5 4
8 3
1 6
6 8
7 5
1 6
6 1
4 3
6 5
2 3
4 3
2 1
4 2
8 6
2 4
4 7
4 7
1 10
2 9
1 6
8 4
10 2
5 2
3 2
5 10
8 1
2 3
2 8
9 1
2 1
7 6
6 2
6 9
2 3
2 9
1 5
1 10
10 7
6 9
3 3
6 1
3 7
4 3
2 8
6 8
1 5
8 10
2 7
2 3
10 8
10 10
1 10
7 8
3 3
1 10
6 1
4 2
4 5
1 8
8 3
1 7
7 2
8 5
1 5
6 5
7 3
1 10
2 9
9 4
4 6
8 3
4 4
2 2
7 3
4 4
5 7
2 4
2 5
2 4
9 10
8 10
1 3
5 2
1 3
6 10
5 4
7 4
9 6
10 7
10 7
8 7
2 8
7 3
7 9
4 5
5 2
9 1
1 9
3 3
4 8
1 6
8 2
3 7
9 8
10 3
8 3
9 2
4 1
8 10
6 1
10 3
3 9
7 3
9 3
5 10
8 9
10 1
10 1
4 10
1 6
7 9
10 5
5 4
10 2
4 9
4 7
3 10
8 7
10 3
6 4
1 9
7 10
3 3
7 5
8 9
7 1
9 6
2 8
8 10
3 6
6 10
4 7
8 4
1 2
8 10
8 10
8 1
10 10
2 3
5 10
1 10
3 8
8 1
10 3
6 9
1 9
10 7
6 10
2 9
1 1
6 2
5 7
4 1
4 4
7 3
2 4
10 2
5 2
7 8
2 3
4 2
2 9
3 10
1 10
3 10
3 3
6 7
2 10
2 8
10 9
3 5
4 10
5 3
8 5
5 8
9 2
10 4
3 8
8 10
9 9
1 6
3 10
9 9
2 1
8 9
7 9
7 2
6 7
3 8
7 2
1 1
8 8
6 7
10 1
4 7
1 9
4 5
1 7
8 2
6 8
4 9
10 10
1 6
9 9
10 7
8 1
7 3
6 2
6 1
10 1
8 6
1 8
10 1
2 9
1 8
3 4
5 7
3 4
2 5
10 8
2 2
9 3
6 4
4 6
3 5
10 9
1 10
1 4
2 10
9 2
9 10
3 5
6 1
3 9
2 7
2 7
2 4
4 7
2 2
3 2
10 5
5 6
10 2
10 5
8 1
1 4
5 10
10 9
2 10
10 10
3 1
3 5
7 2
1 10
8 5
3 7
1 3
10 6
1 8
5 3
8 10
5 7
8 6
10 9
8 5
9 5
4 4
1 1
6 8
3 10
1 3
2 2
8 6
8 7
9 9
1 9
4 7
8 1
7 10
9 3
5 7
7 5
3 5
4 10
4 5
5 6
6 9
10 4
10 2
4 4
6 4
9 5
2 6
3 5
10 5
2 7
9 6
3 1
9 6
6 2
9 9
6 6
3 9
5 4
2 6
8 7
4 5
1 4
9 1
6 5
5 2
8 10
5 7
7 1
4 10
7 1
4 3
7 1
6 9
10 9
10 1
7 1
1 7
3 5
2 3
1 8
7 8
6 8
2 6
3 6
7 10
2 2
5 3
6 3
3 1
7 9
1 3
7 5
3 8
9 7
5 3
5 9
10 2
10 10
5 4
1 3
8 6
2 2
3 9
5 2
9 4
4 4
1 4
4 9
4 5
5 7
6 5
4 6
8 7
2 4
10 9
6 8
1 8
4 9
8 5
3 5
8 4
4 1
5 9
4 10
7 3
3 7
3 9
2 6
6 3
7 6
3 8
6 2
10 10
9 3
9 4
6 1
2 10
7 10
3 4
5 6
1 9
9 7
6 1
1 2
3 6
3 3
10 3
8 8
9 5
6 6
10 10
5 4
10 2
9 6
9 3
2 8
8 6
9 3
4 2
3 6
1 4
3 3
9 1
9 2
8 9
7 10
2 3
10 8
10 4
6 7
2 4
3 2
4 2
3 5
4 7
8 2
5 8
6 4
3 4
1 9
10 8
3 2
7 3
6 2
8 3
3 10
2 9
3 7
7 6
8 4
7 10
3 9
10 5
10 5
3 5
3 10
9 5
2 2
2 1
1 3
7 4
9 7
3 7
7 6
2 7
9 9
9 2
4 10
2 1
8 9
5 3
3 3
6 4
7 1
10 1
2 4
1 8
4 1
7 1
2 10
4 3
10 4
3 5
10 9
6 7
2 1
6 5
1 8
5 9
6 10
2 5
8 6
2 6
1 5
9 5
9 2
3 1
9 6
1 8
3 4
5 7
8 9
10 4
9 10
2 8
3 1
6 2
6 10
3 2
9 3
7 8
2 2
6 4
8 1
4 2
9 1
8 6
10 1
6 7
8 7
1 7
3 8
6 4
5 5
7 6
10 5
2 1
3 4
3 5
6 7
1 6
6 7
1 8
9 1
10 7
1 8
2 6
8 1
3 4
4 4
8 2
7 5
1 9
3 4
4 5
1 8
2 2
1 3
9 5
2 8
1 8
9 7
8 5
8 1
9 6
5 2
6 3
4 7
5 1
8 7
1 3
10 2
7 8
3 7
6 1
6 7
5 2
1 8
8 4
9 9
2 3
2 6
6 5
8 10
8 1
9 2
10 9
4 9
9 10
5 3
4 6
8 1
7 6
5 6
10 3
7 8
8 8
1 1
6 7
9 7
3 6
2 8
1 7
1 1
8 9
5 9
5 3
2 8
3 9
6 3
2 4
9 4
4 1
9 10
10 9
6 9
6 8
9 3
3 2
8 9
7 9
8 1
4 8
10 3
5 7
3 7
9 2
10 7
3 10
7 6
5 3
3 1
9 4
2 8
9 5
6 8
6 2
7 2
2 9
4 2
4 7
3 4
7 1
1 5
10 7
10 9
1 7
5 6
4 9
10 7
10 3
2 5
2 6
6 4
3 10
2 5
4 4
10 10
3 6
3 10
10 4
7 1
10 3
7 6
10 4
6 2
2 5
4 5
9 2
1 6
6 5
3 5
5 10
7 6
3 6
8 7
10 7
10 4
3 4
6 6
10 9
4 5
10 7
1 9
3 5
8 3
1 5
10 8
3 2
2 6
1 4
3 2
7 10
6 9
3 8
2 4
3 5
1 9
6 2
4 9
5 9
10 8
8 3
7 1
3 3
6 3
8 8
10 5
8 5
5 7
5 9
3 10
5 6
10 9
5 10
10 9
9 7
3 2
1 3
10 7
4 9
3 6
10 3
4 4
2 9
6 3
5 8
3 5
2 8
6 6
3 10
1 8
1 8
3 1
5 3
9 6
10 4
3 9
5 3
9 9
6 4
9 10
6 6
8 7
4 10
5 4
1 5
4 1
1 6
9 8
9 3
9 10
2 2
9 8
8 4
8 6
10 10
6 9
4 4
8 4
10 2
9 2
5 8
8 1
4 1
5 6
1 1
4 4
2 1
4 7
7 7
10 1
9 7
4 5
2 8
2 7
2 7
7 3
7 1
9 6
1 9
5 4
4 4
6 6
6 9
5 4
6 5
8 6
6 6
8 10
2 2
6 4
8 6
6 5
9 3
7 9
6 2
6 3
4 7
2 6
4 6
1 7
3 1
2 2
4 8
1 7
1 4
3 2
7 2
2 9
7 7
6 8
9 10
3 1
1 10
10 10
3 6
9 10
8 10
5 3
7 9
6 9
6 9
10 7
6 9
8 8
5 5
9 7
1 2
4 6
1 10
5 9
6 9
6 4
10 7
8 9
8 1
2 4
9 5
6 9
3 10
4 9
1 9
10 4
7 4
4 10
2 1
2 9
3 1
4 3
3 9
3 3
3 7
3 3
3 5
3 3
1 9
6 3
2 7
4 6
7 4
5 7
10 5
3 5
7 10
10 5
4 10
3 5
9 2
2 2
5 1
2 8
9 2
7 9
10 8
3 10
5 7
1 9
6 3
5 4
3 5
9 4
9 10
9 3
3 5
2 7
5 7
2 3
8 3
9 7
9 10
1 6
4 9
10 8
9 10
10 7
5 5
4 10
9 5
2 4
1 5
4 3
1 8
1 6
4 10
6 2
9 1
4 2
10 2
5 7
4 6
9 6
7 3
3 1
8 7
9 9
4 8
5 7
3 1
9 5
10 2
8 6
8 10
7 2
8 7
2 3
4 4
6 7
2 4
9 3
7 1
3 7
10 1
1 2
8 5
5 1
8 6
6 5
9 7
4 7
8 6
8 2
3 8
10 5
9 1
1 10
9 6
1 2
3 5
3 8
7 4
10 6
3 8
5 7
5 9
8 9
1 2
6 10
10 4
3 1
1 7
5 10
5 9
1 2
9 7
9 8
10 5
3 2
2 5
6 8
10 7
8 2
8 6
6 8
7 10
9 5
1 2
4 10
8 2
9 2
3 10
5 7
2 9
1 8
5 9
7 5
7 2
5 1
8 7
7 3
6 3
3 9
5 4
10 7
5 9
8 10
4 1
4 6
9 3
2 2
3 5
2 3
4 9
6 7
7 1
4 8
10 1
9 6
5 3
10 3
2 5
7 10
1 3
9 3
4 3
8 10
9 10
1 7
8 10
9 2
8 6
6 9
8 10
4 1
2 2
3 4
2 8
1 7
2 8
9 10
5 7
2 1
6 1
6 1
10 5
7 10
7 10
1 5
1 2
9 4
4 4
8 8
3 9
4 3
4 4
4 6
7 7
7 9
8 4
3 4
3 5
8 4
7 8
10 1
9 4
5 8
5 8
5 9
3 1
3 8
6 4
7 7
3 4
6 2
2 2
6 2
10 2
4 8
4 8
5 4
6 8
6 3
7 5
10 6
8 7
8 2
6 3
2 9
1 8
10 9
2 5
2 6
5 7
10 4
4 6
1 8
5 1
8 7
6 8
1 6
4 6
7 1
6 4
7 9
2 7
10 1
8 10
10 10
3 1
2 6
4 10
7 5
9 3
4 1
5 4
7 8
6 10
9 8
8 1
9 9
8 6
5 9
3 3
4 10
7 9
4 8
8 9
10 6
3 3
8 7
4 5
5 4
7 5
7 8
9 7
9 1
9 3
2 4
1 8
4 8
1 10
1 8
7 4
8 10
5 2
4 3
3 1
7 8
1 9
1 8
2 4
10 7
8 1
1 8
8 10
2 8
10 5
2 7
4 1
6 5
4 7
1 6
4 9
2 8
2 2
3 5
4 7
3 1
9 7
9 8
2 6
2 10
1 4
7 6
10 3
5 4
1 3
5 6
9 9
4 2
3 3
4 2
5 7
8 2
9 4
9 2
6 6
9 1
1 9
6 6
8 3
8 2
1 6
5 4
9 4
7 10
6 5
10 10
8 7
4 5
4 3
3 4
9 9
3 9
3 5
6 3
9 10
1 5
9 10
5 1
6 10
1 5
4 9
6 9
2 9
7 6
4 3
4 8
3 7
6 5
6 6
1 5
7 6
8 8
3 1
8 8
5 4
3 4
4 6
9 7
1 6
5 5
7 6
2 3
5 7
5 6
6 10
4 3
5 8
2 1
6 1
9 10
1 2
8 2
3 10
5 2
1 3
7 1
8 5
1 6
5 3
9 2
9 5
8 4
5 1
5 7
9 6
1 1
3 2
7 5
2 8
3 5
2 2
5 1
1 9
7 5
4 8
4 9
9 4
1 10
7 2
5 1
4 1
6 6
4 1
1 7
5 2
5 9
6 6
3 3
4 1
8 4
10 5
2 9
7 9
6 4
9 4
3 9
2 3
6 1
5 5
10 2
6 5
4 2
1 9
1 6
6 8
3 7
4 4
9 7
10 7
4 6
9 4
1 10
3 6
2 4
6 9
4 3
9 1
6 5
6 2
3 2
3 2
6 10
5 8
9 1
8 9
4 4
10 2
8 3
9 10
10 8
1 5
8 5
1 10
2 2
8 6
3 6
1 2
4 8
8 6
3 3
10 7
8 5
10 5
10 1
5 5
7 5
4 9
2 3
9 1
2 5
1 3
8 4
9 1
6 5
3 8
6 5
7 2
1 7
5 10
3 1
2 6
7 1
2 9
1 1
4 7
10 8
10 3
4 6
3 1
7 9
9 8
1 6
10 6
8 3
6 6
10 5
8 6
8 3
7 6
1 1
6 10
6 1
10 5
8 4
10 9
7 5
7 3
6 7
2 10
4 9
3 8
4 1
4 1
4 5
8 4
3 1
6 10
9 1
3 3
1 3
5 4
10 9
6 5
3 7
9 3
4 6
4 4
5 5
2 5
6 7
5 6
10 3
7 3
9 8
7 7
10 8
4 2
4 7
7 3
5 9
9 5
8 9
3 3
7 2
6 3
4 4
5 3
9 2
6 10
7 3
5 7
10 4
4 5
6 10
3 8
1 3
9 3
7 4
4 6
1 10
7 10
1 3
4 7
2 9
7 1
5 10
1 2
8 4
6 9
7 1
10 2
7 6
7 3
4 2
10 5
10 3
4 5
9 4
1 6
4 5
4 1
10 7
7 4
8 4
7 10
9 7
5 10
5 8
6 2
3 4
10 10
8 5
6 10
4 8
9 2
3 4
5 2
1 10
2 8
3 3
1 4
5 8
8 10
10 3
10 3
5 9
3 10
10 3
1 4
1 8
10 4
9 7
6 4
6 7
5 7
4 9
10 6
5 2
2 7
3 7
10 9
9 6
1 7
4 3
9 7
2 1
8 2
2 2
1 6
3 4
1 9
1 4
10 8
8 1
3 5
5 3
2 4
6 5
8 10
7 4
9 3
2 9
1 1
6 9
8 8
10 5
6 9
5 6
7 6
7 6
8 7
4 6
7 2
9 1
10 10
7 5
3 8
5 6
4 4
3 4
7 10
5 6
7 10
2 5
8 2
5 10
7 1
4 5
5 4
6 2
6 7
7 5
10 9
7 2
8 10
5 1
10 7
9 6
3 2
7 4
6 5
10 1
7 3
5 1
2 7
1 4
9 7
9 1
1 5
8 8
3 9
3 9
1 2
1 3
4 1
9 4
2 3
4 8
2 1
1 8
5 2
10 7
6 9
9 9
5 8
6 10
5 10
9 2
7 9
7 10
4 2
5 6
3 3
10 10
3 9
3 9
4 7
1 2
4 10
9 7
5 6
3 7
1 1
3 2
7 7
6 10
6 5
6 3
5 1
5 8
8 5
5 10
7 1
5 3
8 4
10 5
3 1
2 10
10 5
4 8
2 10
5 1
1 4
6 10
7 2
2 10
1 10
9 8
8 7
2 2
5 2
10 2
6 3
1 8
7 7
10 2
2 6
6 6
8 2
2 4
3 8
10 2
7 4
3 7
2 2
8 10
1 4
8 7
10 6
4 2
3 3
5 9
1 2
10 4
5 4
5 6
4 1
9 8
3 8
7 6
10 7
10 3
10 4
6 7
6 1
3 3
9 7
1 1
3 1
6 2
6 8
3 1
3 7
5 2
9 6
2 8
2 3
1 2
10 9
7 8
3 7
6 7
3 7
6 9
9 10
8 2
9 10
6 10
6 9
9 1
8 7
10 6
6 6
8 4
6 7
2 6
4 5
9 6
2 9
1 9
10 9
5 6
1 6
5 2
2 5
6 7
5 3
2 8
3 5
7 3
5 6
5 10
6 8
1 9
4 9
7 9
9 8
7 2
1 2
8 2
2 3
6 7
9 5
8 10
1 1
1 1
8 7
4 1
1 6
6 9
2 2
8 3
7 7
8 3
1 9
1 5
10 5
6 1
4 2
5 2
4 10
7 10
1 3
2 7
8 5
7 6
5 2
6 3
7 4
1 7
7 10
8 1
10 5
10 7
2 1
10 9
9 4
1 1
2 1
9 1
8 8
5 3
8 6
10 8
5 4
7 2
7 8
3 7
1 2
7 7
2 9
3 6
8 2
1 2
2 2
10 1
6 2
2 6
3 6
4 2
3 9
6 9
1 8
4 2
7 9
6 6
7 4
4 8
4 1
2 9
9 4
2 10
1 4
7 4
4 5
10 5
4 5
1 4
7 4
8 1
7 2
2 7
7 10
5 5
8 1
3 8
3 1
8 6
7 8
7 10
9 1
5 10
4 8
4 9
1 6
3 6
6 7
2 8
3 8
1 9
8 4
2 4
6 1
1 6
2 2
8 2
2 7
3 1
2 6
2 10
1 1
7 1
4 8
3 6
2 4
2 10
10 4
9 7
3 2
5 3
6 10
10 9
5 7
7 5
8 4
2 6
4 7
4 2
5 4
8 6
9 1
10 8
1 8
4 6
2 1
4 3
4 2
4 7
7 6
5 7
8 9
10 2
5 5
10 7
2 9
3 9
9 10
9 5
3 2
9 8
9 6
4 1
2 8
9 10
4 4
8 7
4 8
4 8
10 3
1 5
9 10
1 10
8 7
1 2
3 10
6 5
6 10
3 2
8 1
7 5
1 2
6 10
8 2
1 5
7 9
7 8
9 1
3 5
2 5
6 1
1 4
9 2
6 9
5 6
8 7
10 5
8 6
6 6
10 8
4 1
9 6
3 3
3 9
2 2
7 1
5 1
6 8
9 2
9 1
2 9
10 9
4 10
8 6
2 1
4 7
10 7
4 8
2 5
2 8
10 8
3 7
8 3
3 1
8 8
8 6
10 5
9 8
5 1
10 6
6 6
10 3
10 10
5 10
10 8
4 4
4 1
7 8
8 10
3 8
3 1
1 10
5 7
2 1
7 4
7 10
7 9
1 4
1 5
1 1
10 7
4 1
5 6
4 6
7 7
8 9
7 6
8 6
6 6
6 8
5 1
5 8
8 1
6 7
9 7
5 4
3 6
7 6
2 2
10 2
9 7
10 5
2 5
8 8
5 2
10 7
10 9
2 7
9 3
8 4
6 9
4 6
3 7
1 3
10 6
1 9
7 2
9 7
1 4
10 4
9 5
6 2
5 5
4 6
8 9
8 5
6 10
6 8
1 3
8 5
10 3
10 3
2 2
6 3
1 5
1 1
2 4
3 6
2 1
9 7
1 3
2 4
7 8
10 7
3 1
9 3
5 6
10 1
8 10
2 9
4 2
4 1
5 3
2 4
3 4
9 10
9 6
4 5
7 6
3 7
8 3
1 5
5 1
2 10
2 4
1 7
3 7
3 5
9 5
4 9
2 10
4 10
7 9
3 4
3 7
10 9
1 1
9 3
10 4
10 6
3 9
2 7
7 10
9 8
1 6
3 7
9 10
7 2
6 2
9 6
7 4
7 3
2 9
10 6
5 8
3 10
9 4
4 9
9 10
9 3
7 7
3 9
7 4
9 7
8 4
6 4
8 9
1 7
2 3
2 7
2 3
6 3
3 5
9 10
8 7
9 4
3 4
1 10
1 8
2 1
8 3
1 2
10 10
10 8
2 1
4 1
10 8
1 6
8 1
8 9
5 6
4 3
1 3
10 8
7 4
2 2
8 9
9 10
7 1
1 3
6 5
5 2
10 8
5 3
3 5
10 4
10 10
8 5
2 7
9 5
1 10
8 3
7 10
4 6
3 1
1 8
10 2
10 3
5 1
9 8
4 4
5 5
1 10
8 6
9 3
1 7
8 3
10 9
1 7
7 7
5 4
2 3
9 9
9 2
2 7
2 3
4 2
7 4
5 1
1 10
4 5
9 4
6 6
10 4
6 10
8 8
4 2
8 3
7 2
5 5
4 7
8 1
6 9
2 4
9 6
5 4
4 5
2 8
5 7
1 4
4 6
5 4
4 8
5 7
7 5
3 4
2 10
5 3
8 1
3 1
6 4
10 3
3 1
7 4
1 10
7 2
7 4
9 1
6 8
3 4
1 9
8 2
1 7
10 2
8 7
9 1
3 2
1 1
9 6
5 5
6 5
2 1
5 1
3 9
4 1
9 3
4 4
9 4
4 9
10 7
3 9
2 3
4 6
7 9
8 4
9 7
4 9
5 7
1 8
5 6
9 4
6 8
3 4
1 8
6 3
4 8
6 5
2 4
7 10
9 7
7 3
4 8
2 6
7 6
4 6
6 3
5 8
10 10
5 7
10 9
1 10
6 7
10 6
3 8
9 9
3 10
2 1
5 1
4 10
1 5
10 3
5 1
3 10
9 8
1 6
3 7
6 7
6 6
4 4
7 1
6 9
5 2
1 10
5 5
7 7
4 4
7 4
10 2
10 1
7 10
9 9
3 2
1 3
3 6
5 8
6 1
6 4
4 2
10 7
5 6
1 9
2 8
6 5
5 10
3 1
7 10
4 9
10 4
9 2
8 9
6 2
5 8
9 7
6 6
3 1
4 10
2 6
5 2
5 4
6 5
9 1
2 1
10 4
9 5
4 8
10 10
7 7
4 4
8 2
10 6
8 5
1 9
2 3
7 10
2 8
8 5
5 2
1 5
6 4
2 10
7 3
8 3
3 2
3 9
9 1
3 5
9 9
10 2
9 2
5 1
8 3
2 5
7 1
2 7
2 2
7 3
10 7
3 6
1 7
8 4
4 2
1 7
7 5
9 4
2 9
10 7
5 1
1 2
3 7
9 1
10 8
7 9
5 3
7 5
10 2
5 1
9 4
9 2
7 1
6 10
5 10
3 1
7 2
6 3
9 5
7 10
3 3
7 8
5 1
7 7
4 5
8 1
3 6
5 5
1 7
6 10
5 2
2 2
7 1
6 9
4 8
1 4
4 5
6 2
2 7
9 1
2 10
6 9
7 5
2 10
5 8
3 3
1 7
4 2
4 7
3 9
6 1
3 4
10 1
4 1
10 9
9 6
5 2
2 4
2 5
3 2
5 10
1 4
5 9
9 5
5 5
5 6
8 2
10 8
9 7
3 4
4 7
9 9
5 5
1 7
4 4
5 2
2 2
10 7
4 9
5 6
6 1
8 9
9 7
4 4
4 9
5 3
7 9
5 1
8 7
4 9
8 2
5 4
8 1
1 4
9 1
2 6
9 7
4 6
8 3
10 2
1 2
4 5
8 1
4 3
7 5
3 5
5 6
4 6
7 8
2 4
9 5
3 3
6 6
2 6
8 5
8 4
2 1
2 6
5 1
1 2
1 10
10 9
6 9
5 9
8 9
6 5
3 1
6 10
3 1
8 4
7 3
2 8
4 5
6 4
2 4
4 2
5 1
1 4
7 3
8 8
3 8
2 7
9 9
1 2
5 1
2 1
2 9
6 10
10 6
7 9
6 10
9 2
3 5
8 6
4 9
1 2
10 7
9 3
5 2
2 4
3 5
6 5
3 2
2 6
2 7
8 10
3 3
1 5
2 6
8 2
5 10
3 4
1 3
10 8
1 7
5 4
5 5
7 5
6 6
7 10
5 4
10 9
1 9
2 8
8 9
1 9
1 6
3 4
3 1
4 2
3 4
5 2
8 10
6 2
3 7
3 1
3 4
4 2
1 9
10 10
6 3
6 5
10 7
1 9
5 8
3 7
2 10
8 10
1 6
6 1
5 2
1 6
7 5
6 4
9 8
3 9
6 10
2 4
9 8
9 7
3 4
2 8
3 7
2 5
6 3
6 3
2 4
7 8
9 6
3 8
3 7
4 10
3 7
8 10
5 5
8 9
3 1
10 4
4 5
6 8
4 3
1 4
4 2
6 5
4 10
2 10
9 1
4 10
4 1
7 7
1 10
9 6
1 7
10 9
3 3
3 6
10 8
9 5
10 3
8 6
4 5
1 5
5 5
7 4
4 1
8 6
6 3
10 4
10 6
5 5
1 9
5 4
6 9
4 3
7 9
10 6
7 3
1 7
3 4
5 10
7 1
2 1
4 10
9 7
8 2
2 1
3 10
9 4
10 1
7 10
3 7
6 4
3 9
2 4
1 5
6 1
1 5
7 2
7 5
8 9
1 2
3 6
7 10
5 6
1 6
10 10
4 6
5 4
6 9
6 2
3 1
2 3
10 4
5 3
7 2
10 2
8 4
1 8
3 2
4 8
6 6
10 5
5 4
2 7
2 2
5 5
5 8
1 7
2 5
5 5
6 10
8 3
9 3
10 6
4 5
3 1
7 4
5 4
8 5
7 4
2 4
3 3
5 3
2 8
2 1
7 3
5 10
9 2
8 7
1 8
4 2
5 3
7 5
8 4
4 4
2 4
2 3
8 8
1 5
5 4
9 2
8 9
5 8
8 3
8 9
3 5
8 4
10 5
4 5
3 6
1 1
5 2
7 8
7 8
1 6
4 10
2 9
6 6
3 6
7 8
2 4
9 2
6 5
2 7
2 3
5 10
4 10
1 4
2 10
10 10
6 4
4 10
9 5
1 4
10 9
7 5
10 9
5 2
2 7
7 1
5 10
8 1
10 3
10 2
3 4
9 2
6 9
4 2
5 6
7 4
8 5
6 7
9 4
3 3
5 8
2 6
1 3
7 10
10 10
8 4
10 1
7 2
3 5
10 2
2 6
7 10
6 8
2 1
8 4
8 9
3 8
7 4
9 3
3 1
10 6
7 4
2 10
10 3
7 9
8 6
6 8
7 7
1 6
7 6
4 8
3 3
2 8
5 10
5 3
4 7
5 7
5 9
6 4
7 8
9 7
1 10
4 2
3 5
9 8
3 8
3 1
8 6
1 5
2 4
3 7
8 9
5 8
2 7
6 8
8 6
8 8
9 10
1 2
2 1
7 2
1 10
7 2
3 3
6 8
9 8
5 1
2 1
8 4
8 5
9 7
5 9
2 8
8 1
10 8
3 8
8 5
3 2
4 3
1 8
2 6
9 5
6 10
6 5
4 9
7 10
6 7
3 7
4 7
4 4
2 6
8 7
6 6
5 1
4 10
1 3
10 8
10 6
3 5
6 3
8 5
5 5
10 9
6 6
3 5
3 3
2 1
6 7
10 4
2 1
10 7
8 8
1 5
5 10
6 7
3 6
10 9
5 7
8 5
3 7
4 1
3 9
8 1
8 7
9 5
10 2
1 7
10 10
1 3
9 5
8 2
3 9
4 7
10 7
1 3
8 10
7 6
1 5
9 2
5 7
3 1
10 7
3 5
7 4
7 3
6 10
2 3
7 9
1 10
5 3
2 3
6 4
6 2
9 8
1 8
4 5
9 8
10 4
2 5
4 3
1 4
2 6
3 10
1 1
7 9
7 6
1 3
10 8
4 7
1 2
8 5
2 1
10 5
5 6
1 1
5 2
10 4
4 5
1 7
2 6
3 2
2 4
1 1
2 4
7 10
5 10
1 3
4 6
6 6
6 4
7 5
8 2
2 4
7 9
1 7
6 9
2 6
10 1
5 3
10 10
9 1
3 6
8 3
7 3
10 10
6 4
7 6
5 1
3 4
8 6
6 6
1 7
9 6
4 2
8 2
10 9
10 6
1 8
5 9
5 2
10 9
4 5
4 5
5 7
6 2
10 4
2 6
4 4
1 4
10 5
6 1
5 1
3 10
8 5
10 5
3 8
8 3
9 5
6 4
8 3
4 4
10 4
2 5
8 7
6 9
8 7
8 5
5 1
6 1
4 7
6 2
4 4
7 5
10 5
4 7
8 5
5 7
5 1
7 4
6 4
2 8
10 1
7 5
6 1
10 3
3 2
1 5
1 2
9 5
7 10
9 8
3 9
7 9
7 7
4 8
2 5
10 5
4 2
2 10
10 2
10 8
8 6
10 6
4 2
3 7
4 5
10 9
1 3
7 1
10 6
5 3
3 7
3 7
2 5
5 2
3 3
4 7
5 1
6 1
2 3
5 1
9 2
9 10
10 4
9 1
4 3
6 3
9 9
6 4
3 2
6 10
5 5
8 7
8 4
8 4
6 6
6 4
5 9
2 8
10 8
6 9
3 4
9 8
10 4
7 1
5 8
1 6
8 1
1 8
5 1
7 6
3 10
6 5
6 9
3 7
1 9
2 2
8 1
1 4
3 10
5 5
1 10
7 9
2 10
7 4
1 4
3 7
10 4
5 4
9 1
8 2
3 4
6 8
7 3
1 3
3 9
1 7
1 4
2 3
1 10
7 6
6 10
2 10
10 9
10 3
5 10
8 6
9 5
3 8
5 4
5 6
5 2
9 9
5 5
5 4
10 1
6 1
2 5
5 3
2 10
1 9
10 3
2 2
3 2
5 10
10 4
7 2
2 9
4 9
2 10
7 2
2 6
9 5
3 9
3 5
6 5
8 8
6 6
2 8
3 7
9 10
3 4
8 8
5 4
5 7
4 9
3 5
6 3
1 2
4 1
2 10
5 1
4 9
3 8
2 6
6 7
5 6
8 10
9 2
4 5
5 1
5 8
8 5
9 4
3 5
1 5
4 3
6 10
4 4
7 2
1 8
6 3
4 5
10 2
8 2
8 7
5 10
1 8
2 2
9 6
9 10
10 9
7 2
3 8
8 1
8 5
8 10
1 8
9 3
2 5
2 9
9 10
3 7
8 7
9 5
10 6
2 6
6 9
6 9
4 9
3 7
1 3
5 1
3 9
3 4
7 8
5 6
7 8
3 7
5 1
5 3
8 2
2 6
3 7
8 5
10 10
10 8
1 10
3 10
10 3
8 5
9 2
1 9
3 7
2 10
2 7
1 1
10 10
10 3
10 10
8 3
8 9
8 6
1 8
3 1
1 4
6 2
5 10
1 6
6 3
7 2
7 10
8 3
7 6
3 3
6 2
2 6
8 7
3 6
1 5
3 5
6 8
5 7
8 4
5 6
10 4
10 10
6 6
6 5
9 2
9 8
7 7
3 4
9 10
1 5
3 6
9 1
2 2
2 1
7 8
10 9
9 7
3 10
6 9
7 7
7 6
6 4
2 5
7 10
7 4
9 8
9 7
1 2
9 4
1 8
1 7
7 7
10 2
3 6
6 4
6 3
7 1
5 6
3 7
2 3
9 7
7 6
1 2
9 4
2 10
2 2
3 5
10 9
8 5
5 5
6 10
10 10
5 2
10 1
1 3
1 3
5 9
6 7
2 8
8 1
9 5
10 4
10 1
4 1
5 3
3 5
7 8
6 10
10 10
9 4
2 2
2 9
8 2
3 1
7 4
7 5
9 7
10 1
1 5
10 10
9 9
9 5
8 4
10 6
9 5
1 10
10 8
3 8
3 7
5 4
4 1
9 6
1 9
5 2
3 8
9 6
1 3
1 3
9 5
6 3
10 4
1 10
3 9
7 9
2 8
5 9
18 14 58
20 20 51
15 17 88
19 19 69
11 13 76
20 15 64
12 18 73
12 14 50
18 12 63
10 18 93
18 20 64
11 18 68
18 14 74
20 10 62
19 18 69
19 11 81
18 17 83
14 10 98
17 20 70
17 19 97
13 13 59
19 10 67
15 18 72
18 11 87
12 19 89
19 16 58
20 19 95
18 10 70
15 12 56
18 13 67
20 11 97
11 13 54
18 15 58
17 15 99
15 13 77
14 12 58
20 13 70
15 12 57
16 17 88
14 19 73
13 19 61
19 18 93
11 17 74
14 16 54
17 10 51
19 11 81
18 12 94
17 12 62
19 10 71
11 18 73
10 17 51
13 17 92
12 13 72
18 14 54
10 17 92
18 15 56
13 18 88
11 18 74
17 12 55
16 13 88
20 12 56
13 15 57
14 19 68
10 20 70
20 20 93
12 12 60
10 15 86
12 12 50
20 19 72
17 18 74
19 16 79
16 14 82
11 18 74
13 14 55
19 14 75
15 20 87
20 20 69
17 13 55
17 10 51
15 14 65
13 18 53
19 16 94
12 15 94
17 11 60
18 10 69
20 12 56
10 13 98
14 16 84
19 19 51
11 12 71
11 13 93
13 20 94
19 14 58
11 16 74
12 12 69
12 15 59
14 19 79
13 16 99
12 15 97
20 12 99
10 15 82
16 11 76
15 20 79
13 19 81
13 19 57
15 12 72
10 13 51
11 17 96
14 16 51
13 13 53
11 18 84
15 18 62
14 20 83
13 20 64
18 11 58
11 17 89
17 10 67
14 18 67
10 15 86
15 18 94
11 11 56
11 15 75
18 17 77
13 19 57
18 20 90
17 16 85
15 16 51
12 15 55
20 16 54
14 18 65
16 20 83
16 15 94
13 12 59
16 14 100
11 11 87
16 15 77
15 17 54
17 18 91
19 17 95
13 11 75
10 17 90
18 14 83
20 15 89
10 16 74
12 20 73
11 10 97
18 15 96
18 16 58
17 10 91
16 10 77
16 15 71
14 20 98
11 19 52
16 20 85
18 15 77
14 19 70
14 12 92
20 11 66
10 13 89
18 16 95
15 20 93
13 18 100
13 16 61
18 14 83
17 17 80
20 10 73
15 15 61
14 17 80
14 17 78
15 20 66
10 17 64
13 14 65
15 11 87
12 19 84
14 20 53
16 15 71
14 16 74
18 17 69
19 15 68
16 11 62
15 17 90
14 20 68
19 10 82
10 18 92
10 10 89
14 14 97
14 16 78
16 20 50
19 16 73
11 13 89
18 17 88
10 19 69
12 19 99
17 17 54
16 15 72
18 11 52
14 14 100
13 10 84
12 11 91
18 10 61
17 17 88
13 12 93
19 15 58
17 10 96
11 11 77
19 12 54
13 11 98
19 15 91
18 20 99
12 14 84
17 19 95
20 12 65
15 12 50
14 19 72
20 17 57
13 18 52
16 11 76
17 13 74
15 15 99
12 17 69
10 12 61
11 19 86
17 15 58
14 10 71
14 14 70
19 19 72
19 16 59
19 15 66
18 11 79
11 13 71
12 12 68
17 17 87
11 19 60
15 19 78
19 12 98
14 15 64
18 17 87
10 20 69
16 15 100
13 16 60
15 14 76
10 12 85
18 11 91
16 14 85
18 16 87
17 10 61
17 15 99
16 14 92
14 14 60
18 10 63
16 16 55
10 12 87
10 14 90
12 15 53
16 12 95
20 12 59
18 10 83
20 16 87
17 20 66
11 18 79
19 19 83
18 14 53
15 10 72
16 13 81
16 16 77
11 19 57
10 12 82
17 10 81
12 10 52
14 12 70
15 19 58
16 12 61
16 14 84
19 16 63
12 11 60
14 11 98
11 18 53
20 19 63
11 14 61
13 15 71
20 17 76
18 15 68
12 19 94
11 19 50
11 18 75
16 19 65
13 17 55
16 15 72
17 12 78
11 10 77
11 16 60
11 19 95
16 19 75
18 13 71
14 10 64
11 16 69
16 20 70
11 13 59
13 12 70
13 12 67
17 18 51
10 13 71
17 14 87
20 17 64
13 17 85
19 17 84
17 15 71
11 13 73
19 17 86
16 12 63
11 10 78
15 20 99
15 12 58
14 15 71
17 17 94
20 11 67
14 17 65
10 13 64
15 19 75
10 20 63
12 14 83
16 14 53
12 16 62
16 17 57
10 13 51
11 12 51
13 10 73
14 12 73
19 11 98
19 16 67
17 18 86
10 11 55
15 15 64
15 13 82
12 10 71
14 19 76
16 16 89
16 10 55
18 17 62
11 11 85
12 10 97
13 20 75
18 17 82
13 18 82
11 11 66
17 12 62
15 13 100
11 15 83
12 14 96
19 13 87
18 14 93
14 14 74
11 11 54
18 19 80
12 15 50
11 19 94
13 20 65
10 18 66
12 14 92
14 15 72
12 12 85
13 10 61
17 16 57
19 13 81
14 15 56
15 13 78
10 16 87
20 14 77
10 20 82
17 13 62
15 11 74
20 13 80
18 18 50
12 18 86
12 15 90
17 16 63
14 12 83
20 15 78
19 13 72
17 16 82
10 17 62
14 12 99
20 10 85
20 19 71
16 10 99
19 17 95
11 16 68
13 19 93
20 20 91
18 20 78
12 17 95
11 13 57
15 11 54
11 15 83
17 17 70
20 18 54
18 11 57
19 10 65
10 12 55
18 10 98
18 20 95
18 19 68
15 18 62
17 10 72
14 16 99
12 13 100
18 19 74
17 15 57
11 18 58
15 20 74
16 18 78
19 11 83
15 17 60
12 12 85
14 19 60
10 11 97
13 12 98
13 18 73
12 11 81
19 10 95
16 16 91
13 17 57
13 14 58
13 16 87
10 16 51
17 19 92
19 10 78
19 16 55
16 20 60
20 15 100
16 17 92
15 10 73
14 10 96
18 11 74
17 18 76
13 14 90
14 11 60
20 18 52
18 19 85
14 10 92
17 13 85
20 20 90
13 11 69
14 11 60
11 20 54
19 13 55
11 17 86
10 13 92
18 16 73
17 18 81
12 17 72
20 14 51
14 15 99
10 16 96
11 12 84
13 17 87
18 14 57
16 15 78
18 19 66
10 17 55
12 11 94
18 14 90
13 10 75
11 11 69
14 11 100
20 12 63
17 12 66
11 19 92
11 16 52
15 20 62
16 17 72
11 19 87
10 11 75
17 20 58
13 16 86
15 14 90
20 12 100
12 11 65
18 18 92
20 19 64
14 12 68
12 17 86
18 15 60
13 11 94
11 11 88
15 19 82
14 11 59
10 14 56
15 14 76
19 19 87
14 10 80
11 15 56
14 16 63
18 15 88
13 20 79
11 19 51
13 14 66
12 14 59
11 14 61
19 12 69
11 16 85
13 19 64
18 13 70
11 20 54
10 12 82
11 17 72
19 18 50
18 11 94
12 16 73
20 10 84
16 19 56
15 14 54
17 14 68
10 10 90
12 15 76
10 15 93
18 13 81
19 19 68
20 12 76
19 16 83
11 10 59
13 15 82
18 10 51
11 11 51
16 19 62
19 15 99
20 18 65
20 13 73
14 20 84
15 14 68
13 18 79
18 11 51
12 18 83
16 20 55
18 17 82
12 12 89
10 15 56
10 19 80
13 14 78
14 14 79
19 18 63
12 12 73
18 14 99
17 18 91
18 15 82
20 20 88
19 12 51
10 11 88
16 11 55
16 18 53
20 10 83
17 15 87
16 11 58
14 12 53
10 14 80
17 14 78
16 18 86
10 17 56
12 14 60
16 11 98
15 19 52
17 14 98
16 13 78
16 18 100
13 10 84
11 18 55
19 16 74
19 20 83
11 20 90
17 10 58
20 10 50
12 14 74
14 17 87
19 10 54
20 14 64
15 10 68
18 14 81
15 12 65
10 18 81
13 16 71
13 12 56
16 12 61
12 12 97
19 14 97
20 18 96
10 12 55
10 14 89
19 15 57
15 12 83
19 20 70
16 10 68
13 19 53
18 13 88
11 15 79
20 10 65
15 18 70
18 11 57
10 14 99
20 14 76
18 17 72
15 10 56
16 15 91
19 13 76
14 11 50
19 18 65
14 16 99
17 16 91
13 16 54
11 12 72
14 17 73
18 15 55
20 14 54
12 20 71
12 14 58
17 16 72
17 20 50
14 16 94
20 18 89
14 10 54
12 17 68
10 17 96
20 11 90
19 14 76
10 10 84
17 15 99
16 15 77
17 20 90
12 18 95
11 10 80
18 13 58
17 14 87
11 12 79
20 10 59
17 20 94
20 18 86
12 20 64
13 14 54
13 11 69
15 17 58
19 19 96
11 14 77
11 20 81
20 14 56
11 13 78
14 14 56
10 18 79
12 15 87
11 14 100
12 13 51
18 13 61
13 20 96
19 18 60
18 13 52
19 12 62
13 13 81
17 15 92
19 17 52
13 15 65
14 20 60
13 10 78
15 11 73
11 18 65
11 13 77
19 15 51
11 10 68
17 18 82
18 13 80
15 10 92
18 10 67
16 12 86
18 20 92
10 12 84
11 11 76
12 15 60
11 13 97
10 12 52
15 14 60
16 16 81
20 12 56
14 13 70
18 18 94
10 17 79
14 14 84
10 13 77
14 13 82
14 19 57
11 15 94
15 18 78
19 20 88
16 18 53
16 11 89
19 18 81
20 14 76
13 12 94
20 16 74
18 17 87
20 12 54
11 14 61
18 13 99
18 18 98
18 12 73
15 18 88
13 12 71
20 17 83
17 11 83
12 19 72
18 12 99
14 16 74
12 15 93
15 17 80
12 15 68
14 11 53
12 10 95
19 13 86
18 10 89
16 11 77
17 18 88
17 13 77
18 20 87
17 18 52
11 12 93
14 20 86
13 17 67
18 18 74
15 19 88
13 17 100
17 19 83
16 19 52
17 12 99
20 20 92
15 13 98
10 14 84
10 19 69
15 18 53
20 20 99
19 12 100
12 11 80
15 14 73
20 17 54
14 13 80
15 11 77
18 13 100
17 16 97
10 20 63
12 20 69
13 15 94
19 18 65
16 14 75
15 16 58
15 20 61
17 16 56
11 15 98
15 16 85
19 16 61
12 18 54
16 11 63
20 19 81
10 14 99
15 13 87
16 10 62
17 18 53
16 15 61
13 10 89
15 13 84
20 19 53
14 18 81
10 11 65
10 13 93
14 15 91
11 19 70
14 14 76
18 17 59
15 20 93
18 10 73
19 16 92
16 16 73
16 18 90
20 13 54
17 17 92
10 10 52
12 15 68
20 18 76
13 14 95
10 20 59
16 17 94
12 13 85
14 13 58
17 16 81
19 20 77
13 12 73
13 11 86
20 20 100
13 10 55
12 19 87
18 20 81
13 16 72
14 14 99
17 17 76
17 11 83
10 14 55
20 10 50
13 17 59
20 20 93
11 11 51
10 10 58
15 20 84
15 16 50
16 17 54
16 14 90
12 14 91
14 12 81
17 19 75
11 14 51
10 18 56
16 15 58
10 20 76
17 15 53
17 18 66
18 19 78
15 16 65
14 15 85
19 13 76
10 13 83
12 11 57
18 17 50
20 14 57
11 18 93
20 13 87
11 14 87
14 17 65
18 14 55
14 17 77
10 18 80
11 20 99
19 13 68
10 13 93
13 19 50
18 13 65
20 13 71
18 14 66
13 19 51
20 17 59
10 17 92
10 15 97
15 12 75
10 19 92
11 18 67
16 14 51
19 15 78
13 10 60
19 17 84
13 13 50
11 15 88
13 18 84
17 12 86
10 17 73
14 14 54
15 16 74
14 18 84
10 11 65
12 14 69
10 13 78
13 17 100
20 15 52
20 19 89
12 16 72
20 14 58
13 19 57
16 19 61
18 12 94
16 20 73
19 12 82
15 18 92
11 12 73
11 14 66
11 12 91
11 16 98
20 17 82
11 10 91
13 20 85
15 19 56
15 16 79
17 16 64
10 17 58
11 20 68
14 13 53
15 14 97
14 18 64
19 10 92
10 20 87
20 12 96
20 18 81
13 11 57
19 17 95
13 16 94
20 11 63
10 17 95
11 10 56
19 13 65
13 12 95
12 13 99
12 13 95
10 13 65
12 14 89
10 20 67
10 19 76
16 13 96
14 20 96
15 12 73
19 13 64
12 11 53
10 11 96
14 19 77
15 16 57
16 19 57
13 14 100
13 20 54
13 19 56
20 18 54
17 19 85
10 15 89
17 19 60
16 13 68
17 15 52
20 13 75
20 12 50
19 19 50
18 16 65
10 17 55
20 11 53
12 14 69
19 15 72
14 14 92
16 18 68
11 12 79
14 19 87
11 11 56
16 15 67
16 12 74
11 17 51
18 15 57
13 12 59
18 10 76
15 20 92
11 11 100
11 12 53
17 11 54
20 10 85
17 17 81
15 16 76
19 12 72
19 18 88
10 16 76
14 12 58
12 15 67
20 20 87
15 13 87
20 14 67
20 14 78
14 14 73
20 16 63
11 20 86
11 16 98
15 12 74
10 13 50
20 11 83
16 20 58
16 20 91
12 10 86
12 14 58
19 11 100
13 12 70
10 15 95
15 17 90
20 17 81
12 13 63
19 17 88
14 14 57
16 17 74
20 14 64
10 11 59
20 11 79
14 20 70
16 14 100
13 13 71
14 11 98
15 14 58
19 14 74
20 17 52
14 16 78
14 12 82
17 18 88
18 15 69
20 15 84
15 14 65
20 13 84
17 20 100
15 20 56
16 12 63
19 18 98
11 12 58
14 13 51
13 12 83
13 12 75
12 18 82
12 16 58
18 19 56
11 14 83
16 12 80
10 16 87
12 10 75
15 19 60
12 14 71
17 13 67
13 12 79
12 16 69
15 10 82
14 18 57
20 17 80
14 19 82
13 13 66
20 13 61
11 19 85
20 15 78
13 18 59
16 12 89
20 12 71
10 13 60
10 16 75
12 18 87
15 18 71
11 16 73
10 19 55
12 16 52
16 14 92
11 15 56
20 18 93
11 11 51
17 12 71
11 20 50
18 17 73
13 12 53
19 16 97
14 20 83
12 13 58
11 14 85
13 12 95
15 17 72
13 14 70
11 18 68
15 12 96
15 19 56
14 20 87
18 13 77
11 20 79
18 18 56
19 12 57
11 19 58
16 13 86
20 12 54
20 11 96
18 10 63
15 19 60
13 16 50
16 20 69
15 20 88
19 11 54
15 18 83
20 19 69
12 16 97
17 12 97
11 12 54
13 11 98
18 17 78
20 19 66
18 15 57
12 15 72
20 11 57
12 15 67
15 13 67
19 10 76
16 17 61
14 18 65
15 18 94
14 13 83
20 14 51
17 20 58
10 14 94
13 15 54
17 17 98
19 18 79
12 15 93
19 13 82
16 10 79
17 20 59
20 12 51
10 13 77
17 14 58
10 12 95
15 14 100
11 18 61
10 10 75
16 17 80
19 20 98
19 17 55
13 19 62
13 10 76
14 12 56
20 15 96
16 11 85
13 11 77
12 10 86
11 20 76
13 19 77
12 20 98
19 19 56
17 14 57
17 12 85
14 15 54
13 20 79
12 15 70
16 15 99
18 17 60
11 11 73
13 17 95
17 17 58
16 15 63
15 12 94
12 12 83
18 10 68
13 18 51
14 19 92
17 14 99
18 12 59
12 12 82
14 17 63
17 19 59
18 13 71
14 15 98
20 10 74
20 18 52
14 17 69
20 12 73
11 10 88
20 10 73
18 20 96
16 11 66
14 18 90
10 17 100
11 14 80
18 18 61
17 15 97
14 18 60
15 10 93
16 18 74
20 17 50
10 19 63
11 17 56
14 19 69
16 13 78
18 20 86
15 20 67
10 13 77
13 14 75
12 19 95
14 20 98
11 17 81
11 15 97
14 17 96
11 12 82
15 17 71
13 14 52
13 19 86
18 20 85
10 11 78
20 18 66
17 19 80
18 20 60
16 13 74
12 13 51
14 20 72
15 10 91
18 13 87
11 17 63
12 12 89
13 15 84
16 17 57
19 13 68
10 19 97
17 14 96
10 14 54
15 12 75
15 13 71
12 18 86
11 19 63
15 20 81
19 14 59
16 14 87
19 11 87
14 19 55
14 12 83
16 20 66
14 11 89
13 14 96
14 12 59
20 20 72
20 20 69
11 13 66
18 11 76
15 18 98
11 12 56
17 20 52
11 20 91
18 12 98
14 19 64
12 10 84
14 19 76
17 16 98
18 18 98
15 19 77
14 17 73
20 20 81
15 11 71
16 16 51
14 14 87
10 20 60
18 14 62
12 14 80
12 11 65
20 15 96
12 14 88
13 20 70
14 20 80
10 10 59
13 15 69
18 16 79
10 18 81
12 12 66
19 10 67
10 10 89
13 13 65
19 20 67
14 13 64
14 16 51
18 10 91
13 18 52
16 14 67
18 11 97
10 20 77
12 18 59
10 10 68
12 11 64
15 17 100
15 11 58
18 19 81
14 16 68
13 13 87
15 14 92
13 20 85
10 15 75
10 18 81
16 20 92
13 12 89
14 15 89
12 17 73
16 17 82
15 10 61
14 10 86
13 16 57
11 16 80
15 18 83
11 20 78
14 17 53
17 14 93
16 20 95
18 17 57
18 15 69
10 14 84
13 19 84
18 10 84
15 14 51
10 12 60
16 13 54
10 12 66
10 17 62
13 18 74
14 13 87
13 18 92
20 19 94
14 12 91
12 11 60
17 11 83
18 17 61
12 18 60
12 19 74
16 10 81
14 19 94
19 18 63
12 16 55
16 13 59
18 12 74
20 17 99
20 19 70
14 20 57
19 15 68
10 14 52
20 16 88
13 17 90
16 10 94
14 10 89
16 14 93
11 17 99
18 18 98
16 10 68
20 11 67
19 13 70
20 17 75
17 17 70
13 19 66
11 10 100
14 16 56
19 19 59
15 11 93
15 17 55
12 11 57
18 19 99
18 20 56
20 18 87
17 17 94
14 10 72
16 17 54
13 10 63
17 17 87
19 20 89
10 15 68
14 11 70
20 10 81
11 14 89
17 18 59
11 18 89
20 10 95
20 11 96
14 15 85
17 14 89
19 16 58
14 17 95
11 16 90
12 16 96
19 11 58
18 16 68
19 13 55
12 19 63
13 16 93
12 16 58
13 11 60
17 17 75
11 14 68
11 10 53
13 17 51
14 18 80
17 17 76
13 10 84
17 10 89
18 15 82
13 18 50
14 10 81
13 16 59
15 15 88
10 11 78
14 12 81
13 13 73
16 18 71
18 14 100
16 15 93
17 19 66
10 15 59
13 17 68
19 12 87
11 11 76
15 14 85
10 12 90
10 15 56
18 13 84
11 14 94
12 11 66
18 19 97
19 18 89
17 20 91
18 13 73
12 19 63
11 16 84
14 18 57
13 14 66
14 19 80
18 11 67
19 15 72
18 20 81
15 17 85
17 13 52
11 17 77
18 17 59
10 18 65
18 18 78
11 14 56
14 15 96
15 15 61
12 11 75
18 18 61
15 10 72
11 13 79
14 17 59
11 13 76
10 14 100
16 15 75
10 10 76
18 20 64
14 16 61
10 20 53
20 20 63
16 16 83
11 11 87
10 15 93
14 15 80
14 18 52
12 11 82
12 15 80
15 12 63
14 17 58
19 15 93
20 18 99
12 19 56
17 12 87
19 10 79
14 11 58
11 18 94
11 14 96
10 20 57
12 15 56
18 20 76
13 12 58
11 18 58
14 15 85
14 14 72
14 17 89
12 15 73
20 10 61
16 20 74
14 15 77
10 12 73
11 17 99
19 19 98
12 14 55
20 20 82
15 15 89
11 15 52
16 13 72
15 19 89
11 15 92
16 16 67
11 17 90
19 11 69
13 15 97
16 19 100
20 12 76
19 16 67
19 10 97
14 19 52
15 11 70
12 15 69
14 17 98
15 15 92
14 11 51
13 16 93
20 11 56
11 14 87
15 19 95
11 16 82
16 19 51
11 19 61
20 11 89
18 17 94
17 15 82
16 18 94
15 13 70
11 17 65
10 16 59
20 13 63
20 12 51
16 13 99
19 19 53
11 10 81
16 15 50
10 20 74
17 11 58
15 13 92
20 19 69
14 10 62
14 17 84
11 15 92
10 19 52
14 18 57
19 11 78
13 20 55
19 12 57
20 11 59
10 11 73
15 18 76
18 11 70
18 17 92
12 13 92
14 13 90
16 19 96
17 14 55
10 12 65
14 10 68
19 11 97
16 15 74
14 14 92
14 16 82
15 16 59
19 12 67
12 16 89
20 17 83
18 17 55
20 17 73
14 10 76
14 14 80
18 16 83
20 18 97
19 19 88
19 15 80
13 13 75
12 12 58
19 18 54
10 19 83
16 15 54
17 13 63
11 11 95
15 18 92
11 11 81
13 16 77
20 19 81
10 13 54
16 16 99
14 12 68
14 12 74
14 16 73
17 19 63
11 20 50
10 15 55
16 14 67
20 12 57
10 10 72
10 17 73
13 20 94
11 16 57
10 12 86
13 10 72
16 20 76
15 13 95
17 20 62
14 14 80
12 13 91
14 17 71
11 17 83
16 18 77
17 20 53
17 13 72
11 11 57
10 20 80
11 13 87
17 17 83
16 17 80
14 17 100
13 11 90
11 16 56
10 12 83
13 20 86
18 15 99
18 20 98
13 20 57
17 13 51
11 14 77
13 18 65
19 14 63
13 12 69
20 10 70
17 18 57
14 18 54
13 10 97
20 13 78
16 12 100
10 15 99
14 17 56
15 16 63
12 12 94
17 15 80
19 17 65
20 13 91
17 13 82
20 15 59
13 14 55
13 10 71
10 19 72
15 16 77
20 19 66
17 18 87
10 15 100
12 12 100
10 20 78
19 11 55
13 12 83
17 18 65
10 10 82
11 12 93
10 14 87
14 12 77
20 20 92
18 10 69
11 19 88
17 14 86
20 15 68
16 12 69
10 14 57
20 15 87
15 10 100
20 16 81
20 12 100
13 18 91
11 17 77
10 20 55
10 12 92
18 11 71
10 11 95
18 12 66
11 16 90
12 19 58
20 20 76
18 13 97
14 12 91
17 15 85
13 18 59
11 13 51
11 15 61
19 12 63
10 12 91
12 12 60
15 10 64
12 19 93
16 18 67
10 16 86
14 18 96
19 10 56
17 20 53
12 12 91
13 15 97
16 11 74
14 16 59
15 17 79
20 16 89
20 12 89
14 18 50
11 19 51
19 20 66
14 16 79
15 11 75
18 18 56
18 15 60
14 17 57
13 19 98
11 19 89
13 16 63
10 10 50
14 11 53
16 18 91
16 11 89
19 18 88
11 13 72
16 20 94
18 14 69
20 13 87
18 15 88
19 18 79
15 20 53
11 13 89
14 13 74
20 19 54
13 14 77
11 10 66
17 19 69
15 13 83
19 19 81
13 14 79
10 20 92
14 18 58
20 12 67
12 20 90
13 14 67
19 16 67
20 17 60
11 19 97
16 18 95
10 12 87
20 14 86
19 11 98
20 20 58
17 14 53
14 13 66
10 10 53
12 15 82
10 12 55
12 16 55
18 17 67
12 14 65
13 11 66
12 20 81
11 19 99
12 18 60
13 20 82
13 14 61
19 13 83
17 11 95
12 10 78
13 20 56
16 12 81
18 12 59
11 13 51
11 18 88
10 14 92
14 15 66
16 16 84
14 19 84
17 13 86
12 17 51
10 16 54
10 17 68
10 16 71
20 15 87
20 17 63
11 19 58
12 13 93
14 12 69
13 18 89
20 19 52
12 10 69
14 18 52
17 14 100
13 12 99
20 11 52
13 14 65
14 14 64
15 10 93
14 17 76
12 12 62
20 18 54
11 13 83
15 20 76
17 19 90
18 19 67
16 16 59
13 13 74
11 20 77
18 16 62
18 19 76
15 10 58
16 18 93
12 20 83
19 12 59
11 11 93
14 20 100
18 20 68
19 12 51
19 17 50
14 16 59
13 11 68
15 11 66
13 14 64
19 16 96
18 19 64
11 14 65
10 10 84
12 17 98
11 15 54
17 11 88
10 15 67
15 10 73
18 14 80
17 16 87
20 10 63
18 11 73
14 14 96
14 14 63
18 14 100
13 16 86
14 16 93
10 13 60
10 19 75
17 20 57
16 19 84
17 15 79
20 17 58
15 10 97
18 10 99
14 13 75
12 11 96
10 10 95
18 15 99
11 10 57
15 17 63
11 11 66
18 11 85
12 11 66
13 11 85
17 12 53
15 11 71
16 12 82
16 12 83
11 18 84
15 16 94
16 19 84
17 17 88
12 10 87
10 16 51
19 17 74
11 18 61
17 12 94
12 14 56
17 16 58
15 13 83
20 17 75
18 15 81
13 19 85
20 18 89
15 19 57
17 16 83
15 11 80
16 20 77
19 19 63
19 17 63
15 12 92
12 17 86
13 14 60
11 19 98
14 18 81
15 19 55
17 12 57
11 20 51
11 10 61
12 13 89
15 18 65
19 17 78
16 19 89
12 12 53
11 13 68
15 18 66
14 14 87
20 19 84
20 19 76
14 18 87
18 10 50
12 12 74
20 16 92
14 11 58
11 19 52
10 10 97
10 15 75
12 16 66
14 14 68
14 14 52
17 17 53
14 20 71
16 13 91
11 10 84
18 17 78
17 13 53
10 13 82
16 20 97
18 16 82
16 16 80
10 12 90
17 20 51
10 13 95
10 17 68
12 10 96
14 12 98
11 12 91
20 11 79
17 12 83
12 11 82
19 16 69
10 14 62
13 20 81
15 10 75
19 11 60
18 20 86
14 16 71
15 17 86
14 13 61
13 10 57
18 19 86
20 13 87
12 11 71
19 13 80
20 13 69
10 12 99
19 17 73
12 17 80
14 10 62
10 16 72
13 11 75
14 14 93
17 19 64
17 12 73
19 16 78
14 12 79
19 16 91
15 15 64
19 10 77
11 10 80
10 18 70
19 12 61
14 16 89
18 18 54
15 17 97
12 19 91
17 20 96
11 10 54
20 19 56
13 15 91
10 10 61
18 20 86
17 20 66
19 19 70
11 13 89
15 16 85
11 11 73
11 11 58
19 17 76
12 10 69
10 18 83
10 16 76
15 13 79
17 17 75
11 18 51
11 20 59
10 19 69
11 12 66
20 16 67
20 11 90
14 17 94
12 18 69
14 20 53
17 10 72
15 14 76
12 19 66
12 19 83
18 11 58
19 17 51
17 20 51
10 18 90
13 12 97
19 20 94
17 20 60
13 10 99
13 13 84
18 18 98
12 11 88
13 18 82
16 12 85
16 16 78
15 16 84
10 19 74
17 14 94
14 20 62
13 18 85
17 17 52
13 16 52
11 19 95
16 18 64
20 20 74
17 12 74
17 14 74
17 15 71
20 14 66
12 16 62
20 15 84
20 13 71
16 15 61
11 11 86
11 12 69
11 19 72
11 12 55
17 20 93
17 19 55
17 17 86
15 15 61
15 14 67
17 11 92
16 16 71
19 14 73
