650 1300
6 2
10 4
2 7
4 2
1 5
8 3
7 2
10 10
3 9
9 10
6 6
7 3
4 4
6 5
5 3
8 4
1 4
7 3
1 7
7 7
10 6
7 9
9 10
7 5
1 5
3 3
4 7
9 3
1 6
5 9
2 3
4 10
7 7
10 4
8 1
4 10
6 3
5 9
6 10
10 3
5 3
8 9
8 2
8 9
10 1
3 10
1 2
9 10
4 1
1 8
1 1
1 6
4 8
9 10
5 3
5 7
3 5
6 4
1 4
1 8
5 9
10 3
10 1
2 10
1 4
2 5
4 9
9 4
8 1
1 3
8 9
5 3
6 5
4 7
1 8
2 3
8 9
7 1
4 2
9 1
3 6
4 8
7 2
6 5
3 9
1 2
7 6
9 3
6 1
2 8
8 7
10 6
8 6
8 8
9 8
2 6
9 3
8 7
7 10
3 4
5 3
7 1
3 2
10 1
8 7
8 6
1 4
1 5
7 5
7 4
10 1
2 6
5 10
2 1
1 5
5 10
3 1
6 3
7 2
3 2
9 5
1 8
4 4
10 9
9 9
9 9
7 10
10 8
9 10
8 8
3 6
8 3
8 4
2 7
1 8
7 1
1 10
3 3
6 8
5 5
6 5
1 7
6 3
6 9
5 2
5 5
10 7
10 9
1 7
6 5
3 5
9 10
4 9
2 5
1 3
1 9
10 9
7 7
1 9
7 2
4 9
8 10
5 5
7 10
1 10
6 10
3 2
4 10
6 10
2 7
7 7
3 1
1 10
6 1
4 6
1 6
5 2
7 6
2 3
1 8
1 9
4 10
10 3
7 10
3 4
10 10
10 6
10 9
10 1
10 3
5 8
10 7
5 3
2 3
8 4
6 2
5 9
3 2
7 3
9 10
2 10
1 10
2 8
5 1
4 9
3 5
1 8
9 3
9 1
4 2
8 7
3 7
2 7
1 8
3 4
8 3
8 5
1 7
3 8
9 4
10 10
4 7
1 9
4 3
8 1
3 7
8 3
4 3
6 1
2 2
7 9
1 8
6 3
2 8
9 5
5 5
8 8
2 9
9 8
7 8
7 3
5 5
4 2
8 9
7 10
2 5
9 1
5 8
2 1
7 8
3 7
5 6
2 1
4 6
10 9
10 8
4 1
9 6
5 3
9 2
1 10
7 4
3 2
10 3
9 9
5 2
4 6
10 10
4 4
3 9
5 9
10 4
9 8
10 10
6 10
10 1
10 8
3 4
2 9
1 10
3 9
3 3
1 5
8 9
3 9
5 2
6 4
2 8
4 8
6 9
6 3
7 4
10 3
2 1
4 9
1 1
3 5
4 9
9 8
2 7
7 3
8 10
1 9
9 4
7 2
7 1
9 9
8 4
9 10
1 2
7 9
8 5
10 5
5 6
4 8
7 3
10 1
7 5
6 4
7 2
4 3
5 2
9 3
8 3
7 7
2 2
2 8
5 3
3 4
10 2
7 2
4 8
4 8
10 8
10 2
3 10
10 3
5 4
10 6
7 5
2 4
4 8
6 3
3 5
1 9
4 10
10 9
4 1
6 8
3 7
7 7
3 1
6 1
5 8
9 6
1 5
6 7
9 5
4 6
3 3
2 7
9 10
5 2
5 4
4 6
2 7
1 7
5 9
10 9
7 10
4 5
8 2
10 9
3 8
9 4
2 6
8 6
4 7
3 2
4 1
3 1
8 6
8 1
10 9
9 4
5 3
7 2
10 4
1 7
4 1
2 9
5 7
7 6
4 10
1 5
5 8
7 8
7 4
3 7
3 6
10 1
2 1
10 9
9 10
5 5
9 8
1 8
8 10
6 2
1 6
7 6
1 6
9 3
8 4
1 10
1 2
2 4
6 9
9 6
8 10
10 9
1 7
5 10
7 2
10 2
8 7
9 7
3 2
10 9
9 7
4 10
2 7
9 4
3 7
10 6
10 7
5 2
5 1
6 1
3 10
8 6
1 2
3 4
10 6
4 2
5 3
7 1
7 3
1 6
4 2
6 1
7 3
7 3
4 6
3 2
8 1
1 2
4 7
5 3
4 5
10 10
7 9
9 8
8 7
3 5
9 3
6 8
4 6
4 9
7 1
5 9
5 1
9 10
2 10
10 5
6 5
6 2
10 4
4 10
2 6
8 6
2 8
6 8
5 2
9 2
5 5
4 5
3 4
6 5
6 1
2 4
3 7
4 1
9 4
5 2
9 3
5 6
3 2
8 10
7 6
1 4
7 2
3 4
7 1
1 7
2 2
4 7
6 5
3 8
7 10
3 10
1 3
8 7
7 7
7 1
7 3
5 6
7 3
5 1
8 8
4 4
4 5
5 9
6 3
6 8
10 7
9 4
5 7
8 2
5 3
3 10
4 8
3 1
9 7
2 7
7 6
7 8
8 4
9 2
2 6
5 1
2 4
10 5
9 5
6 8
3 1
2 10
4 6
3 9
5 1
8 6
2 10
7 3
10 6
4 10
2 9
7 2
8 4
1 5
4 2
8 2
5 5
8 1
3 2
2 4
6 5
2 10
6 8
9 6
7 5
9 7
7 8
8 8
4 4
5 9
8 3
8 8
5 3
10 1
3 6
9 7
4 5
9 1
6 8
10 2
2 8
2 1
9 2
2 8
3 6
2 5
9 1
4 8
7 1
6 2
2 2
7 2
6 4
2 1
9 1
6 5
1 3
7 6
5 7
1 7
7 3
5 6
10 1
9 7
4 8
1 5
10 8
9 3
8 5
4 6
4 9
5 4
2 8
10 3
10 3
6 1
10 2
6 3
9 3
1 3
6 3
3 6
3 6
10 8
9 2
1 1
6 8
7 4
8 7
3 10
9 10
5 10
3 3
5 6
1 5
7 4
10 5
2 4
3 4
9 6
6 6
5 6
7 5
10 4
7 9
16 14 95
11 15 79
14 17 57
10 12 66
10 13 96
13 18 54
13 20 74
10 19 99
18 19 82
13 18 81
12 15 83
11 12 60
10 20 90
13 12 91
12 14 93
18 10 89
10 14 81
20 19 87
20 12 69
14 19 91
14 18 75
13 10 57
16 11 57
19 13 80
17 18 75
14 18 62
10 10 92
14 10 70
18 15 87
20 12 93
19 13 76
19 14 73
20 12 86
13 15 82
14 14 96
15 17 56
19 19 52
12 12 68
16 16 92
15 15 51
19 14 91
17 17 62
14 16 52
17 20 86
17 18 76
11 11 72
10 11 76
16 13 59
17 20 90
10 14 83
19 20 90
12 16 79
15 10 64
20 16 73
14 20 91
10 18 79
17 18 100
17 14 94
15 12 63
20 15 79
16 14 55
11 17 51
17 12 94
16 11 100
13 11 77
11 12 59
20 20 70
10 12 56
17 20 56
16 16 73
17 12 91
19 18 52
12 13 53
10 12 76
12 14 100
16 17 61
17 10 97
10 10 74
11 16 86
13 16 99
15 19 90
11 17 92
18 16 63
16 10 87
11 17 58
15 10 51
20 18 94
10 19 84
10 11 69
14 11 73
20 19 82
11 16 88
11 10 57
14 20 99
16 19 76
16 10 50
15 11 97
12 19 81
13 11 81
13 10 86
15 15 66
14 10 70
14 14 96
13 16 96
19 14 68
16 13 60
20 18 97
20 10 91
17 18 89
12 14 61
11 16 59
19 10 71
20 11 88
20 18 88
10 13 52
20 18 99
15 12 98
13 12 53
14 12 92
16 16 73
19 10 74
12 13 76
17 12 93
13 13 64
15 13 55
12 19 64
20 16 62
14 17 67
12 11 56
18 16 73
10 10 95
19 18 70
13 13 62
20 18 97
15 18 91
18 16 91
18 18 70
15 15 81
20 13 88
16 11 97
13 18 65
14 14 83
11 17 75
17 14 85
19 17 50
10 15 90
14 18 64
17 14 87
11 12 92
17 19 70
15 18 69
20 10 50
10 10 63
13 19 95
11 15 55
19 15 90
19 14 68
14 18 85
18 12 78
17 13 76
12 13 100
20 13 93
20 18 97
10 10 76
14 13 85
10 14 79
10 14 55
15 18 74
14 15 74
14 11 78
17 15 95
17 17 100
15 18 62
10 11 96
20 13 69
14 11 50
17 15 95
18 15 81
10 12 60
16 19 67
10 20 92
11 11 77
11 10 69
12 11 87
18 10 90
12 15 82
11 16 51
15 15 98
17 16 72
10 13 69
17 18 55
14 19 51
13 14 89
11 14 83
10 10 53
12 20 85
15 15 86
16 18 50
14 10 84
14 16 95
11 11 57
11 15 99
13 14 57
17 16 88
20 18 87
15 18 72
12 16 53
18 20 82
19 16 58
16 19 77
12 14 96
11 18 63
12 14 52
20 18 98
14 19 69
19 10 100
17 11 93
13 13 95
13 15 75
16 11 87
15 10 98
20 19 65
10 20 53
13 14 92
17 10 78
11 15 98
16 16 60
11 14 94
14 16 66
16 10 88
12 19 51
13 19 53
17 20 76
18 15 58
19 20 97
19 17 100
14 16 92
14 19 61
12 15 78
14 18 83
16 18 67
10 18 80
10 12 100
14 14 54
12 17 98
19 16 95
18 10 59
13 19 76
14 12 56
19 18 67
17 19 55
11 20 55
11 10 66
16 18 64
16 15 80
13 13 95
19 10 70
12 18 51
11 15 81
17 11 64
11 10 72
20 13 51
14 19 85
19 20 88
17 16 87
17 18 94
12 19 81
16 16 98
15 17 87
11 10 56
13 15 90
10 10 77
18 15 99
20 19 60
11 10 88
14 13 92
18 17 93
19 18 86
18 20 54
18 11 82
14 15 83
15 11 56
14 14 81
11 17 64
12 20 72
12 14 80
16 16 56
15 11 67
18 20 68
14 15 55
13 17 91
13 16 78
15 11 55
19 12 84
20 10 82
12 16 79
14 12 72
12 18 53
20 20 60
19 11 53
16 13 78
20 14 87
20 12 64
18 17 87
18 13 74
18 15 72
11 20 85
14 20 95
19 17 60
11 13 84
20 15 92
12 15 92
12 14 81
16 16 81
15 18 70
10 19 91
19 10 53
12 10 87
19 16 71
19 11 64
14 17 85
12 19 55
15 20 93
18 19 66
18 17 88
20 13 61
14 16 84
12 16 99
12 19 97
14 10 86
10 17 93
18 10 64
16 20 83
18 18 74
20 18 95
19 19 66
12 14 58
15 11 80
12 16 70
18 20 57
20 19 90
15 19 85
14 13 95
18 11 67
19 10 79
12 12 59
17 19 63
11 11 72
15 10 64
13 16 50
13 15 81
16 17 95
17 13 85
10 14 75
18 11 68
10 19 75
14 11 88
18 10 73
15 10 80
14 19 71
13 19 59
20 13 71
16 15 73
19 14 72
17 14 87
20 17 86
14 14 92
12 17 70
15 10 69
13 18 50
17 20 83
19 10 57
10 19 73
12 16 99
20 19 70
20 10 95
12 12 88
20 18 57
20 15 97
11 12 82
11 14 57
12 20 69
19 17 55
18 12 94
18 16 78
10 10 89
15 17 51
20 16 93
13 15 95
14 16 85
17 19 56
14 13 59
11 17 52
12 13 51
11 14 90
16 12 90
20 15 97
17 13 68
10 11 63
17 19 50
20 13 55
20 10 55
17 10 69
10 18 69
12 20 63
14 19 63
13 17 99
13 14 86
20 12 81
10 11 58
16 20 91
11 15 85
17 19 60
20 11 69
17 17 63
16 17 62
17 12 77
18 13 81
15 13 80
15 18 52
14 16 58
20 20 91
17 19 78
19 15 96
12 11 54
14 10 86
13 17 54
15 11 56
15 18 87
18 15 89
19 14 69
13 14 59
20 17 50
18 10 77
11 10 69
15 20 68
13 16 78
10 17 91
16 12 52
14 17 76
15 16 97
12 12 64
12 19 59
11 13 90
17 13 65
10 17 57
16 20 93
10 20 88
18 12 84
16 15 80
18 20 90
15 10 62
20 20 94
17 14 91
18 20 69
17 13 97
16 14 80
15 12 88
15 11 75
14 16 74
20 11 52
11 12 76
13 12 73
16 11 65
15 16 77
10 12 85
15 19 88
15 16 68
15 13 87
14 19 82
16 15 61
12 11 87
20 13 92
12 18 90
14 16 95
17 16 60
19 20 53
11 18 54
11 12 54
12 16 77
20 13 63
10 15 99
17 14 75
17 13 96
13 19 63
13 10 50
17 11 77
20 20 99
19 14 68
14 12 60
14 20 89
15 19 96
19 11 86
18 20 57
19 15 54
19 15 73
16 16 83
11 10 61
20 18 82
14 12 64
10 11 88
11 13 65
15 15 63
18 19 99
13 10 69
15 18 80
19 12 98
15 16 96
11 18 88
12 20 89
10 17 99
15 11 64
17 19 78
19 12 57
20 13 86
14 16 83
20 16 70
12 18 79
14 10 96
17 12 97
18 13 82
10 16 62
19 20 65
13 11 66
19 17 97
15 12 61
17 13 69
20 13 95
12 19 62
17 17 60
17 13 82
13 14 61
14 17 79
12 15 94
13 13 70
13 13 54
20 16 82
11 15 61
17 17 74
12 15 59
18 13 53
20 14 55
20 11 50
15 12 86
14 12 96
12 14 93
20 15 84
19 13 58
20 14 72
15 18 57
13 18 97
20 17 97
17 19 73
15 10 95
18 18 72
19 10 96
15 15 69
18 15 72
19 12 74
16 14 51
18 10 99
14 11 54
14 15 66
12 18 55
12 10 82
16 20 53
18 16 100
12 18 55
17 20 55
20 17 82
13 18 100
17 18 97
17 11 60
10 12 70
12 14 86
11 11 73
18 18 61
17 10 55
17 10 81
13 14 73
17 16 81
11 15 55
18 12 71
19 11 58
13 20 61
17 18 66
15 16 63
13 13 79
11 11 72
13 20 90
10 10 97
16 10 78
16 18 64
14 12 53
13 17 69
13 10 72
19 20 57
16 16 68
10 19 97
17 16 80
13 19 93
13 15 97
20 19 61
14 12 93
16 11 99
14 16 65
19 10 81
18 18 84
17 13 71
12 17 74
16 10 68
11 13 79
15 11 70
15 13 90
16 17 89
19 13 82
12 11 96
20 17 86
10 11 84
20 10 99
15 17 56
17 16 80
13 12 90
11 10 78
19 16 84
11 19 63
12 14 97
10 11 59
17 20 98
13 20 84
17 13 87
19 10 77
18 19 63
12 14 99
13 14 86
15 16 100
17 10 83
19 16 56
16 12 79
10 17 66
19 19 60
16 10 56
11 12 96
17 12 60
19 19 73
11 19 64
17 16 64
18 14 71
13 12 50
20 10 66
13 15 62
16 17 67
10 20 66
18 12 77
13 20 74
13 18 85
11 15 81
17 11 53
12 19 63
10 15 63
10 20 83
18 18 56
20 15 83
15 17 77
20 10 56
11 14 59
19 14 62
17 20 91
14 17 66
20 16 83
18 10 86
15 11 93
14 11 78
17 12 57
19 17 78
17 19 57
18 13 97
12 10 75
17 18 92
17 13 84
19 19 67
10 20 69
13 14 77
14 20 91
18 18 95
18 11 85
18 16 83
19 20 78
15 14 68
18 13 71
19 14 93
12 10 63
10 10 70
17 19 72
18 15 68
13 19 54
16 17 53
10 18 89
15 14 78
13 10 97
16 12 91
12 18 85
13 19 76
17 10 54
12 11 59
11 17 96
15 10 63
20 20 85
18 18 75
12 11 70
11 20 90
17 18 87
14 11 55
13 11 96
14 18 54
18 16 77
11 13 64
13 17 72
15 14 87
15 11 61
12 14 83
13 17 53
12 10 59
10 17 55
18 12 76
11 14 61
14 16 68
19 10 92
10 12 65
10 14 99
18 10 85
10 14 87
18 14 87
12 11 99
18 15 87
14 13 75
17 20 93
20 14 83
17 12 52
14 18 74
18 14 97
17 19 59
16 13 75
12 18 77
10 13 63
11 20 95
17 14 78
12 15 65
17 15 72
18 16 99
18 17 64
18 20 53
11 12 87
19 17 77
14 12 71
14 17 71
18 17 99
19 19 70
17 15 50
13 13 79
20 12 66
14 14 91
16 13 90
17 17 81
12 11 79
14 18 92
14 15 72
13 16 62
18 13 66
10 20 95
14 10 63
18 15 54
10 20 85
12 16 80
14 14 80
10 15 72
10 14 74
11 20 96
11 14 95
12 19 54
17 11 81
16 10 69
17 14 55
12 12 78
16 15 63
12 20 89
13 19 51
17 16 92
14 13 58
18 17 86
15 12 58
11 12 70
17 11 87
17 10 100
13 15 99
14 15 62
11 18 51
18 16 77
17 12 50
17 15 76
13 20 73
20 14 98
11 19 100
10 13 93
18 13 52
14 11 71
10 12 94
15 16 54
14 19 80
14 12 71
15 15 82
16 15 76
18 10 59
12 15 84
19 15 62
11 13 99
17 11 71
18 16 80
17 14 84
17 14 65
11 18 99
16 11 87
19 20 66
13 16 95
17 17 59
15 17 90
13 19 67
11 18 55
20 19 80
16 10 79
19 17 63
17 18 52
12 17 86
12 19 93
19 19 75
11 20 94
16 14 54
15 18 83
19 20 83
19 18 62
13 10 69
11 11 95
12 18 84
15 20 51
17 19 96
10 12 67
17 17 54
16 19 78
18 15 97
16 17 83
13 13 60
13 11 83
17 14 93
20 17 52
12 11 74
19 13 85
13 17 70
11 19 81
19 16 81
17 20 84
18 19 63
11 10 59
13 20 94
10 17 56
17 20 99
13 13 51
20 18 67
20 19 76
15 16 75
19 19 79
17 13 55
20 13 64
20 19 95
16 17 54
14 18 78
13 19 88
20 19 87
19 16 100
11 16 77
15 17 93
14 16 91
18 11 66
13 14 73
15 10 84
16 14 66
19 14 86
19 13 71
14 17 74
12 13 92
11 17 84
14 13 71
11 11 73
10 10 77
14 11 56
10 11 74
17 15 71
10 10 54
17 13 64
20 16 56
15 20 54
18 13 77
19 16 59
18 11 54
15 14 73
19 16 96
10 19 64
12 14 51
20 11 62
18 18 80
16 12 99
19 11 54
12 12 88
15 18 96
13 16 64
17 15 54
16 12 93
12 14 52
19 12 90
16 18 97
16 10 87
10 11 90
11 12 50
18 12 62
12 20 70
19 19 53
15 17 73
11 16 91
11 11 81
17 19 70
12 12 91
11 14 53
10 19 52
12 17 93
12 11 99
17 17 73
14 18 52
13 10 88
14 11 74
11 12 83
14 18 88
18 18 91
16 19 51
10 12 57
12 20 53
18 15 75
12 20 78
16 14 56
19 10 72
10 12 76
20 10 53
16 13 79
15 20 59
14 13 88
15 20 77
13 11 66
20 13 73
12 19 82
18 18 80
18 16 76
14 17 65
18 18 92
11 19 74
15 20 65
19 16 95
19 11 62
17 10 84
14 18 92
19 12 57
14 15 80
16 15 93
17 19 52
13 17 90
14 18 77
10 10 84
16 12 98
10 18 77
11 12 59
19 12 65
20 14 54
20 14 73
15 20 87
11 11 93
12 20 78
19 13 74
17 17 59
17 18 88
18 10 75
11 19 62
12 13 66
12 19 64
11 19 76
18 12 99
19 15 73
17 11 80
20 20 83
12 11 75
18 12 85
17 15 51
16 14 51
19 17 54
13 20 55
18 20 87
18 19 62
12 18 87
18 19 82
12 12 71
16 13 85
11 12 61
18 15 90
12 19 69
15 17 70
12 10 50
18 10 87
13 17 82
11 15 78
11 20 92
13 18 64
11 18 75
17 14 91
16 15 88
16 12 82
15 18 84
15 16 58
15 13 88
12 11 78
19 16 52
14 19 52
14 17 100
20 17 52
12 13 66
10 12 85
17 20 84
18 13 62
11 10 72
16 19 62
20 12 93
17 18 77
10 14 82
13 19 67
20 12 95
20 10 65
20 14 69
15 19 71
13 11 66
13 14 68
20 16 100
11 20 88
14 13 82
12 13 59
12 19 80
10 18 69
14 15 66
20 19 65
17 10 68
17 11 71
20 20 67
10 19 91
18 12 97
15 13 100
11 20 92
18 19 77
13 13 99
17 16 89
15 16 83
15 17 89
15 14 85
16 15 89
17 14 68
13 10 53
13 19 94
17 10 81
10 12 66
17 17 94
12 19 76
11 14 53
18 15 78
13 20 55
17 16 93
20 13 70
19 12 88
17 12 52
10 20 76
14 15 81
18 16 56
14 18 94
12 15 60
16 12 91
16 12 78
15 11 58
13 18 51
10 13 81
12 19 53
19 16 95
19 15 66
13 11 72
16 14 50
14 11 81
20 17 65
15 18 72
14 14 50
11 16 64
14 11 83
17 19 93
12 17 100
18 16 73
14 15 73
17 13 66
17 20 96
12 19 63
10 19 64
16 17 91
12 20 62
15 20 54
15 13 78
12 14 50
16 19 82
15 15 61
18 17 87
20 12 72
14 12 71
20 11 94
12 10 65
14 15 97
11 20 85
12 15 91
15 16 99
18 17 81
20 14 78
19 13 56
11 12 68
10 15 70
20 13 76
15 14 85
15 11 76
18 16 72
20 20 91
13 16 96
18 12 91
13 14 79
11 19 90
15 11 61
14 10 53
15 11 52
15 12 94
19 15 59
18 20 59
19 10 62
13 19 51
17 19 51
20 10 99
18 13 54
16 14 66
12 14 71
19 19 54
10 18 95
10 19 83
15 17 56
14 15 70
13 16 58
11 20 64
16 15 72
20 17 61
18 12 68
13 20 70
13 18 87
14 11 65
18 19 65
10 20 76
15 17 73
15 12 97
18 10 90
20 19 58
14 13 90
18 18 73
17 19 69
12 19 60
12 12 86
10 10 70
16 11 80
15 14 59
17 18 89
15 15 59
13 11 81
10 19 89
13 10 66
15 11 50
19 13 55
20 10 96
16 17 90
18 10 66
10 20 91
16 19 53
19 17 55
19 11 81
14 12 53
15 10 66
11 13 79
11 16 88
12 12 51
17 18 75
20 13 61
19 20 90
10 15 70
12 13 57
15 11 75
19 10 67
13 14 56
19 13 95
18 12 63
12 19 94
19 13 54
18 14 60
11 12 85
11 14 88
10 11 94
10 18 52
12 17 93
16 13 55
15 12 54
14 16 71
19 17 73
14 14 96
14 19 63
13 20 87
16 12 77
20 13 69
17 15 71
18 19 85
20 16 51
10 10 85
12 18 65
10 16 50
18 11 71
10 11 80
14 15 57
18 15 90
11 13 70
15 15 66
13 19 84
13 14 90
11 13 91
10 13 95
12 17 73
12 12 95
14 12 62
11 18 50
12 16 54
10 15 76
17 15 71
10 16 62
20 16 83
16 13 61
14 13 56
17 10 52
12 15 88
17 14 84
20 20 69
10 13 62
17 15 50
11 15 74
14 20 72
14 19 96
20 11 100
12 17 60
19 16 54
19 13 98
14 17 75
16 16 52
17 18 57
11 20 90
15 13 54
14 11 59
13 10 69
11 19 65
11 18 77
16 17 68
20 18 50
13 15 57
15 10 92
14 12 97
16 14 92
20 16 100
14 12 98
15 16 97
19 20 66
12 13 94
18 15 83
13 20 86
12 17 82
15 20 69
11 20 59
17 16 50
15 10 82
12 16 83
11 11 74
18 20 98
16 10 98
11 11 76
17 11 90
16 13 90
