700 1400
7 3
2 10
9 9
10 10
3 5
7 9
10 8
6 10
3 5
2 10
9 7
8 5
4 3
3 6
10 4
1 8
4 3
2 8
3 2
9 8
1 9
6 6
10 3
2 8
7 6
9 3
1 3
10 10
7 10
3 1
5 1
8 2
9 5
2 6
9 1
1 5
9 5
9 4
4 9
1 5
5 5
5 4
8 2
1 4
1 5
1 9
7 1
10 1
7 6
8 8
1 2
10 4
1 10
8 1
9 9
8 9
5 7
8 9
5 5
6 1
7 6
8 10
4 8
9 9
10 10
10 3
6 2
9 10
3 7
8 8
10 3
3 3
2 7
7 10
6 6
9 6
10 3
2 9
9 2
3 5
6 9
8 4
5 1
4 2
10 8
7 9
5 9
9 3
3 8
9 3
10 10
2 4
7 7
9 7
4 6
4 1
8 3
7 1
5 9
1 1
7 10
4 1
9 8
3 5
1 5
4 1
8 9
8 10
1 4
7 3
2 1
7 3
2 6
2 8
10 9
5 7
6 9
6 1
9 8
10 1
2 6
4 3
6 4
3 6
5 10
10 6
3 7
5 2
1 2
8 3
7 9
2 6
7 4
1 2
8 3
6 6
7 5
6 3
9 8
8 10
8 2
7 10
9 4
10 8
9 3
1 6
1 5
4 4
1 7
3 3
2 8
1 2
5 6
5 4
10 9
8 6
1 1
6 10
10 9
5 5
10 7
10 9
2 8
9 6
5 4
3 1
6 6
5 10
4 9
8 10
1 9
2 1
10 2
10 3
2 1
10 5
4 10
8 7
3 2
7 10
8 7
10 3
10 10
5 6
6 6
9 10
9 10
2 5
8 7
1 7
4 3
7 9
7 5
9 5
5 3
2 4
1 3
1 7
6 4
10 9
8 5
8 9
7 2
5 6
8 4
9 6
5 2
7 5
5 8
1 4
3 1
10 10
7 4
1 4
10 3
3 7
2 6
7 10
10 8
9 1
6 7
8 5
2 5
7 10
8 8
4 6
9 10
1 10
8 9
6 3
9 9
10 7
3 7
7 10
3 9
6 4
3 10
8 2
4 3
10 1
7 2
9 10
7 4
1 2
3 9
1 4
10 2
4 4
3 9
1 8
7 10
8 1
5 2
10 4
4 5
10 3
10 1
6 5
3 2
8 10
5 1
3 4
2 5
8 4
9 5
4 10
5 6
1 5
2 3
7 4
3 8
1 8
9 2
3 10
6 8
9 10
7 9
6 3
10 6
2 5
8 7
3 2
6 7
6 7
10 5
9 4
3 7
10 7
5 3
10 5
1 9
4 8
1 7
1 8
4 10
5 9
3 2
2 1
9 8
9 6
2 7
6 9
1 8
1 6
9 8
3 8
5 5
7 9
2 4
8 7
4 2
2 3
2 7
2 7
4 1
7 2
1 5
4 2
3 7
6 6
2 3
5 2
4 4
8 10
5 8
10 7
6 1
7 1
9 8
9 5
8 5
5 5
2 1
4 9
6 5
7 4
3 7
9 5
8 8
3 7
1 9
10 6
4 9
2 5
10 4
7 7
7 10
8 6
6 9
3 9
3 8
6 8
5 3
5 7
7 2
8 5
1 4
2 8
4 1
5 9
10 5
4 10
10 6
5 2
4 4
2 1
3 6
8 3
7 4
8 3
2 1
2 2
4 7
6 2
1 10
8 1
2 5
8 3
9 10
4 3
10 1
7 10
5 8
5 5
5 8
7 7
2 8
6 8
6 7
1 1
1 1
9 6
9 9
8 1
7 9
2 1
1 5
1 3
9 6
3 6
6 4
4 6
6 1
9 9
9 8
2 5
3 6
3 3
6 1
3 7
3 4
9 3
4 3
10 4
4 1
2 2
4 9
1 9
9 4
8 3
3 2
5 2
9 8
8 9
4 10
1 1
8 10
3 4
9 2
8 10
7 6
8 9
4 5
6 10
10 1
2 8
4 7
2 7
8 8
1 8
6 5
2 7
9 5
10 6
1 9
9 1
3 5
3 9
9 9
1 3
10 1
9 5
8 7
4 10
8 5
3 9
8 4
5 4
6 4
6 9
5 2
8 5
5 4
6 6
1 5
1 7
10 5
8 10
2 9
1 10
7 8
6 6
4 4
2 6
8 4
8 2
6 4
9 2
9 7
6 4
3 7
1 7
10 10
9 8
3 8
8 1
4 6
5 2
3 4
4 4
10 8
10 7
8 1
8 7
1 5
5 8
4 9
9 2
5 3
1 3
5 9
8 2
7 8
2 9
6 2
1 6
4 3
7 9
5 10
5 1
9 5
6 2
10 6
7 10
7 8
3 4
9 7
4 3
7 6
5 6
7 9
9 3
2 6
10 4
3 8
5 10
10 9
8 1
6 5
4 1
1 7
9 4
8 9
10 5
8 8
8 8
8 3
5 8
8 2
1 5
4 3
9 3
2 4
4 10
7 9
3 7
1 10
1 8
2 1
4 5
3 7
8 4
7 1
4 2
1 5
5 4
9 2
10 7
2 10
8 2
1 3
1 5
6 1
4 5
3 4
7 8
3 2
8 2
6 5
4 3
4 7
7 9
6 8
7 9
5 2
4 4
7 7
9 4
7 4
5 6
9 1
2 3
2 9
8 8
7 6
1 1
7 6
2 4
3 7
4 3
7 4
5 2
4 10
5 7
3 10
3 6
2 6
2 7
3 7
2 8
9 6
10 6
3 5
6 2
8 8
9 9
3 5
10 4
7 3
8 1
3 7
4 2
8 7
8 4
2 1
1 3
3 8
8 10
3 10
6 7
9 5
3 3
2 2
7 9
2 6
4 4
1 4
7 6
6 10
5 5
3 9
1 6
5 1
9 10
5 7
5 10
7 9
8 10
3 8
1 6
10 4
1 6
4 5
9 9
2 8
8 7
9 7
3 2
4 6
4 2
3 3
3 9
3 8
8 9
4 9
5 5
9 6
8 9
2 1
9 6
8 3
5 5
8 5
5 10
6 4
5 9
10 10
10 7
3 2
10 9
2 2
5 3
3 7
5 6
10 5
6 9
2 1
9 3
5 8
5 2
2 1
10 4
10 5
3 8
3 5
1 4
8 1
8 4
4 2
4 10
8 7
2 1
10 9
4 5
8 9
5 1
3 3
7 5
7 5
3 5
19 10 76
14 10 100
11 17 88
16 16 68
14 15 86
18 11 69
11 10 53
20 14 94
10 10 52
15 17 55
11 10 50
14 14 50
10 12 58
19 12 90
20 19 92
18 18 74
14 14 63
12 17 98
15 16 53
15 17 66
20 11 89
18 17 55
16 16 62
18 17 62
17 17 80
15 18 53
14 19 86
13 14 59
11 18 91
18 17 99
20 18 86
15 16 51
17 16 63
16 19 66
16 18 69
10 13 92
17 11 81
11 17 67
19 10 71
18 20 85
16 16 54
19 13 77
16 18 69
20 14 68
15 11 94
19 16 66
16 17 99
14 13 97
11 10 53
15 15 91
13 15 75
13 10 61
16 17 75
20 10 100
11 12 92
18 13 55
10 16 76
10 13 57
12 10 80
14 19 74
13 20 62
17 20 82
17 19 73
18 19 75
12 11 62
18 14 95
16 17 94
11 12 54
13 15 84
18 11 82
17 10 66
12 20 79
19 14 100
11 20 65
20 20 83
14 14 55
11 14 64
13 14 98
13 11 87
10 19 95
13 16 61
16 19 57
11 10 97
11 11 63
13 13 94
17 18 58
16 15 70
14 14 99
18 15 62
19 19 87
19 12 95
12 17 59
14 14 88
16 20 82
11 18 82
20 10 50
13 13 98
14 12 85
10 13 97
10 20 91
13 13 58
11 13 96
12 19 57
10 18 63
19 12 52
14 14 96
14 13 74
17 20 79
20 14 95
15 11 77
14 16 54
14 20 91
10 18 79
11 15 81
12 11 62
12 19 50
16 19 77
15 16 87
13 14 65
18 14 71
16 17 69
18 14 64
12 16 71
14 15 87
18 17 57
12 10 87
11 20 66
17 19 60
17 14 51
16 11 76
16 10 90
20 10 98
14 16 92
11 19 53
20 13 63
19 10 76
14 18 54
17 18 99
20 11 52
17 19 100
19 16 92
17 15 58
16 19 76
14 11 85
18 16 52
17 17 76
11 20 58
19 14 82
12 16 87
14 19 62
10 17 97
15 13 57
19 11 79
20 11 64
20 16 76
11 13 55
18 18 54
19 12 58
14 18 87
10 11 84
12 13 100
12 17 68
19 15 90
16 17 66
16 15 79
12 17 62
11 14 66
18 13 81
13 19 76
18 11 58
11 14 60
10 15 51
14 12 69
20 10 87
17 19 72
17 18 87
10 16 67
18 18 78
11 15 67
16 17 51
14 15 75
15 11 82
19 10 68
16 15 89
10 17 56
20 14 68
13 16 93
13 10 78
20 20 89
10 18 70
16 15 65
14 18 84
14 20 62
12 12 89
14 10 66
14 17 68
19 12 91
11 16 86
15 11 57
13 20 65
20 11 72
19 13 73
17 18 62
10 13 97
12 14 51
17 20 58
18 17 68
11 14 87
13 12 85
17 13 77
12 12 96
12 18 80
17 20 60
16 19 81
13 14 55
12 17 82
18 10 64
14 10 74
15 17 74
12 20 88
18 14 52
20 16 100
20 15 94
17 11 56
16 15 69
13 18 65
19 18 51
15 17 61
16 17 90
14 14 53
10 14 54
18 13 66
14 20 73
17 19 73
12 14 68
12 10 81
20 20 50
16 19 65
14 11 76
19 16 82
18 14 56
13 10 86
19 10 82
12 14 60
10 13 100
20 10 98
10 11 59
11 18 64
13 11 67
20 19 92
20 20 71
16 10 66
13 18 94
10 11 78
20 16 50
12 13 84
12 11 97
20 11 68
17 16 58
12 16 51
19 20 52
13 19 79
11 14 99
18 14 55
19 16 50
13 11 85
15 11 51
12 16 97
17 13 85
10 17 60
15 13 50
16 19 53
11 15 77
12 13 61
19 10 74
19 19 56
19 18 51
13 10 75
15 13 80
13 15 58
16 19 53
14 15 58
17 18 56
17 14 58
14 13 60
16 17 55
18 15 61
10 19 94
13 12 55
15 16 81
10 15 58
11 14 60
18 11 60
14 11 85
14 20 61
11 18 87
18 12 98
10 19 69
15 10 57
18 12 86
10 14 97
13 16 98
11 20 92
14 12 53
20 20 56
20 15 84
11 10 68
16 10 86
14 13 66
18 18 92
19 19 63
16 16 74
11 12 64
13 14 85
18 12 84
14 16 67
17 11 80
15 13 59
16 16 99
12 18 63
11 20 81
18 11 57
12 20 89
14 11 61
15 12 94
10 10 63
15 18 52
18 14 91
12 20 68
18 20 63
17 19 87
10 20 80
12 13 61
12 11 55
20 15 92
11 15 52
18 19 71
17 19 98
19 13 99
17 13 64
19 13 59
18 10 98
14 17 100
10 13 62
18 17 70
16 14 97
14 15 58
20 18 94
15 14 87
14 10 60
20 14 92
16 19 70
19 11 95
18 17 63
17 12 90
18 11 76
16 16 86
13 19 98
15 11 59
12 12 59
14 19 52
14 19 66
19 15 97
11 11 57
15 16 81
13 11 82
12 20 95
19 15 99
19 11 50
11 12 58
11 17 63
10 17 87
13 16 69
20 19 96
11 11 86
14 17 80
11 10 87
18 17 81
17 18 66
19 17 62
13 12 84
19 10 96
14 12 88
20 12 64
19 10 92
19 20 94
11 20 57
12 14 67
20 17 73
18 12 96
15 20 53
15 13 64
12 20 63
18 18 92
17 15 55
13 12 97
15 14 80
18 15 82
13 20 64
18 20 57
12 19 72
16 13 85
19 20 99
15 15 63
16 10 59
11 20 72
18 14 89
14 20 74
18 13 72
11 12 98
17 15 97
11 18 95
14 18 67
18 11 57
12 13 96
16 13 86
11 11 57
19 11 84
20 14 86
13 15 61
19 10 88
17 20 51
17 13 72
20 10 59
19 11 70
12 13 60
20 20 85
19 20 71
12 15 61
14 18 89
12 16 79
13 18 95
14 20 80
12 19 76
17 15 54
19 11 85
17 16 65
20 13 55
19 18 59
19 20 79
16 19 94
17 13 90
16 13 94
18 14 73
12 15 55
13 14 58
17 13 90
20 17 63
19 18 99
12 10 56
18 19 96
18 10 80
19 18 69
12 13 64
20 10 64
16 15 66
11 11 65
13 14 63
14 16 56
12 20 77
14 11 56
10 12 71
15 16 56
17 13 87
13 14 100
17 14 86
20 17 99
10 12 78
12 20 66
17 16 92
15 19 52
20 18 84
10 14 97
11 16 60
12 16 55
10 17 58
20 16 87
13 16 75
19 18 67
18 18 57
15 11 90
11 14 87
11 18 71
18 18 73
11 13 79
13 14 73
12 19 53
20 13 59
19 16 74
11 14 51
11 16 96
15 17 56
16 13 70
11 19 86
18 20 75
17 16 50
19 11 100
14 12 77
20 12 100
16 11 56
13 11 54
19 15 72
15 11 100
20 13 72
18 19 60
14 12 82
17 14 99
20 18 59
18 15 59
15 18 56
20 18 60
10 17 50
16 11 88
15 17 95
17 20 92
14 16 54
12 14 55
15 18 82
11 12 78
12 20 74
15 19 97
10 17 59
18 11 50
10 16 57
15 18 56
19 11 85
10 13 81
18 19 58
18 18 88
17 20 75
14 15 51
12 20 52
14 10 95
12 13 86
13 19 77
15 18 96
18 16 64
15 11 98
15 14 74
20 20 81
10 11 89
10 16 87
11 11 52
12 16 59
13 14 97
19 20 80
12 19 83
12 17 66
18 12 58
10 18 81
14 15 83
11 14 89
20 13 67
16 11 66
10 19 70
20 11 70
19 15 82
17 14 97
12 11 50
10 20 75
13 20 98
10 18 57
13 17 82
11 18 98
18 14 70
16 16 97
19 14 52
13 12 85
10 19 59
11 18 93
10 15 93
19 17 66
11 15 76
16 19 71
19 12 97
17 20 61
10 16 71
10 17 54
16 16 83
17 12 67
13 16 57
19 16 87
20 20 84
13 13 94
10 13 80
10 19 97
13 17 69
20 11 67
20 18 68
20 13 98
14 18 89
17 16 66
11 18 54
16 16 67
16 11 67
20 12 88
18 10 75
15 12 86
17 14 96
11 19 87
14 17 66
17 11 74
10 16 69
15 19 72
16 11 63
10 15 88
17 17 59
17 19 59
20 19 80
12 20 95
18 12 75
12 10 69
17 20 62
18 15 77
17 15 76
10 12 74
17 19 89
15 17 70
14 20 71
10 15 56
18 13 69
13 17 73
19 19 50
15 17 98
15 15 69
14 19 72
13 11 79
16 17 82
19 15 75
19 10 91
19 14 52
20 14 83
14 15 69
18 17 99
10 14 90
14 18 76
14 13 86
20 11 51
17 13 51
11 16 100
17 19 82
14 19 82
15 12 98
10 17 63
16 15 79
13 15 99
10 17 58
20 16 84
14 15 69
15 20 52
20 19 73
20 15 99
18 11 97
20 11 58
15 15 79
18 10 64
16 16 70
13 14 64
14 10 97
16 14 91
18 15 60
13 12 94
17 15 71
17 17 89
13 20 73
13 12 95
15 16 88
19 18 51
13 16 54
20 16 54
19 11 51
16 19 93
10 12 100
14 16 53
12 14 97
10 11 61
10 10 60
19 10 65
10 13 65
10 20 73
18 14 73
20 14 51
20 17 71
18 20 66
18 20 64
13 12 69
18 19 90
10 16 92
12 13 90
19 10 97
17 19 79
20 12 98
16 14 73
10 17 88
15 16 51
10 19 61
18 10 62
11 11 73
18 17 59
14 16 65
11 10 84
10 20 50
18 19 89
14 12 50
18 16 65
11 15 68
12 13 55
19 18 53
16 12 54
18 18 52
18 18 88
20 13 92
14 11 58
18 19 73
14 12 63
20 13 86
19 13 100
15 15 54
19 20 51
12 18 93
17 20 68
14 18 94
20 11 93
17 15 59
10 17 61
12 12 77
10 11 55
11 12 59
14 13 58
20 13 77
18 16 81
20 11 65
20 17 58
12 17 61
10 15 84
11 11 87
13 19 93
15 10 85
12 16 79
13 14 52
20 14 84
10 13 62
18 19 59
11 11 83
11 19 94
18 11 58
11 15 92
18 18 68
14 17 77
11 17 79
15 20 91
13 19 54
20 17 83
13 17 73
16 13 59
15 19 91
18 18 54
17 15 61
10 19 65
12 18 87
15 18 79
10 19 75
17 10 74
13 10 66
10 19 61
17 20 94
15 19 59
19 15 95
13 10 80
11 11 94
18 10 85
20 16 73
18 20 82
19 19 93
13 20 58
18 17 91
15 20 75
14 18 79
14 12 71
14 20 53
10 16 84
12 13 94
16 11 94
10 17 64
14 12 88
12 11 75
16 16 91
18 11 75
17 19 67
12 18 70
18 10 56
11 12 93
11 20 86
15 19 61
16 14 92
10 10 60
11 18 79
15 14 69
20 19 53
15 13 66
14 10 54
20 11 71
18 18 59
18 15 77
19 10 90
20 20 99
13 16 99
14 15 92
19 16 80
18 17 69
14 20 86
16 19 53
19 20 72
16 12 74
12 14 98
18 17 58
14 18 99
19 15 60
14 11 52
20 15 67
20 11 84
18 20 60
13 12 96
18 19 81
16 18 79
20 10 77
10 12 57
11 12 54
12 16 90
17 11 59
20 15 97
12 17 60
20 17 91
14 19 90
17 17 79
12 19 53
13 15 80
20 18 94
13 16 59
17 14 72
11 19 68
13 19 72
16 10 98
19 16 91
14 18 62
18 17 83
17 13 69
13 14 60
15 11 62
17 16 97
20 16 83
17 15 62
15 15 61
12 10 50
10 19 55
10 11 61
15 15 75
15 13 99
19 20 91
19 11 54
20 10 79
19 13 88
17 20 97
11 20 85
12 19 74
18 19 80
16 19 88
16 10 98
11 15 75
15 11 84
19 15 78
16 11 68
18 13 93
16 11 75
10 10 99
19 11 95
20 14 53
11 19 98
12 20 74
12 13 62
20 10 77
20 20 54
17 20 58
11 15 54
14 10 53
20 15 91
16 15 86
18 11 51
11 19 71
15 10 100
13 20 93
15 12 92
15 12 61
19 20 59
11 11 98
20 19 64
18 13 59
15 10 98
20 13 73
20 18 79
14 10 55
15 20 75
17 17 100
12 14 94
16 15 65
14 12 63
20 17 60
20 16 80
19 12 62
19 13 73
13 15 55
10 14 100
13 18 91
16 18 83
18 18 88
19 17 82
17 16 64
13 20 96
17 13 50
19 20 50
16 14 53
11 19 87
20 12 65
13 14 64
10 18 60
18 17 52
12 11 94
20 18 81
11 17 64
12 10 74
14 11 87
13 14 83
16 14 67
14 12 72
17 12 69
10 15 99
15 17 51
12 20 93
14 16 91
19 16 54
14 18 95
13 14 91
13 13 70
11 11 67
14 13 89
16 13 71
13 10 90
20 13 56
12 15 99
15 19 93
14 14 70
11 10 78
10 10 98
13 10 76
10 14 82
15 20 95
10 18 54
17 19 62
11 18 76
20 20 76
12 20 87
14 15 99
18 18 73
12 17 55
19 14 89
13 20 95
19 10 89
14 12 82
12 20 72
15 19 56
11 14 98
10 16 56
14 16 90
20 13 100
11 14 50
13 12 69
11 19 51
19 20 51
18 16 77
15 18 53
15 11 89
20 15 89
15 17 97
14 10 70
10 11 68
10 15 64
16 14 93
20 14 85
20 12 78
19 17 58
18 14 67
14 16 83
10 10 92
18 15 86
14 14 80
16 18 76
11 18 90
13 20 88
10 19 76
17 13 79
19 12 81
13 12 81
16 16 94
18 11 100
18 10 81
20 16 63
12 11 82
13 17 69
12 11 99
19 18 91
19 14 69
10 20 92
17 13 62
20 12 92
18 17 81
16 16 84
19 16 77
11 20 100
19 10 88
16 17 99
10 11 86
15 11 73
16 18 80
18 10 72
17 17 54
15 18 67
12 13 99
19 14 75
13 20 84
15 20 66
14 12 55
14 14 89
12 19 89
18 12 75
11 16 87
18 13 58
12 16 73
11 17 92
12 16 95
18 19 54
16 18 78
10 18 54
19 16 65
17 10 98
17 14 53
14 15 52
17 18 53
20 17 58
18 15 73
10 10 70
12 13 53
10 11 76
14 11 89
18 19 72
18 14 53
15 17 70
10 17 98
16 14 63
14 17 81
17 16 83
14 18 85
20 20 99
16 18 54
13 18 66
19 10 90
18 14 66
10 11 50
17 10 75
17 10 84
11 10 90
13 17 61
11 13 61
15 16 88
11 15 53
10 13 77
11 17 99
12 13 82
18 18 83
18 17 72
14 14 83
15 13 83
18 13 60
17 19 78
13 14 52
15 11 51
15 10 54
12 10 64
14 17 50
17 14 86
13 11 76
11 10 92
16 14 66
10 11 79
13 14 57
13 11 74
12 13 67
10 15 60
16 19 84
16 11 58
18 17 76
15 12 70
16 14 50
16 10 76
11 13 79
11 10 50
15 20 50
15 11 64
11 14 53
11 14 72
13 12 90
15 13 80
17 14 77
17 15 66
14 10 59
10 20 72
10 20 79
17 15 78
14 13 90
11 11 54
15 18 79
18 18 75
17 17 97
20 17 64
18 15 66
10 17 100
15 19 58
12 16 77
19 18 55
11 14 59
16 11 67
17 18 53
14 18 97
11 11 54
20 20 66
11 18 98
13 18 94
19 18 86
14 17 97
12 10 82
18 14 89
10 16 67
15 14 78
11 12 79
18 16 61
13 11 99
15 13 80
15 10 68
20 14 82
13 19 50
18 20 70
18 12 90
16 20 97
16 11 88
17 16 75
20 12 76
19 12 75
19 15 57
20 12 66
15 19 90
18 17 65
18 17 80
17 19 59
17 18 57
15 19 98
15 13 75
17 19 65
19 11 78
10 20 99
12 20 61
19 14 92
12 10 59
18 14 91
16 15 69
10 14 98
20 19 96
11 11 79
20 19 51
17 18 67
14 11 99
13 13 94
16 10 51
19 11 83
20 12 59
20 18 70
14 13 96
19 16 88
12 12 74
12 12 87
13 12 85
16 11 85
18 17 99
13 18 60
18 11 100
18 14 53
11 12 75
15 15 70
15 20 98
19 20 89
11 10 97
19 19 84
12 18 75
14 18 90
17 17 97
13 15 99
13 14 69
20 12 82
18 11 58
19 16 84
14 18 84
20 10 55
14 15 59
11 11 51
18 12 66
15 16 70
13 18 73
15 14 88
20 16 98
18 12 58
20 11 91
12 10 90
19 15 81
12 10 64
17 18 64
10 11 88
17 10 74
14 12 64
13 13 52
15 19 86
15 15 58
19 18 75
15 13 53
14 14 57
20 14 94
11 14 77
16 11 75
18 15 97
11 13 95
10 11 95
12 11 97
11 12 71
16 18 88
11 16 56
18 11 66
14 10 82
15 18 69
17 13 95
15 19 64
20 12 60
10 13 81
10 12 86
11 18 55
13 13 96
11 14 72
12 11 68
15 10 99
10 10 60
10 16 73
15 18 98
14 20 64
18 14 71
12 12 99
10 12 58
15 19 82
11 18 90
12 17 69
13 14 98
12 16 54
16 13 51
18 13 85
16 20 85
12 18 64
13 10 69
10 13 62
12 12 64
20 15 92
10 17 97
17 18 55
18 12 96
17 18 87
19 14 57
10 16 92
15 18 89
15 19 90
15 16 99
13 11 77
18 18 61
18 18 83
20 19 82
12 14 53
20 14 52
16 16 62
12 17 98
18 16 78
18 17 87
11 11 98
14 12 88
11 11 51
15 16 55
20 12 98
19 15 81
17 14 88
10 15 53
19 19 67
20 13 57
11 16 53
17 10 66
18 20 50
19 16 62
17 20 63
18 17 57
20 13 63
13 10 71
11 13 96
20 11 69
15 12 51
20 18 53
20 14 97
12 12 68
15 20 86
17 20 89
11 10 100
19 10 68
10 20 69
20 10 90
20 13 91
13 16 67
19 19 62
17 16 85
17 15 87
12 13 68
20 16 93
15 10 84
17 20 78
16 17 71
19 19 53
20 19 62
12 17 93
14 18 59
12 10 54
16 12 84
11 12 85
14 19 72
13 15 63
18 19 60
19 11 51
17 19 54
11 20 68
17 19 51
18 14 82
14 14 64
11 18 61
14 15 75
16 20 80
14 10 97
15 16 57
20 19 87
11 13 50
16 16 78
16 18 95
18 19 50
16 19 95
14 11 65
18 11 59
12 10 72
16 13 58
18 17 100
11 20 74
10 13 81
14 18 52
19 16 89
13 18 79
13 11 51
17 13 89
13 18 76
11 12 98
20 13 100
13 17 69
17 15 72
14 12 93
18 19 68
18 15 97
13 19 81
12 19 64
20 13 72
15 15 85
19 10 99
17 13 58
18 15 86
13 20 51
18 10 59
11 11 99
12 16 86
15 12 53
11 17 98
17 15 74
20 14 58
11 13 81
15 13 92
11 18 55
14 13 99
