7000 2333
6 2
10 9
2 1
8 1
2 7
2 5
3 3
4 4
7 1
2 2
1 8
1 5
3 2
5 7
3 4
9 5
4 6
3 7
4 9
10 6
4 4
9 5
9 9
2 2
5 10
5 1
9 5
8 10
8 2
5 8
1 1
5 6
10 10
2 7
10 7
9 8
2 1
6 2
8 10
5 1
2 7
9 7
7 6
8 5
1 2
7 7
7 1
3 3
2 5
6 3
8 5
1 7
7 7
1 6
6 5
1 6
1 4
5 10
3 3
5 10
10 9
9 2
10 9
8 1
9 7
9 4
6 3
3 5
8 6
4 7
3 6
3 10
8 1
4 7
9 7
7 3
2 9
10 3
8 3
3 2
6 2
1 3
5 6
5 4
2 2
5 5
5 6
6 9
9 1
7 10
10 1
7 5
7 10
10 6
3 9
7 8
2 3
4 8
9 10
5 2
2 8
10 4
9 10
3 7
8 3
6 3
4 3
4 3
4 9
2 2
3 9
4 7
4 5
6 9
9 6
6 8
1 9
5 9
5 7
1 7
7 6
10 2
1 1
2 1
6 5
7 3
5 9
9 8
10 3
7 2
7 1
2 3
5 5
5 9
9 9
4 10
4 7
8 9
4 7
1 3
7 5
10 4
8 7
8 8
6 1
1 5
8 2
8 10
5 4
9 1
3 4
3 7
2 1
6 5
4 8
10 7
2 8
7 3
3 2
10 3
5 3
8 4
9 6
10 3
5 6
8 8
1 6
9 8
1 9
4 4
4 1
6 5
5 3
3 2
6 6
1 5
4 9
7 10
4 5
7 6
10 9
1 9
5 9
8 9
1 8
3 3
10 7
1 2
5 3
8 2
9 5
4 7
5 4
9 5
1 6
2 5
10 1
2 7
2 2
2 7
6 1
2 3
6 7
10 6
4 3
5 7
5 4
3 3
9 9
6 2
2 3
1 9
8 7
10 6
1 7
4 4
2 5
1 7
5 6
9 6
6 6
8 1
3 7
7 4
3 4
4 5
9 6
3 4
7 3
2 2
7 6
6 9
4 1
4 8
10 5
7 1
3 5
4 4
2 7
6 1
5 1
9 5
4 3
7 6
9 3
7 2
8 6
1 8
9 1
9 7
5 10
7 4
8 10
8 8
9 3
8 10
4 9
6 3
3 1
1 6
7 10
2 4
7 7
3 9
6 10
8 1
1 8
9 8
10 6
5 10
7 7
2 8
7 2
10 1
1 1
6 5
7 5
5 3
1 7
5 8
7 5
10 3
1 5
9 8
7 7
10 8
7 5
5 3
6 6
9 1
2 5
10 5
6 4
7 8
6 5
1 6
7 7
9 5
9 3
7 3
1 5
2 4
8 6
4 6
6 3
9 1
10 2
1 7
1 8
1 3
2 1
7 4
8 4
10 9
6 6
9 7
6 8
9 7
3 8
4 5
5 9
4 4
9 3
5 9
6 10
10 7
10 9
2 9
5 5
4 10
7 3
3 10
8 9
4 1
6 10
4 9
8 9
4 7
7 3
3 5
1 1
3 5
6 2
2 7
4 1
5 2
8 5
9 3
7 4
8 1
2 3
1 7
3 2
2 8
6 7
9 7
7 6
2 9
9 1
5 7
10 10
4 1
10 8
10 3
8 2
2 9
7 9
1 7
1 6
3 10
4 5
6 1
7 9
8 7
8 5
9 5
10 3
10 4
1 8
3 9
7 8
8 9
7 2
7 7
6 5
3 4
5 7
6 8
2 8
5 8
6 7
8 6
6 3
3 4
5 8
8 4
9 9
8 3
2 3
5 9
8 3
7 4
9 8
7 9
8 4
5 2
9 1
5 6
3 10
5 1
7 5
5 3
3 10
3 5
10 2
4 4
7 1
4 3
1 4
7 3
5 1
1 2
6 9
8 2
3 5
7 10
2 10
5 1
3 7
9 5
6 4
10 4
6 3
9 9
2 1
9 2
5 8
1 8
10 9
7 8
3 10
4 10
1 1
8 8
4 1
8 3
4 6
7 4
10 5
1 3
2 9
7 1
3 8
2 1
3 4
8 8
10 3
2 10
4 2
7 7
5 9
5 5
9 5
2 9
9 6
4 10
6 2
3 1
3 4
6 5
10 3
2 1
2 5
8 7
4 6
2 4
4 3
9 7
2 9
5 8
1 10
3 8
6 10
1 3
9 6
6 4
2 3
9 5
9 2
3 6
9 6
2 5
6 9
4 4
10 3
1 5
10 4
7 10
8 4
9 5
2 1
6 10
9 3
6 10
7 1
7 1
8 1
10 6
3 7
8 4
5 3
3 4
6 4
6 8
3 5
5 10
5 8
7 5
8 10
5 1
9 6
1 1
3 10
4 4
6 6
6 8
8 8
7 9
1 4
3 1
7 9
5 3
3 8
4 2
7 3
8 9
4 4
5 6
7 1
2 8
5 4
2 6
7 1
4 1
9 6
10 8
1 1
5 5
8 4
7 7
4 7
4 8
2 7
4 8
3 3
8 10
5 10
9 9
6 10
1 4
5 10
5 5
3 1
4 1
1 9
1 10
2 1
5 2
9 5
6 5
6 9
10 10
2 5
7 2
3 10
5 7
3 1
3 5
6 3
7 1
8 7
8 7
8 9
10 3
6 9
5 6
6 3
1 2
6 3
2 9
2 9
8 3
8 4
6 6
7 2
3 7
6 9
6 1
8 1
7 5
7 2
7 8
5 4
9 6
5 10
7 7
7 2
4 1
10 3
4 10
6 8
7 7
2 7
7 8
8 10
1 10
2 6
3 10
4 4
2 8
2 10
9 8
8 9
5 5
10 2
8 2
5 8
4 1
5 3
9 1
3 4
3 3
10 9
10 2
1 2
6 3
3 8
5 9
5 7
4 3
4 8
10 4
5 6
2 2
10 7
9 4
7 4
8 8
9 10
9 8
5 4
5 6
2 5
4 7
1 10
10 5
1 9
5 1
4 10
3 3
2 6
9 1
2 4
10 9
7 5
7 6
7 5
4 10
7 2
3 2
3 7
8 6
10 8
8 7
3 5
3 3
10 2
2 8
2 7
7 9
2 2
5 5
6 8
2 9
3 5
7 4
4 2
1 4
1 3
10 5
2 6
1 5
5 7
8 4
10 2
1 2
3 8
6 8
8 10
7 10
10 7
8 1
10 7
4 7
10 4
2 6
3 3
2 5
7 4
2 8
6 4
3 4
4 4
7 6
4 10
6 3
5 8
1 7
7 10
8 8
7 3
3 8
10 10
4 6
5 8
10 6
1 5
10 1
5 8
5 1
9 2
7 8
3 5
10 10
4 4
10 8
6 10
9 5
4 5
5 7
1 5
10 4
8 10
8 8
5 2
1 10
5 5
7 8
10 2
8 5
6 10
8 4
6 2
5 10
4 10
8 3
4 4
6 3
9 4
8 6
10 3
9 2
4 2
9 9
8 4
5 6
5 10
10 6
6 1
8 5
2 6
5 5
9 10
9 2
3 8
2 6
1 7
1 3
5 8
8 7
7 1
8 1
7 5
3 2
2 1
6 10
7 6
10 9
7 6
2 4
8 8
6 7
7 4
7 6
7 4
4 9
3 3
1 2
5 10
2 8
3 1
6 3
1 1
8 6
7 2
1 4
9 4
6 10
4 1
4 8
9 7
6 10
5 10
9 2
9 2
8 2
4 9
8 2
3 3
1 7
3 10
6 10
6 6
4 3
6 1
10 7
8 10
7 1
10 6
7 9
9 7
6 7
3 8
4 5
4 4
5 4
9 4
10 1
10 3
6 3
7 1
6 8
7 6
4 2
2 4
1 1
4 7
6 5
3 6
1 6
4 1
8 8
10 5
7 4
1 1
9 6
4 9
4 3
6 3
9 4
6 7
2 8
4 6
9 4
4 3
7 6
7 7
3 5
4 4
4 1
8 7
1 7
2 8
8 4
2 5
5 4
9 7
1 2
3 8
8 2
10 1
10 10
8 8
6 5
6 10
6 1
6 4
8 2
8 1
6 7
5 4
10 1
9 2
4 1
10 7
10 5
1 10
6 3
1 10
10 1
10 9
6 5
8 5
2 2
7 6
8 7
5 3
5 10
1 10
9 5
3 7
5 8
2 4
5 8
9 9
8 7
3 10
8 4
7 10
5 1
9 10
2 8
1 7
3 1
8 7
5 5
1 9
10 3
1 3
4 6
3 3
6 6
7 3
3 2
3 5
10 2
6 8
1 7
7 8
4 5
1 8
5 5
4 5
10 9
7 8
8 3
9 5
9 8
5 8
3 4
1 6
3 10
3 4
3 4
10 6
7 5
5 7
3 10
3 10
9 8
1 9
3 8
3 4
10 10
6 8
2 1
6 1
8 6
1 2
8 8
3 3
8 3
3 5
2 4
8 6
1 3
9 8
2 6
3 10
4 4
1 10
6 4
7 2
5 1
10 10
7 7
1 9
7 2
6 2
9 7
9 4
1 7
6 10
1 10
6 6
6 8
2 4
4 7
8 9
8 3
8 3
3 8
10 8
3 2
10 1
1 6
9 2
6 9
3 10
9 5
6 1
7 7
5 4
2 6
10 3
3 1
4 1
4 7
5 9
9 5
2 1
3 4
10 9
7 9
5 10
3 3
8 4
5 1
10 8
3 8
5 3
10 10
7 6
10 6
10 4
8 3
10 2
9 6
9 9
6 9
5 9
4 3
7 4
5 4
10 1
6 8
9 7
3 4
1 2
6 1
4 2
8 10
5 1
3 7
1 7
8 10
6 10
4 3
7 7
4 2
10 4
1 9
7 2
5 7
10 9
9 2
5 10
9 3
6 5
1 10
10 2
8 7
9 5
1 6
2 4
5 8
9 8
2 8
5 7
6 1
5 6
3 2
4 8
5 4
6 6
2 10
9 5
3 9
6 4
6 9
1 6
4 5
1 10
9 5
3 3
1 1
2 2
4 9
7 1
2 4
1 8
4 3
4 8
3 10
9 2
10 8
4 2
9 1
9 3
4 10
1 8
8 7
9 7
7 7
2 7
9 4
2 5
10 10
3 2
3 4
2 1
3 9
4 7
1 9
5 9
2 10
2 9
6 7
2 4
1 1
1 5
9 1
6 5
9 8
4 2
9 9
6 2
4 3
4 3
7 1
6 7
7 2
1 2
3 8
9 9
5 2
6 1
5 2
5 6
8 7
10 4
5 9
4 10
4 10
5 3
4 3
3 8
10 4
9 10
4 10
10 2
4 8
9 4
1 1
6 9
1 5
6 7
2 9
9 6
7 1
9 1
10 10
2 5
4 9
6 1
2 2
7 8
3 4
2 7
5 5
8 1
4 9
5 6
7 3
5 10
5 1
6 2
8 6
4 3
10 1
9 7
6 6
3 2
9 6
3 7
4 4
3 3
5 5
8 5
1 7
9 3
4 7
6 1
2 3
7 8
9 2
7 6
7 4
3 9
6 2
10 5
10 2
6 1
8 3
3 10
7 7
2 9
1 10
7 5
10 1
5 7
6 3
3 8
1 3
10 2
6 1
1 6
5 4
5 1
8 4
3 10
6 5
9 1
2 9
9 7
4 3
2 9
4 2
1 8
7 6
3 3
2 4
3 9
7 7
5 6
9 7
1 3
7 3
8 1
3 8
7 2
10 2
8 1
1 6
2 7
9 10
6 9
4 9
6 4
6 7
4 2
6 10
4 10
6 1
5 6
7 1
7 10
1 10
6 4
7 5
10 4
1 8
2 8
2 3
5 7
1 9
1 9
8 9
2 8
7 7
3 3
10 2
4 4
9 10
5 5
6 6
10 7
8 9
5 1
2 6
5 3
9 3
1 2
5 8
9 6
6 7
3 3
7 9
7 1
10 1
6 2
10 3
4 5
5 10
1 9
8 1
1 3
9 7
3 6
4 2
10 4
2 8
5 3
8 6
3 6
3 4
4 4
6 2
10 9
9 1
10 9
8 1
4 8
4 2
7 8
8 10
2 1
3 5
2 4
6 7
5 8
10 7
8 6
6 2
7 7
8 1
8 8
10 9
9 10
4 10
8 10
2 10
9 4
6 4
6 5
7 9
2 8
6 6
2 4
2 8
6 6
5 10
6 6
7 5
10 3
7 6
1 3
9 6
6 10
3 7
1 5
3 9
2 8
7 4
3 2
8 5
1 8
6 7
5 7
4 7
3 9
9 2
2 7
7 2
3 1
1 10
8 2
7 4
4 9
6 6
8 5
6 8
10 4
4 6
4 2
1 3
3 6
4 9
4 6
3 4
9 6
10 10
9 5
7 9
4 10
6 2
1 5
7 10
9 1
4 7
3 1
3 6
6 8
2 3
9 3
9 3
5 3
8 10
3 8
6 8
7 10
10 3
1 10
3 3
7 10
7 10
3 9
6 3
5 5
7 7
4 2
1 2
8 3
5 4
8 7
6 4
4 8
7 5
3 5
4 2
7 9
1 5
4 6
5 8
4 10
10 4
4 9
7 10
4 7
10 1
7 8
9 1
10 6
8 10
2 6
7 7
2 6
8 4
3 7
7 9
7 6
7 8
10 9
5 7
9 5
9 5
9 5
2 10
6 7
9 6
2 8
10 9
4 10
4 6
4 4
5 2
10 4
10 8
8 9
4 9
10 6
9 4
10 1
3 9
6 1
5 1
8 9
1 2
4 4
4 7
2 3
2 5
1 3
6 10
2 10
4 8
10 7
3 3
9 2
2 7
1 2
1 4
7 2
7 4
1 8
3 4
1 1
7 2
4 10
5 8
8 7
4 1
1 3
1 6
3 2
3 10
6 5
7 10
7 1
9 10
6 7
9 3
4 8
8 2
4 9
4 4
9 7
6 7
3 9
5 3
6 3
5 4
6 3
2 6
5 10
5 2
7 1
6 3
1 5
6 4
9 2
1 5
5 7
7 8
5 2
8 7
9 6
3 7
7 10
8 9
1 4
10 1
6 7
6 5
5 6
8 10
10 10
9 7
4 5
1 6
4 9
4 7
2 3
4 10
7 7
2 5
1 1
10 4
3 4
6 9
2 2
1 4
1 4
2 3
5 2
5 7
1 2
5 8
2 9
8 6
6 4
8 5
9 6
10 2
2 2
2 4
3 2
1 6
1 9
7 9
8 8
2 10
5 6
3 10
10 9
6 9
4 1
7 7
9 6
8 1
5 1
5 8
6 9
8 10
2 9
5 4
9 7
3 10
4 4
8 9
3 10
1 6
7 3
4 3
2 8
5 4
8 5
7 6
10 1
9 1
7 2
9 8
7 4
8 1
6 4
6 6
3 8
2 8
5 6
2 7
8 7
2 3
10 5
9 5
7 3
1 3
8 4
3 9
2 8
1 7
1 10
9 7
4 4
4 7
9 3
7 5
6 5
9 6
8 3
6 3
6 4
9 7
7 9
7 6
8 4
6 5
1 7
8 10
8 10
9 9
4 5
4 2
2 10
10 2
5 5
7 6
2 3
1 8
10 1
2 10
7 5
10 7
5 3
10 4
2 10
10 6
3 6
7 2
5 2
10 2
9 8
3 6
7 9
4 5
9 2
3 5
6 6
10 3
6 4
1 1
7 3
7 2
3 5
6 9
6 1
1 9
9 7
9 8
4 7
3 8
10 2
10 4
10 2
7 7
1 5
4 5
5 3
2 8
4 8
6 9
2 2
3 5
2 6
8 10
9 10
5 4
3 7
3 7
4 2
7 3
1 4
1 6
7 4
7 3
4 6
9 10
8 3
3 1
1 2
10 5
2 9
1 1
9 3
4 1
8 7
6 3
2 7
9 8
2 9
9 4
4 9
3 3
6 5
9 6
10 4
2 10
2 6
8 4
7 3
10 3
10 9
10 8
3 10
1 10
9 5
3 9
5 6
1 5
4 3
10 1
8 4
10 7
2 6
5 10
9 3
8 10
7 5
10 1
7 1
8 6
5 9
4 7
10 1
9 5
1 9
8 3
8 7
3 2
5 10
8 9
7 6
3 5
3 3
1 1
2 7
4 5
1 5
6 7
2 7
10 1
3 6
7 2
9 10
6 9
4 5
9 9
2 8
6 8
2 1
3 10
5 9
9 1
7 8
4 3
10 5
6 2
10 3
4 6
1 4
5 7
2 9
4 1
7 6
5 8
10 10
3 9
1 8
3 2
2 10
3 3
3 5
7 6
1 2
5 10
10 5
7 10
6 4
6 10
5 1
7 3
2 2
4 7
3 7
5 10
7 5
8 5
5 6
1 9
7 10
3 8
6 3
2 4
3 9
1 6
9 2
6 8
4 6
10 3
4 3
8 4
7 8
7 2
8 10
1 6
7 7
1 1
9 3
1 2
7 4
1 1
4 3
2 7
9 3
10 6
3 7
2 3
4 3
1 10
5 4
1 1
7 1
9 3
2 7
10 8
6 1
9 8
10 8
1 10
1 7
5 3
1 5
7 5
6 5
2 8
7 3
8 7
7 9
1 10
6 8
6 2
6 3
3 5
1 3
2 9
4 5
3 10
3 3
5 1
7 6
2 2
3 4
2 4
1 6
10 5
4 9
10 3
4 7
6 8
3 2
4 1
5 2
3 7
5 4
9 9
5 2
1 2
7 8
1 2
4 2
5 10
1 9
4 10
8 7
4 3
9 8
8 6
4 4
7 1
9 2
8 8
8 8
10 4
2 9
2 4
8 8
3 9
7 6
3 1
6 3
7 3
10 1
5 3
9 1
10 4
4 10
9 3
10 6
1 1
2 4
2 9
10 7
3 8
10 1
2 1
3 10
7 8
2 3
1 3
9 5
6 10
2 7
8 10
3 7
1 1
8 2
9 7
4 2
9 2
6 2
2 9
10 2
8 2
8 1
4 7
10 8
2 6
6 6
2 5
6 8
9 10
1 3
5 10
1 10
8 5
10 7
2 3
9 9
7 5
1 1
9 5
9 9
10 7
1 10
6 9
5 10
5 7
4 9
1 2
9 8
2 1
6 6
1 2
4 1
2 8
9 7
5 10
8 7
9 2
5 5
10 1
10 6
3 6
5 3
10 8
6 8
3 6
4 4
9 7
5 4
1 4
5 7
5 9
4 10
8 5
4 5
10 10
4 2
8 6
4 3
3 6
3 3
8 10
8 8
7 4
5 1
4 10
10 5
1 9
10 10
4 8
4 4
1 6
3 6
5 5
9 8
6 4
2 8
3 7
4 3
10 9
1 5
2 1
2 1
8 6
6 7
4 2
6 6
1 9
8 8
10 8
5 3
5 6
6 3
8 4
10 3
7 10
1 9
1 8
6 8
6 5
2 1
4 2
3 5
5 9
2 3
3 8
4 7
8 5
10 3
8 8
6 5
3 5
2 8
10 7
5 8
1 6
6 10
1 3
5 5
10 3
9 7
3 6
2 5
9 1
8 4
6 10
1 1
9 7
3 5
2 9
2 10
7 5
3 4
6 10
1 5
4 1
6 1
1 2
2 6
1 5
6 1
8 5
3 5
3 2
4 6
2 6
4 9
8 9
6 9
10 7
2 5
5 9
9 2
5 4
3 3
6 9
6 6
3 9
7 9
6 8
9 5
10 7
4 4
1 3
8 8
8 3
2 7
5 10
8 10
8 6
5 1
3 2
10 4
9 5
4 6
6 4
3 1
4 9
7 8
2 6
10 7
10 4
4 4
6 1
8 1
3 9
7 2
3 3
9 3
5 2
2 9
9 8
2 4
10 5
6 3
1 5
10 8
5 10
3 7
9 3
7 5
1 10
5 1
3 6
3 4
1 10
9 8
8 4
1 2
10 10
2 2
8 3
10 9
6 8
10 1
7 2
7 9
2 2
8 6
7 10
1 2
6 9
8 3
2 6
6 4
2 8
1 5
6 7
7 7
2 6
8 6
1 5
1 8
5 7
1 1
9 3
4 10
7 4
8 4
1 2
8 3
3 2
1 1
1 2
4 5
4 1
1 2
4 3
10 10
1 10
7 10
5 9
6 10
8 5
4 7
10 8
10 10
2 8
3 6
9 10
1 9
8 9
7 9
1 7
7 1
8 7
6 10
10 4
8 9
6 6
6 3
5 1
4 3
4 4
8 7
3 4
9 2
1 1
9 10
5 9
9 4
8 8
3 2
3 8
10 8
7 4
10 5
7 9
3 9
3 5
5 7
9 6
4 5
7 8
6 5
10 7
2 8
5 5
4 9
4 7
2 3
8 1
6 5
6 5
10 1
2 1
5 8
8 1
6 2
10 6
6 6
9 1
7 9
6 2
8 5
1 9
6 7
7 2
10 2
6 4
9 5
3 7
8 6
6 7
2 6
2 9
2 9
6 6
8 1
10 7
7 8
2 7
4 7
4 7
6 1
4 9
7 1
10 8
8 1
3 5
1 4
1 3
6 2
10 8
1 2
7 10
4 10
9 9
5 4
5 6
2 10
1 1
3 4
8 5
3 1
7 9
8 8
9 8
8 6
3 4
10 3
10 6
8 5
1 6
1 8
7 10
8 1
5 1
8 5
6 5
1 8
9 7
7 10
5 9
2 6
6 2
3 9
2 7
3 3
1 7
1 10
6 10
10 5
6 7
10 1
9 9
5 4
7 2
10 3
6 10
7 8
4 9
10 6
3 3
7 5
8 9
6 3
5 3
10 9
5 7
4 8
9 3
7 7
1 2
9 9
3 7
6 9
2 8
5 8
2 5
10 2
1 6
3 8
8 8
4 6
9 7
5 10
7 2
5 1
10 2
4 9
9 9
3 6
9 10
9 8
10 10
6 1
1 6
7 1
1 1
4 1
8 6
4 3
3 1
2 8
5 2
10 10
8 1
5 4
7 7
10 7
2 7
4 9
9 8
8 4
8 7
6 3
5 9
3 5
3 6
9 9
6 2
9 8
3 6
5 4
3 9
4 5
6 9
4 7
4 1
8 3
5 6
6 10
7 9
7 2
4 3
1 3
9 10
9 5
5 6
3 3
3 10
10 8
5 6
4 8
4 8
10 5
5 4
10 1
9 1
1 4
4 9
7 1
2 8
9 2
6 7
6 6
10 9
3 8
10 3
8 8
8 8
4 5
1 3
7 5
9 9
1 10
4 3
10 2
9 3
6 6
7 10
3 8
6 1
1 8
7 7
6 4
5 8
10 10
5 10
9 9
1 4
2 5
10 2
8 8
1 10
7 2
2 7
6 6
5 7
7 9
6 1
7 9
3 3
8 5
3 1
5 4
8 7
3 3
1 3
2 6
9 10
9 1
8 6
7 9
4 5
1 4
3 8
9 3
3 5
3 1
2 7
3 10
9 1
3 6
3 2
2 10
1 5
6 5
7 1
6 9
6 9
8 3
4 9
5 9
1 5
9 9
5 10
10 3
10 5
3 7
1 6
9 7
6 10
8 1
6 10
2 8
2 10
4 8
3 2
2 5
9 9
7 3
10 2
3 9
4 8
3 7
9 7
10 3
9 3
9 8
4 9
5 9
9 3
10 9
1 9
10 10
8 2
6 8
3 2
4 9
4 3
2 7
8 5
2 1
1 7
10 3
10 8
5 6
6 3
9 2
7 4
2 1
3 2
8 7
10 1
2 1
7 9
5 6
6 6
4 7
2 8
6 10
7 5
8 6
6 1
1 2
4 8
7 4
1 10
5 3
5 10
4 3
8 8
3 7
6 6
10 7
5 7
1 1
9 2
7 2
5 5
6 8
8 4
1 8
8 1
4 5
8 10
9 5
6 4
10 6
7 4
2 3
5 5
1 8
6 3
1 2
8 2
1 3
6 3
6 6
1 10
6 7
1 10
10 9
9 10
2 4
4 1
4 6
7 8
7 2
5 5
2 3
10 2
10 9
2 6
7 8
10 8
5 6
4 10
7 9
1 7
10 8
5 2
9 5
8 3
4 8
4 5
5 10
5 9
7 2
8 2
5 4
4 3
2 1
7 9
9 2
6 7
1 9
3 10
7 3
5 6
6 1
6 7
6 9
8 5
5 2
5 7
8 8
9 9
5 1
9 6
3 9
1 5
8 1
5 3
9 5
10 7
2 1
5 7
3 1
4 2
1 3
5 2
9 2
8 7
4 10
10 3
9 9
2 10
5 3
6 7
3 2
8 7
4 4
1 10
1 4
8 1
2 2
1 1
2 1
3 5
9 3
3 10
9 6
6 4
9 9
2 2
5 5
7 4
3 2
4 2
7 3
2 2
10 7
7 9
2 5
6 2
9 7
10 7
3 4
7 9
9 8
6 9
2 1
5 5
5 10
5 3
4 6
1 4
2 9
5 5
9 2
8 1
4 5
10 5
4 1
2 5
2 8
5 9
10 2
4 8
5 5
4 9
3 6
8 6
7 9
5 2
10 10
7 6
3 4
2 3
4 3
10 1
5 7
4 4
9 6
1 5
3 7
10 8
1 9
3 4
10 4
2 5
5 10
10 2
10 7
4 9
1 1
4 7
2 5
6 4
5 1
6 2
7 4
8 9
7 5
10 1
1 3
3 8
8 8
5 10
9 6
7 7
8 7
5 2
5 3
3 9
1 4
1 4
7 10
2 10
7 4
8 7
6 3
9 5
5 2
10 7
1 4
4 3
9 2
2 3
2 4
8 6
6 2
8 2
3 1
8 4
9 4
9 10
10 3
2 4
7 10
8 8
2 10
5 5
2 9
1 2
7 4
2 2
1 7
4 7
9 8
2 2
5 10
1 8
4 6
7 8
7 9
5 7
2 4
10 2
2 8
3 3
8 5
3 10
6 8
4 1
9 4
4 4
2 5
8 2
7 8
7 3
4 6
7 5
6 9
9 1
5 10
10 9
6 5
8 2
3 4
4 9
7 7
3 9
7 2
3 5
3 8
3 4
6 10
1 8
1 2
10 7
9 4
6 5
5 5
3 10
5 2
5 8
3 9
7 7
3 4
7 8
8 5
1 3
10 4
10 6
5 9
2 1
8 2
4 6
1 8
1 8
5 2
7 4
4 5
9 2
5 8
2 4
5 9
3 7
4 4
9 10
3 6
2 2
1 10
1 4
10 5
2 8
7 10
2 8
6 1
8 3
4 10
9 7
2 4
6 5
4 1
3 1
2 4
2 1
8 5
9 8
10 9
6 5
1 7
5 2
10 10
7 9
8 8
3 6
6 1
9 9
1 1
8 2
10 1
10 9
6 6
9 8
1 6
3 2
4 9
6 10
8 9
7 1
1 6
8 8
1 2
10 6
10 9
6 2
3 6
7 3
4 3
8 7
9 4
6 3
7 6
10 1
8 6
4 1
6 8
7 10
7 7
1 6
10 9
6 5
7 6
8 7
6 10
6 5
2 10
4 1
7 10
9 8
5 8
6 6
3 6
9 8
3 4
9 3
4 4
2 7
6 4
10 10
10 8
6 6
3 1
5 9
7 4
10 2
2 2
9 9
2 2
3 2
6 4
2 4
5 5
8 3
9 2
1 1
4 9
9 9
5 7
8 3
2 4
6 10
3 2
6 5
1 2
2 7
10 9
1 4
1 5
4 4
9 7
2 4
10 2
9 4
6 6
3 3
4 4
5 6
4 6
10 5
8 4
4 8
7 7
8 4
8 9
3 5
5 8
4 6
8 10
3 9
10 9
10 4
10 2
8 5
9 10
2 5
8 4
5 2
6 9
10 4
3 2
2 1
4 2
1 4
3 9
1 4
1 1
6 5
2 5
2 6
4 1
8 10
2 6
1 4
6 1
8 6
9 2
10 7
1 1
3 4
8 6
10 3
7 3
6 10
3 10
1 9
7 8
10 10
6 4
2 2
10 10
3 7
4 8
8 1
7 10
5 10
4 8
4 7
8 7
1 5
4 8
1 10
7 7
4 8
7 1
4 9
7 1
7 5
7 10
4 1
5 1
9 3
7 3
4 7
9 6
3 8
1 4
8 7
9 7
9 6
9 10
7 10
7 1
3 5
2 9
4 2
10 8
4 6
9 4
5 7
1 2
4 3
8 4
7 7
9 10
8 7
1 10
2 10
3 8
2 1
4 4
4 10
4 4
4 3
4 10
10 3
6 10
5 9
1 5
6 4
6 5
8 9
8 9
10 9
1 2
9 10
8 9
2 10
4 7
10 1
8 10
7 10
10 9
2 10
5 8
8 1
4 5
7 10
9 3
3 4
7 6
6 1
1 8
4 1
4 3
10 6
4 8
5 6
8 3
9 1
5 2
5 4
2 1
3 6
9 6
5 10
3 2
10 2
9 7
1 4
2 10
5 1
6 10
3 10
8 5
9 9
5 3
5 5
2 4
9 7
4 2
5 8
4 4
10 7
5 8
9 7
4 9
8 10
7 10
7 8
1 1
4 7
4 6
9 5
1 3
7 10
2 6
9 4
2 10
4 8
9 3
1 1
7 6
1 1
6 9
2 1
8 8
6 10
3 7
8 8
8 6
2 6
6 5
1 10
1 8
10 4
7 10
4 2
2 2
4 10
3 9
5 4
10 4
5 2
6 9
9 4
8 7
5 1
2 4
1 8
9 8
3 7
6 3
1 8
1 3
8 8
4 4
1 10
4 7
3 1
5 6
5 1
7 9
5 4
6 2
5 1
1 5
10 3
5 5
6 8
1 7
5 1
8 7
3 2
4 4
4 6
6 6
4 8
1 3
1 4
5 2
8 3
6 9
3 7
2 1
3 10
3 8
10 9
3 7
5 5
3 10
10 6
5 8
3 1
6 9
3 9
4 8
10 6
7 10
10 10
3 8
3 1
2 7
3 2
2 1
10 4
2 1
4 1
6 8
1 8
1 10
2 2
2 1
1 7
3 8
6 3
2 6
5 3
5 10
4 6
1 1
9 10
6 6
2 9
7 2
5 5
9 2
5 5
2 8
3 1
7 4
5 9
2 7
6 7
9 1
2 8
7 4
7 3
8 2
10 3
8 8
10 10
9 3
9 6
10 8
6 2
1 6
3 4
2 2
6 7
7 6
3 4
9 7
1 3
9 6
5 1
5 6
5 9
8 7
5 9
4 7
2 1
8 10
10 1
2 7
5 5
7 10
9 2
7 8
9 7
9 1
2 8
7 5
9 8
7 1
1 9
5 4
1 8
8 2
5 8
7 8
1 6
4 3
10 6
5 8
3 4
2 1
6 6
6 7
6 9
2 1
4 1
3 6
9 7
4 6
8 8
9 6
4 3
1 8
10 4
7 9
4 8
9 2
4 8
8 5
4 9
9 10
10 9
10 10
10 8
3 4
1 2
8 9
1 3
8 3
7 2
8 8
9 1
10 8
1 8
10 10
7 9
5 10
7 4
1 5
9 5
7 10
2 4
1 1
3 3
4 7
7 9
6 2
7 1
10 8
1 6
3 4
1 2
3 3
5 10
7 3
6 4
7 7
6 8
8 7
4 5
2 6
4 1
3 8
9 3
7 5
7 5
9 6
6 3
7 5
10 10
1 1
7 4
7 9
7 4
3 10
1 7
1 9
6 8
4 5
3 7
9 6
4 10
2 2
5 6
6 9
9 5
7 4
10 1
2 4
2 1
9 4
9 7
6 6
5 9
9 10
5 7
5 9
1 4
9 1
6 7
9 6
4 7
5 5
2 1
9 7
10 1
8 1
6 6
2 8
3 5
1 10
6 8
6 4
6 7
3 2
2 3
1 2
10 8
2 10
8 8
7 9
10 5
6 3
2 7
7 5
4 5
6 3
3 10
3 5
10 5
10 10
7 5
1 6
5 6
10 8
3 7
4 10
1 3
9 8
3 9
3 8
10 9
1 6
1 10
6 3
7 5
5 9
2 6
4 1
9 10
4 4
2 1
5 3
4 10
10 2
7 5
3 8
10 10
6 1
1 8
7 1
5 2
2 2
2 5
6 1
7 10
6 8
8 4
8 2
10 3
9 7
8 9
1 4
8 2
5 2
7 6
1 10
1 9
1 2
2 9
4 10
8 3
10 1
5 10
1 2
10 6
1 9
8 8
1 1
6 10
1 10
5 8
9 9
8 4
5 4
7 8
6 7
3 4
7 5
10 8
9 4
4 4
2 2
10 1
8 2
6 10
3 9
2 8
1 9
4 6
10 1
6 3
5 3
3 6
9 3
5 5
10 4
1 4
2 8
7 3
6 5
10 7
7 1
8 8
3 9
6 10
6 9
1 4
5 3
10 10
7 7
10 8
3 9
4 1
6 8
9 5
4 5
10 4
7 4
2 1
2 1
1 7
1 9
7 1
9 8
5 3
5 9
2 10
10 8
8 7
6 2
1 1
5 8
7 1
1 4
10 9
8 6
1 10
1 5
10 3
1 6
5 6
4 8
6 10
9 9
4 5
10 6
2 3
10 7
9 2
5 6
6 10
9 3
4 6
1 2
5 10
7 9
3 1
2 9
1 3
5 8
5 5
7 4
5 3
2 7
6 1
10 5
10 7
6 1
5 7
2 7
9 9
5 2
6 4
4 5
3 8
1 2
7 6
2 9
8 9
9 8
9 6
8 2
1 4
1 6
10 5
8 3
4 6
9 3
2 9
5 4
1 5
5 6
2 2
4 10
10 10
9 4
10 2
7 1
9 7
10 1
2 5
8 9
9 2
9 2
5 2
9 6
2 10
3 2
8 10
8 2
5 5
8 7
1 9
4 2
3 4
4 2
7 7
10 2
9 9
4 8
4 10
8 9
6 7
2 10
1 7
8 10
9 6
7 1
4 3
8 2
3 1
3 5
6 8
9 3
6 9
2 9
9 5
4 8
6 8
6 3
3 5
2 1
10 9
2 1
10 10
5 7
7 7
10 6
3 2
7 8
6 6
2 5
10 1
5 5
5 8
1 9
1 7
6 10
6 6
7 4
10 10
3 9
2 5
6 2
9 1
2 4
1 8
4 4
7 1
5 2
10 9
5 3
8 7
4 9
7 8
3 7
3 3
5 7
5 6
4 5
1 2
8 7
3 4
4 2
8 3
2 3
7 7
7 6
6 8
5 10
8 2
6 6
2 3
2 6
1 10
8 5
2 6
10 10
1 6
2 5
3 9
10 5
9 2
3 1
3 8
8 10
7 10
4 2
4 5
5 9
9 10
8 4
7 7
9 5
1 4
9 2
2 6
8 4
6 1
5 4
8 4
2 10
2 5
4 4
2 9
3 5
4 7
8 9
10 3
4 3
8 10
4 3
9 1
9 8
6 3
5 2
10 10
7 10
3 1
2 6
8 6
10 6
1 1
10 3
10 4
8 1
7 1
6 6
3 2
7 10
2 1
2 10
3 9
4 5
10 9
10 8
10 1
2 9
1 2
1 4
9 4
4 7
4 9
4 5
8 10
1 2
3 9
5 6
10 2
4 3
6 8
3 1
3 8
1 3
7 6
4 3
10 6
4 8
1 7
4 3
8 4
10 3
1 2
4 3
6 8
6 2
2 4
4 8
4 3
4 9
3 3
9 10
7 8
8 3
8 7
9 3
3 2
8 3
5 3
3 5
5 7
5 4
6 2
1 7
4 5
1 1
6 9
9 9
2 5
6 2
4 8
7 9
5 9
2 2
5 2
2 1
4 6
2 8
3 7
5 9
5 3
8 4
2 8
5 1
1 3
8 8
3 8
9 4
4 5
2 6
3 9
7 1
1 8
1 3
1 3
8 8
10 2
5 10
2 8
3 8
1 3
5 4
5 9
2 4
9 7
5 2
5 7
2 1
2 3
4 4
6 1
8 5
8 5
1 3
8 5
7 3
6 8
4 5
6 6
6 5
3 5
7 8
9 7
2 1
10 3
2 9
4 1
5 1
1 2
8 2
4 4
1 9
8 7
10 4
8 2
4 4
2 5
10 9
2 3
3 4
8 4
1 6
2 9
10 1
1 3
1 6
3 7
2 10
4 2
6 9
9 6
6 7
8 9
3 4
5 8
7 9
9 2
10 3
3 8
5 2
2 7
7 1
2 3
7 10
5 7
8 3
3 1
5 9
2 8
4 10
6 10
7 10
3 8
4 1
4 7
2 8
2 2
3 10
4 9
6 9
6 7
4 2
2 4
9 4
2 1
5 8
4 2
8 2
3 3
1 7
1 7
4 2
7 9
6 10
7 7
7 8
10 5
7 6
7 5
10 10
7 1
1 2
2 7
8 7
5 10
3 8
3 2
7 8
3 3
8 3
3 5
5 10
2 4
8 6
4 4
8 9
7 9
1 10
10 9
5 1
4 6
6 10
9 6
4 7
6 4
1 6
6 2
6 3
8 7
7 7
2 2
5 5
9 2
6 4
2 6
6 8
10 9
3 4
8 1
10 8
9 5
9 8
2 8
9 1
5 6
4 4
3 10
7 10
4 2
1 3
1 3
7 8
8 4
7 9
9 9
2 8
3 6
1 10
7 10
8 1
4 2
7 10
6 4
5 5
7 4
8 2
2 6
10 9
7 4
10 4
1 1
6 6
9 5
3 6
6 7
3 9
5 10
10 1
3 3
9 3
8 2
6 2
6 8
9 9
2 8
6 5
2 1
8 6
9 8
2 5
8 1
3 2
10 4
4 9
1 5
6 4
9 5
2 2
1 8
5 1
5 2
10 8
4 4
10 4
1 8
7 9
2 6
8 4
7 9
9 1
6 4
10 2
7 10
5 1
6 7
1 6
2 2
10 4
10 2
3 2
7 5
10 2
7 5
10 9
9 3
9 5
6 6
9 1
5 6
1 3
3 5
5 7
9 9
2 8
8 2
4 3
3 4
8 7
8 7
9 1
6 10
9 10
8 8
8 8
9 2
8 4
1 3
2 1
4 9
3 2
10 8
2 4
4 3
9 7
2 8
1 7
4 7
9 4
6 10
7 10
9 7
4 6
3 2
1 5
2 2
2 10
7 7
4 4
6 9
7 8
4 7
4 5
1 1
10 8
10 8
2 6
7 6
8 8
3 9
2 10
3 10
2 7
8 9
10 7
4 4
1 5
5 10
10 9
9 9
1 4
1 8
6 6
2 3
10 7
7 7
3 7
6 2
7 3
4 1
3 4
4 6
5 6
7 2
4 7
10 8
3 9
6 7
6 5
7 7
2 1
9 7
10 6
2 7
1 7
2 1
8 7
4 9
3 6
7 10
7 9
5 2
2 10
1 10
9 5
3 10
3 5
6 9
6 8
9 4
6 3
2 1
9 9
10 8
10 1
1 4
7 3
2 6
3 7
4 10
4 4
5 10
6 2
4 4
5 10
3 5
10 1
10 4
5 5
1 5
8 7
1 10
5 6
10 6
1 8
5 9
8 9
9 9
3 8
9 10
8 4
6 3
6 2
9 5
3 8
6 6
9 10
2 8
3 6
8 10
4 1
10 1
9 10
4 7
5 8
4 7
10 10
1 1
7 5
10 2
7 5
7 3
5 8
7 3
2 2
4 10
2 6
3 3
8 5
9 10
10 4
7 7
9 10
9 3
4 8
2 1
8 9
5 1
4 7
2 7
5 1
1 2
10 5
10 8
8 3
9 9
5 7
7 1
3 7
10 10
5 10
10 4
9 7
1 6
6 2
8 4
5 2
4 4
5 9
7 9
9 9
8 2
9 2
7 3
5 10
4 5
7 6
3 2
3 4
9 10
8 7
1 9
2 1
1 2
1 4
7 6
3 6
2 4
1 1
9 10
8 1
2 3
9 3
2 1
3 4
6 8
8 4
4 1
2 10
2 3
2 10
1 4
8 1
8 6
5 9
3 10
6 1
2 10
6 8
7 8
8 2
5 7
6 1
9 6
3 7
4 3
4 8
3 6
10 1
9 8
3 4
5 3
3 2
7 7
8 2
8 1
1 7
9 8
7 10
6 7
5 7
8 9
7 10
2 2
4 1
5 3
3 1
5 4
2 10
5 8
1 2
1 4
7 1
3 4
2 5
9 6
5 5
2 3
9 10
2 8
5 7
9 6
10 10
10 4
6 6
4 1
3 5
2 1
4 4
10 1
9 1
2 8
8 5
4 5
3 3
9 4
8 7
9 1
7 10
5 4
4 8
6 7
9 9
5 1
1 3
4 4
6 3
2 7
5 1
1 2
8 1
5 10
1 4
1 1
1 4
6 8
10 1
8 2
2 8
9 8
6 3
9 10
7 10
2 1
8 10
1 4
4 10
1 8
4 1
5 4
4 7
7 5
8 3
5 6
1 2
2 8
6 1
4 5
9 6
7 7
3 9
3 1
8 3
6 7
5 6
9 8
10 6
8 1
2 8
1 6
10 6
10 10
10 3
3 5
9 8
1 7
7 5
7 2
9 10
2 2
7 2
10 9
6 2
8 2
10 1
1 4
8 4
4 7
8 9
4 10
9 9
3 6
3 10
10 8
9 5
2 6
3 2
10 1
10 8
7 9
5 9
9 6
5 1
10 8
8 9
9 8
10 9
7 5
6 10
2 1
4 3
7 9
1 3
1 6
6 9
3 1
6 2
4 3
5 6
8 1
5 8
8 5
2 2
9 8
10 1
5 4
2 10
4 2
2 3
7 4
6 3
6 10
2 4
1 7
10 1
4 2
2 10
6 9
7 6
6 10
10 10
9 10
7 3
10 9
3 8
4 4
10 5
8 6
4 8
3 3
5 3
2 1
1 4
7 2
8 4
3 7
2 10
1 2
4 8
4 5
8 8
3 2
6 5
10 2
10 10
9 10
1 1
10 1
5 6
5 8
1 5
5 7
3 1
4 2
1 10
5 7
8 1
4 6
7 1
1 9
7 7
2 7
1 10
1 2
9 1
3 5
7 4
2 4
2 9
7 5
9 6
10 4
9 6
5 6
10 10
6 6
2 9
10 4
8 6
9 1
9 6
8 5
6 2
7 10
8 1
10 9
7 8
2 4
1 3
9 7
6 6
3 5
1 3
9 8
9 4
2 3
5 9
7 2
8 3
2 6
10 3
6 2
8 2
9 8
10 6
10 10
7 9
7 3
3 8
2 1
1 4
10 3
7 7
1 6
4 3
6 10
9 5
2 7
5 4
7 7
6 10
2 1
10 8
3 10
7 3
8 2
6 2
1 10
2 2
9 4
6 3
1 1
4 9
3 3
4 3
6 4
6 9
3 3
10 9
7 8
4 3
4 5
5 9
6 6
7 5
3 5
8 1
10 8
8 10
8 8
3 2
1 10
8 8
1 8
8 9
3 8
3 5
4 10
10 1
10 5
7 9
5 10
10 2
9 9
9 5
6 8
4 8
3 7
8 10
6 3
7 5
9 8
10 2
10 2
2 6
3 3
6 2
7 5
6 7
3 1
7 6
1 10
7 9
4 3
6 2
7 2
8 8
7 1
5 9
4 7
10 3
5 3
4 6
1 9
6 4
7 7
4 7
10 7
3 3
2 6
10 5
1 8
4 4
8 3
5 1
9 3
4 5
2 5
6 4
7 10
5 9
1 9
5 4
6 3
9 6
9 4
9 4
2 6
7 5
9 3
2 4
2 6
1 6
4 9
1 9
8 7
3 1
7 10
5 5
6 5
4 10
4 6
8 1
10 9
3 4
8 1
10 8
10 4
10 10
7 4
8 5
1 7
5 1
5 10
7 10
10 7
10 8
3 3
8 4
7 4
10 4
8 7
1 10
6 8
1 2
4 4
3 1
5 6
8 1
3 8
4 9
2 8
8 7
3 2
6 6
1 1
5 6
4 4
7 4
5 10
1 10
9 9
3 8
6 7
5 10
3 2
10 1
7 7
9 5
6 10
3 5
3 8
8 8
9 2
1 6
6 5
8 8
6 7
9 3
1 8
6 8
3 8
10 3
7 3
8 4
7 9
8 8
7 3
10 3
8 7
2 1
3 5
8 7
10 5
10 1
1 2
7 10
4 8
6 1
1 5
2 1
2 8
5 10
5 6
10 8
4 8
1 3
3 5
10 10
3 8
10 10
1 10
6 3
2 3
4 7
4 2
1 5
9 6
8 4
4 7
5 4
6 7
2 6
10 9
3 1
2 2
10 7
7 5
4 4
7 3
8 1
3 8
9 5
2 7
1 5
4 8
7 2
6 7
3 8
2 3
9 4
6 2
4 5
5 9
8 5
2 3
2 9
4 3
4 5
1 3
3 6
2 5
3 5
5 7
6 9
6 8
3 6
3 2
9 6
9 6
4 2
10 10
5 2
5 5
8 6
2 6
6 6
6 3
6 2
9 9
6 3
2 10
1 6
10 9
3 8
3 3
8 9
1 3
8 8
4 4
8 5
3 1
2 5
6 5
1 5
3 7
3 7
3 10
6 10
1 7
10 7
1 5
10 4
8 1
3 9
6 6
7 6
5 3
5 7
4 7
9 2
2 4
10 1
3 1
8 8
6 1
3 6
3 2
3 6
8 10
9 10
7 6
9 4
7 9
8 9
9 6
3 4
6 6
5 10
6 10
5 1
5 4
3 9
9 8
2 9
10 7
5 3
6 7
1 8
7 4
7 10
3 1
6 2
1 9
10 3
1 2
6 1
6 2
7 5
3 1
4 7
9 10
2 4
10 2
3 8
2 7
3 1
10 5
9 3
4 5
6 7
4 5
8 3
4 2
10 7
4 1
6 3
3 7
10 2
5 6
8 10
5 5
9 9
5 1
10 10
6 3
9 3
2 8
9 5
7 9
10 1
10 5
8 4
3 1
10 4
10 1
5 6
1 9
6 9
6 3
7 7
8 6
10 2
9 5
4 2
2 8
3 4
10 4
10 1
1 2
2 5
6 1
6 7
1 6
2 6
10 9
5 2
1 4
4 1
9 8
4 3
8 1
2 10
4 7
3 3
1 10
6 1
10 1
4 10
6 8
8 5
2 10
2 5
6 5
2 9
2 1
4 7
8 10
10 9
2 3
9 10
3 9
2 6
9 9
6 3
7 1
6 9
8 5
10 5
7 2
6 3
8 3
5 9
9 6
7 10
6 7
8 10
4 5
9 8
7 5
4 4
3 8
9 2
8 8
7 9
8 7
8 3
2 4
1 10
9 9
8 4
3 2
1 2
7 5
10 5
9 1
2 10
2 2
9 10
1 4
6 4
9 9
5 5
7 8
2 4
7 5
3 6
10 5
4 2
2 7
6 10
9 10
6 5
6 5
6 1
7 1
5 10
9 5
2 9
1 4
10 8
1 1
9 6
7 8
1 2
3 1
8 4
4 9
7 6
10 6
6 7
3 10
5 2
10 8
10 6
1 9
8 6
5 10
7 3
7 8
9 7
1 8
10 3
1 3
8 7
4 8
3 4
2 6
7 6
9 2
2 6
6 3
5 5
2 8
9 4
3 8
6 2
6 1
4 4
1 6
1 9
7 10
6 8
9 1
10 5
2 1
9 2
5 5
6 2
5 3
7 6
9 6
1 9
9 9
4 3
9 8
7 5
3 1
8 3
5 8
6 7
5 7
5 3
8 4
1 5
3 4
1 1
5 10
2 3
10 4
2 10
10 10
3 7
1 2
2 9
8 7
5 2
4 9
5 4
7 4
5 4
8 3
7 10
2 8
1 5
9 7
10 7
6 10
6 4
4 6
8 1
9 6
4 2
6 8
2 8
10 6
4 3
9 9
10 10
6 1
5 10
4 3
1 10
8 7
1 6
6 3
3 9
4 1
7 10
10 8
5 3
6 10
5 6
3 4
4 5
5 10
9 1
7 8
6 5
9 7
8 7
3 6
3 1
5 7
6 2
6 4
9 4
6 9
2 7
6 10
8 5
5 5
2 2
3 10
8 4
8 7
9 5
1 3
6 1
7 2
6 6
4 9
2 8
1 5
1 1
4 7
5 1
3 4
8 7
7 1
3 8
10 1
3 8
3 6
1 5
10 5
9 5
5 7
1 5
3 10
10 6
4 4
8 4
1 8
4 6
7 6
9 4
7 6
4 7
3 1
9 3
8 2
5 2
7 3
1 9
2 6
10 6
7 9
1 4
4 9
7 4
6 10
2 3
3 6
4 3
10 2
9 3
3 1
2 9
3 10
9 3
10 10
8 1
6 3
4 1
5 6
5 9
6 4
5 10
7 9
1 6
8 8
8 9
7 2
2 5
5 10
6 4
6 1
7 2
4 6
2 6
8 6
5 3
2 5
7 5
7 4
8 3
7 5
2 8
9 1
9 10
9 9
6 7
8 6
9 8
5 6
2 3
7 6
8 3
2 5
1 6
7 7
3 3
4 8
1 10
1 4
4 4
6 6
4 4
10 4
3 10
1 2
9 5
7 7
10 2
9 6
2 2
6 7
8 1
3 10
1 10
4 8
10 7
6 5
10 2
5 4
2 6
3 2
6 8
9 3
6 8
3 7
6 10
8 7
2 2
7 2
3 3
10 5
3 9
3 4
2 8
6 8
2 8
10 1
3 9
7 3
8 1
5 2
6 5
9 8
6 10
9 1
3 5
8 4
4 9
6 7
10 8
8 1
5 8
1 1
10 2
1 3
5 5
4 10
10 8
10 1
10 9
10 10
5 7
6 2
4 6
8 10
2 3
8 5
2 3
7 9
2 1
3 9
8 10
4 5
7 8
1 2
1 3
3 5
10 6
4 10
4 4
7 7
1 8
7 7
3 4
6 2
6 6
6 4
4 3
1 5
4 5
10 8
4 6
9 10
4 6
8 10
3 9
7 10
8 2
3 9
10 8
3 7
7 6
2 9
10 3
3 5
9 8
10 7
10 4
3 2
2 9
8 2
9 8
7 6
6 10
6 5
9 10
3 10
4 1
5 2
4 8
1 5
6 6
8 7
2 10
5 7
5 5
10 6
2 7
1 2
6 1
2 1
4 3
9 1
9 3
6 8
3 6
5 8
1 5
5 3
1 3
9 10
9 2
4 10
5 3
3 6
7 5
1 8
5 1
8 2
10 4
3 7
7 7
1 3
7 9
7 5
6 6
1 6
8 5
5 1
8 7
4 6
6 1
9 10
4 8
4 4
5 4
8 1
3 5
1 4
2 5
4 4
3 8
5 10
6 8
9 7
5 2
5 8
4 5
4 9
8 4
6 5
4 7
2 5
9 4
6 3
5 5
3 9
9 3
1 9
5 1
5 2
10 6
1 3
9 3
3 2
6 6
5 4
3 3
6 1
10 8
10 8
7 3
5 8
5 1
6 8
6 9
5 3
8 9
10 8
1 1
10 8
5 10
1 7
3 10
10 4
2 1
4 3
5 2
5 1
6 4
6 8
6 6
3 3
3 3
1 6
6 5
6 6
5 8
8 8
3 5
6 9
8 6
5 8
8 9
1 8
1 9
4 7
3 9
3 7
9 7
10 5
9 3
10 3
1 5
7 8
10 7
8 8
9 3
4 4
8 1
4 7
10 3
6 4
7 8
1 6
8 8
4 9
9 9
6 7
9 9
5 4
4 6
4 7
6 1
7 3
4 10
9 6
4 6
4 10
1 9
4 8
2 5
1 2
5 7
10 5
4 4
4 10
7 7
10 10
9 4
7 9
2 9
5 4
4 8
8 7
6 1
4 5
8 1
5 5
4 7
10 3
5 3
4 1
5 8
4 8
6 2
4 8
7 1
5 3
8 2
4 3
4 9
9 6
9 9
3 9
8 8
5 3
9 8
10 2
1 9
9 7
10 8
1 1
10 6
10 9
5 2
3 1
6 6
9 4
6 3
7 6
3 1
2 8
5 2
4 6
4 8
1 8
5 7
5 5
1 7
3 5
5 9
5 8
10 6
2 10
8 4
8 2
7 6
4 2
1 9
4 4
9 8
8 9
3 10
9 4
2 9
7 1
10 4
2 7
4 10
3 8
5 2
6 9
6 9
10 7
5 9
4 9
2 6
4 6
2 2
8 9
7 2
1 7
2 4
8 10
8 9
7 5
7 7
4 2
4 9
10 1
4 8
2 2
7 3
5 8
5 5
7 8
10 3
10 3
9 1
4 8
5 10
10 2
6 7
10 2
4 6
7 1
3 1
8 6
2 3
9 10
4 10
1 5
5 5
8 3
6 2
2 2
8 6
1 1
1 10
1 5
1 4
6 1
8 3
1 5
4 1
9 7
6 5
2 3
9 10
6 10
10 6
1 6
7 6
2 1
5 3
10 5
5 4
6 2
3 6
9 5
7 3
7 8
8 8
2 3
6 4
4 8
7 9
1 10
9 3
3 4
7 7
5 3
2 8
7 6
6 4
5 7
7 5
4 6
10 6
2 5
3 7
10 10
7 5
8 5
1 2
10 7
5 9
10 8
2 4
3 7
10 7
3 9
2 1
6 10
4 9
7 10
7 6
3 1
4 10
7 6
7 7
5 5
1 4
2 5
10 9
9 2
6 4
5 6
7 7
4 5
5 3
3 9
9 7
9 5
9 9
7 5
3 1
10 10
6 10
4 4
5 6
9 5
8 9
3 6
1 8
9 7
5 3
5 2
1 6
2 2
6 1
8 1
9 3
7 5
10 2
10 3
8 3
8 1
2 10
7 1
8 7
3 8
7 8
6 1
9 9
10 2
1 3
2 9
8 1
7 6
8 9
3 5
3 10
4 5
5 2
6 7
9 5
8 9
10 7
3 8
6 5
4 10
9 3
6 9
6 4
6 5
9 9
6 9
5 3
9 6
9 6
10 9
6 2
4 1
6 3
7 4
3 9
4 3
3 10
10 8
2 7
10 9
2 8
10 1
5 1
9 6
2 7
6 10
9 1
7 8
7 10
1 5
3 7
9 3
8 4
8 2
2 9
10 1
9 2
6 6
4 2
7 8
10 10
10 6
10 10
10 9
7 5
1 1
1 9
7 1
4 5
5 6
2 2
10 1
2 5
6 1
2 6
9 2
1 1
10 3
3 10
1 1
6 6
9 3
1 8
5 3
3 2
10 6
8 5
9 9
9 9
8 8
3 4
10 6
7 2
3 1
4 5
3 9
2 10
7 7
7 5
4 3
5 5
10 6
8 3
3 10
3 5
4 4
8 9
7 10
8 3
6 8
10 6
3 4
2 4
2 6
3 5
6 7
7 9
6 5
9 2
3 2
9 8
9 1
7 10
6 8
1 9
5 3
9 9
9 9
2 9
7 6
1 8
3 1
2 7
10 9
8 9
10 3
7 5
3 2
10 8
1 6
7 5
9 9
5 10
1 9
1 5
8 1
1 7
1 10
8 2
10 9
9 7
3 10
10 9
9 8
4 4
6 2
1 1
6 7
10 6
10 3
8 3
1 7
1 2
5 8
5 5
9 5
5 6
5 4
9 3
5 1
5 7
8 10
2 1
8 1
5 7
8 1
9 1
6 6
2 6
9 2
3 8
9 4
3 1
5 1
1 9
3 10
3 9
7 7
8 5
7 6
10 6
2 2
3 10
2 1
4 5
5 6
6 8
5 8
3 10
2 4
2 1
10 6
6 7
3 9
7 10
6 3
4 9
6 8
9 6
4 2
6 2
8 3
1 7
9 8
6 2
3 1
10 7
6 5
2 3
7 1
8 10
6 5
7 10
3 8
2 8
10 1
2 4
4 2
6 10
6 3
5 5
8 8
4 8
4 10
1 3
5 3
3 2
4 2
1 8
8 9
5 9
1 5
6 8
8 6
3 5
1 2
10 8
9 7
2 2
9 8
10 7
2 6
4 8
4 4
5 1
10 1
10 2
3 1
4 8
4 9
4 9
10 7
7 2
6 5
6 6
5 7
7 8
2 7
4 2
10 3
2 3
2 4
4 6
4 10
10 3
4 6
4 10
2 5
6 4
6 1
8 4
5 2
6 7
2 10
2 4
10 6
9 9
5 6
9 9
1 5
3 7
1 4
5 2
1 5
8 5
4 8
2 9
6 5
3 7
4 6
3 8
2 10
2 10
4 4
7 10
3 9
10 9
2 10
10 6
4 8
6 4
6 9
7 7
5 7
4 8
9 4
3 6
6 7
4 5
1 10
6 7
5 1
3 3
3 9
7 10
9 9
10 6
3 3
8 3
9 4
10 2
8 7
5 9
9 2
4 9
4 4
4 4
9 1
4 5
10 1
4 7
9 1
2 8
7 6
5 9
8 9
2 3
10 6
9 8
7 2
6 4
5 4
10 5
6 7
9 6
1 6
6 1
5 9
8 2
10 7
2 7
9 8
4 5
7 3
8 1
8 5
1 9
7 2
1 3
5 5
7 9
7 2
1 7
2 2
9 4
2 9
4 9
2 6
10 5
3 1
6 4
7 5
2 5
4 5
10 8
7 9
1 4
1 7
3 8
2 2
1 1
7 5
7 10
8 8
6 1
8 9
4 4
9 1
8 8
8 6
3 1
7 7
5 2
2 2
5 8
9 3
10 1
10 4
4 1
9 4
7 6
7 1
9 5
9 10
9 6
6 2
9 7
5 6
10 10
6 3
6 7
4 3
7 1
10 10
9 5
6 2
4 3
5 10
7 6
5 4
4 6
5 8
2 6
6 3
10 6
4 9
10 1
7 5
7 3
2 3
1 7
7 5
9 7
1 9
5 4
6 5
5 9
9 9
5 7
4 2
7 7
5 6
4 3
5 5
7 4
2 6
2 4
3 9
8 6
8 5
10 5
2 3
1 7
1 10
10 9
8 6
1 7
1 4
3 7
1 10
10 9
7 2
5 4
1 4
6 7
2 1
6 9
9 4
9 5
3 4
5 8
4 5
9 9
7 1
9 2
4 4
6 4
7 9
8 10
1 2
6 10
4 2
7 9
5 6
5 7
10 1
10 3
1 7
1 6
7 10
2 10
2 8
7 1
5 5
2 10
7 1
1 4
2 9
1 1
1 10
6 8
2 6
1 2
5 3
4 4
6 2
4 3
10 9
3 4
7 9
8 8
2 10
4 9
1 9
5 5
8 3
10 1
4 5
1 9
4 9
9 8
10 1
4 9
8 10
7 9
1 1
5 3
7 4
6 8
9 1
2 5
9 2
10 3
6 3
4 3
7 6
9 1
4 10
5 7
4 9
2 10
8 6
5 8
9 4
8 10
2 5
4 5
4 4
1 9
3 4
5 5
8 2
9 6
1 5
1 10
7 2
2 6
8 1
6 9
3 5
6 3
4 2
7 10
6 10
7 4
2 8
1 6
6 5
5 3
3 2
8 10
4 5
4 9
6 2
3 6
2 10
9 2
10 6
7 8
3 7
4 8
2 9
4 4
1 2
2 2
1 1
3 1
2 6
10 2
7 7
6 4
9 8
6 2
1 5
4 10
3 6
10 3
3 3
4 3
4 6
5 3
3 8
6 8
4 8
4 8
8 3
4 2
10 3
10 1
7 2
2 7
3 7
9 5
4 1
9 10
6 4
2 6
3 7
10 9
5 10
8 2
9 6
2 5
3 5
9 4
2 4
5 10
2 7
1 1
5 3
3 6
3 6
3 3
4 2
2 6
4 4
4 2
4 2
8 9
1 2
8 3
2 10
9 3
2 3
7 1
3 2
2 5
1 3
4 10
1 2
9 5
4 2
3 3
6 3
1 5
2 8
9 2
1 7
9 5
8 2
8 2
6 5
6 5
1 7
9 6
2 10
6 7
6 4
10 10
7 5
4 8
10 1
2 9
8 5
1 9
4 9
5 6
6 2
8 5
5 4
3 2
9 8
7 5
8 1
5 6
8 4
7 2
9 3
1 4
2 7
3 7
5 8
2 7
2 10
8 1
9 3
8 7
8 6
3 1
1 8
10 2
1 9
2 8
8 7
3 2
4 3
8 7
2 7
4 5
8 1
9 1
7 1
3 7
10 4
4 5
10 7
9 4
4 4
9 1
10 5
5 6
6 2
6 9
2 5
10 4
3 10
10 2
3 6
1 6
7 3
6 10
2 8
2 7
1 4
2 9
10 2
2 9
1 7
6 8
3 8
8 9
9 1
6 8
10 5
5 8
2 8
5 9
8 1
7 1
2 1
7 1
5 6
3 6
8 5
1 9
3 6
6 2
4 9
2 7
5 3
8 3
2 10
5 10
10 5
4 5
7 9
5 10
3 7
10 6
2 10
7 7
3 7
5 8
5 1
4 6
8 8
4 4
8 8
10 7
10 7
1 3
5 5
9 4
10 4
7 2
1 5
2 5
5 10
2 5
3 4
9 10
1 8
7 4
3 3
9 4
9 4
3 3
1 10
8 5
6 8
3 3
7 3
7 5
3 6
10 7
7 3
3 3
6 5
8 10
8 1
2 7
10 2
6 8
1 10
7 5
8 4
9 10
10 4
1 6
5 6
10 10
6 7
6 6
8 10
9 3
5 9
8 4
7 7
9 8
3 4
6 6
10 1
7 5
5 1
1 3
10 6
10 9
7 6
8 2
4 3
5 3
6 3
3 5
3 3
6 2
9 7
1 7
10 8
6 7
9 4
6 8
9 9
7 6
1 6
4 10
1 1
8 6
4 3
2 4
1 8
1 3
7 5
3 10
8 7
8 1
1 10
9 4
6 9
9 6
1 10
8 2
10 1
10 2
7 8
6 1
6 6
4 7
8 4
9 8
10 3
10 4
2 6
6 4
2 2
2 2
5 2
6 4
10 9
5 2
6 8
2 5
9 9
8 4
8 9
1 10
4 2
3 5
7 7
9 3
1 5
7 8
8 2
10 10
5 1
2 2
7 9
5 10
6 5
2 4
1 3
3 1
8 4
10 4
5 10
7 7
3 9
9 8
9 8
1 9
8 4
9 5
1 4
4 1
7 6
3 1
6 10
2 3
8 5
5 2
8 6
7 3
2 7
5 4
9 5
2 1
4 5
1 5
9 9
7 1
4 4
5 8
8 10
9 6
10 3
3 6
3 8
5 5
6 2
7 7
4 6
5 6
5 6
5 3
6 3
7 10
3 7
8 5
5 6
6 5
1 9
7 8
4 9
6 5
1 7
2 3
3 7
7 8
3 6
10 4
4 7
9 6
10 8
1 9
1 10
10 3
7 5
3 3
1 2
4 7
7 3
3 9
10 3
4 1
2 1
10 5
9 7
10 8
5 10
9 3
9 8
5 4
9 5
3 3
2 4
7 7
5 3
7 4
6 9
10 8
3 4
6 1
6 2
9 5
2 4
5 8
4 7
1 9
9 4
10 4
4 3
9 10
3 2
4 8
7 4
7 6
1 7
4 5
5 6
7 2
3 4
3 10
6 7
5 1
2 8
1 5
8 3
8 9
3 4
7 5
8 4
9 3
3 5
6 6
6 6
7 6
6 9
7 9
1 2
10 7
1 2
4 6
6 7
1 8
6 4
6 2
5 2
4 3
2 7
2 8
4 4
9 7
1 4
9 5
5 9
8 5
1 6
2 10
2 10
5 3
6 5
1 2
4 9
10 1
10 10
9 3
1 1
3 7
5 10
6 8
5 5
4 8
7 6
5 8
4 1
2 7
8 7
1 7
8 8
6 5
10 3
10 3
7 1
6 10
2 1
1 5
6 9
5 8
2 10
10 6
4 7
4 3
7 5
10 10
10 7
10 7
9 5
3 9
6 10
9 4
10 3
1 3
10 4
3 7
4 7
10 2
6 10
7 10
1 7
6 1
10 9
9 4
7 5
5 6
1 6
10 5
5 1
1 10
2 4
9 4
10 7
8 6
1 3
1 10
4 2
4 10
6 10
2 4
4 9
17 16 85
18 11 53
16 12 84
17 13 77
16 16 68
12 16 92
12 15 52
19 12 82
17 16 72
10 12 98
17 12 70
18 18 67
15 10 79
15 12 67
15 14 61
14 19 86
14 16 97
10 19 99
14 14 83
15 19 76
16 18 89
16 11 86
11 11 86
14 11 70
10 16 68
14 20 83
20 15 73
12 19 86
17 12 64
10 20 54
17 11 79
10 13 98
19 14 82
17 14 50
20 19 81
17 14 72
15 18 58
17 14 59
17 11 60
16 20 70
15 18 61
11 12 52
10 11 67
10 12 53
17 19 64
17 10 72
14 16 83
14 11 58
20 16 66
17 19 89
13 19 71
17 13 62
12 11 76
12 11 87
19 20 54
19 19 52
19 18 80
13 10 97
11 15 72
10 16 81
16 12 84
19 19 69
14 18 90
14 10 51
20 14 51
11 19 96
18 10 71
20 19 99
20 14 72
10 16 90
15 14 76
19 15 99
13 14 84
16 17 72
10 12 96
14 14 87
12 17 81
13 14 60
14 16 64
19 10 87
17 15 95
13 17 64
14 11 53
19 15 58
17 18 82
18 13 72
19 10 71
11 12 77
11 11 87
15 20 92
15 17 51
15 19 79
19 19 98
17 11 53
17 13 100
13 13 70
16 16 75
16 14 97
11 13 74
18 14 80
16 17 62
10 15 63
17 11 75
12 13 59
12 18 90
11 14 61
10 20 66
13 20 84
18 14 77
16 20 91
11 13 89
19 13 58
10 19 62
14 10 75
16 15 76
12 10 82
15 14 77
18 11 97
11 10 93
18 13 52
13 11 89
10 11 53
20 12 63
16 10 74
17 10 69
20 10 62
13 11 65
20 18 81
18 11 72
10 16 91
19 11 100
19 19 52
14 10 76
11 19 95
15 14 81
16 16 57
10 18 86
17 10 55
16 11 68
11 19 53
19 19 100
10 13 77
14 13 69
16 20 66
19 15 88
18 12 60
10 11 70
14 19 62
18 10 68
11 11 92
19 12 54
11 16 90
12 17 85
19 16 78
19 19 97
15 15 72
14 18 90
11 14 76
18 17 75
19 14 78
16 18 82
16 13 100
18 12 51
13 16 81
14 11 80
20 16 87
20 12 77
13 17 67
20 20 60
20 10 67
12 20 50
15 17 51
18 20 70
17 17 52
10 14 100
16 20 51
16 15 92
18 17 89
13 17 70
16 20 77
18 14 67
10 20 95
19 13 56
12 17 72
18 12 100
11 12 89
17 11 88
12 17 75
19 13 82
20 20 84
12 12 62
14 17 86
17 15 51
19 11 50
10 12 99
14 10 87
20 14 59
18 17 70
20 11 86
17 13 74
20 12 88
17 11 79
10 19 68
17 17 87
15 12 50
15 20 76
20 19 88
19 16 76
20 11 59
20 10 53
15 14 98
19 11 50
16 13 71
20 15 71
17 20 72
13 17 71
20 18 74
10 11 87
11 14 52
15 19 93
18 14 73
16 11 61
19 15 93
12 15 100
12 12 87
14 12 93
18 20 67
11 11 76
10 13 89
11 19 85
15 13 54
10 13 61
12 12 57
16 13 77
17 18 66
16 11 54
11 17 56
17 17 57
10 10 63
16 13 72
12 17 99
11 20 96
14 20 76
14 14 58
12 20 76
20 20 57
15 16 88
12 15 52
15 20 83
13 16 52
15 19 75
13 14 69
15 15 90
15 18 81
17 11 50
19 16 94
13 16 62
20 16 83
15 18 65
18 11 86
18 18 50
16 15 67
12 14 88
20 18 96
14 14 77
16 17 91
17 10 74
20 12 94
19 18 71
16 12 52
15 20 71
14 11 71
11 13 65
16 19 56
12 15 92
10 11 57
10 19 94
13 17 57
14 20 96
17 15 77
15 20 71
13 10 81
11 18 90
20 16 61
18 10 56
15 19 78
12 12 68
19 17 68
10 17 61
18 16 62
17 10 90
15 17 69
14 13 62
14 11 64
18 14 100
10 13 59
12 16 64
10 20 95
17 16 89
10 14 99
20 11 75
10 15 77
18 13 65
10 20 71
14 16 78
16 11 80
13 18 61
18 17 79
19 14 100
13 15 56
12 10 74
16 10 92
15 18 81
20 17 57
20 10 79
12 20 63
13 19 77
11 15 86
17 10 100
16 11 93
11 10 72
14 10 68
18 14 99
20 13 93
16 16 95
10 12 59
13 18 72
12 19 50
16 11 81
10 15 99
20 17 53
19 12 91
14 11 79
15 17 100
13 10 74
11 18 85
17 11 86
11 15 61
18 13 54
14 19 66
20 13 50
18 18 84
18 11 65
17 19 75
14 15 54
15 18 94
13 13 99
12 20 53
16 12 94
12 13 84
10 11 64
12 18 62
20 19 95
18 16 74
16 18 57
14 14 79
14 15 94
17 10 51
17 18 84
15 14 99
12 12 61
20 15 76
15 17 82
15 11 99
14 20 85
13 12 83
16 10 93
10 10 82
20 18 68
11 17 83
10 15 79
17 18 82
15 17 87
17 11 93
13 10 84
18 10 90
12 15 69
16 19 87
17 20 50
15 11 53
13 13 66
19 13 72
14 18 65
17 20 99
17 15 83
20 14 75
10 11 68
11 16 55
10 14 99
20 20 84
15 20 50
16 19 62
12 15 100
19 20 75
19 16 60
15 10 51
12 16 56
17 17 74
12 10 70
12 15 84
13 19 89
20 12 78
13 11 80
14 20 68
15 10 57
20 20 94
17 18 83
13 11 88
18 10 100
20 19 52
14 14 81
10 12 99
13 19 93
16 12 85
15 17 73
11 20 63
13 13 58
18 11 99
16 14 84
19 12 75
12 20 84
11 18 73
16 11 95
13 10 60
10 15 82
10 10 77
16 13 71
18 17 78
10 12 53
13 11 94
19 17 50
13 15 83
13 16 67
15 18 57
19 17 56
19 11 89
16 16 69
10 12 83
14 15 81
11 16 87
13 12 61
10 12 55
13 19 63
20 14 77
12 11 65
11 15 91
18 13 51
14 14 77
12 19 65
15 19 82
18 20 85
13 13 65
19 10 92
10 20 56
10 14 56
17 19 76
10 18 57
13 14 64
15 17 68
19 18 61
13 18 70
17 15 51
12 10 100
18 11 93
10 10 84
17 13 68
11 14 50
20 11 56
17 11 60
20 13 93
20 14 89
20 18 54
12 12 83
10 20 91
12 15 82
13 12 88
14 17 60
20 14 98
16 13 85
18 16 85
11 17 53
12 20 59
18 12 56
10 16 51
11 19 58
14 20 55
16 12 70
18 18 74
14 12 83
16 13 94
13 16 78
12 16 78
15 20 66
15 14 91
12 19 58
18 12 57
10 20 93
12 18 50
14 10 51
18 12 99
16 12 84
19 13 70
18 17 67
20 13 74
13 17 99
16 16 80
20 12 61
13 11 99
12 16 73
11 18 60
19 20 51
18 16 73
13 14 56
10 11 72
11 18 55
13 16 69
15 20 53
16 14 51
14 16 91
16 10 55
14 10 84
10 19 81
10 11 90
15 15 77
11 16 54
13 13 82
19 12 74
11 19 96
11 16 59
10 20 62
10 14 87
20 14 74
20 20 71
19 17 95
17 11 95
20 18 79
11 13 70
19 12 51
19 17 54
11 12 55
20 14 85
10 16 85
17 10 57
18 14 89
11 10 63
12 19 68
13 12 90
15 19 84
13 13 91
20 20 91
16 14 91
19 16 93
13 18 97
12 10 52
11 18 76
14 20 65
16 14 73
12 19 81
20 10 70
10 14 55
16 15 67
19 16 90
10 17 61
13 18 68
20 19 100
15 19 71
20 19 87
14 18 67
13 13 71
15 17 95
16 17 78
19 18 73
18 18 90
14 13 82
12 16 69
18 15 80
20 16 83
18 19 87
16 16 77
15 18 57
16 13 90
18 13 64
20 17 60
19 11 76
11 15 86
13 15 86
11 11 76
17 15 90
12 20 62
13 14 65
13 18 62
11 14 81
18 15 63
20 15 74
17 16 81
18 14 82
13 10 81
16 16 78
18 10 79
13 10 89
20 16 85
11 16 88
19 14 52
19 14 90
10 13 51
14 13 68
17 10 59
19 14 67
20 13 81
15 11 53
20 12 92
20 15 84
15 11 90
17 18 58
15 16 64
20 19 58
20 18 77
15 20 82
12 11 88
14 14 85
14 20 50
16 14 71
17 10 61
20 10 93
18 14 80
13 10 85
12 15 80
13 20 87
13 18 61
18 16 80
12 19 87
19 15 86
12 18 91
12 13 59
14 18 86
11 20 75
13 20 73
10 17 60
19 11 84
18 18 58
16 20 56
12 16 76
13 11 95
19 15 83
17 13 50
19 15 100
18 16 81
17 14 63
11 20 85
14 13 67
12 11 78
15 18 75
11 10 67
10 20 76
13 11 81
11 11 89
12 10 51
16 11 84
11 13 67
14 17 98
15 13 97
16 11 57
15 18 71
19 17 92
11 16 87
10 13 100
11 18 63
13 14 90
13 12 90
20 18 96
14 13 58
12 10 55
19 11 68
11 15 54
15 18 85
14 11 90
14 20 85
14 10 72
10 15 57
20 19 53
13 19 75
14 17 77
12 14 98
11 11 50
18 18 97
19 15 83
18 15 58
14 12 91
11 12 76
10 12 75
19 15 95
19 13 64
11 11 96
16 17 85
20 18 80
18 13 57
13 14 96
10 11 72
18 18 60
16 10 62
18 20 67
14 18 52
13 19 90
12 15 75
12 11 97
13 12 100
20 11 91
12 12 82
10 18 59
18 18 59
13 10 58
12 18 97
13 13 98
17 14 89
18 10 95
19 14 72
18 19 72
15 17 98
15 20 52
20 16 57
19 20 57
17 18 76
16 18 78
10 10 57
11 16 84
19 15 75
19 11 86
11 14 89
18 11 72
11 10 94
11 10 94
16 17 73
20 17 66
10 14 78
16 13 67
11 11 83
20 15 53
18 16 62
11 15 94
15 19 51
20 16 87
11 19 52
19 10 100
14 18 79
12 14 93
19 14 94
16 12 70
13 17 59
18 10 77
13 11 52
18 19 75
15 19 69
16 14 64
15 17 51
17 11 73
17 15 85
11 20 52
10 14 59
16 13 63
18 15 52
19 12 76
12 12 58
16 19 53
15 19 92
13 17 50
19 12 62
18 20 67
16 12 98
17 17 69
17 10 99
15 10 59
12 13 56
16 13 59
13 16 71
17 11 78
14 20 97
20 11 92
13 14 83
12 13 98
16 13 60
15 12 77
19 14 70
14 11 99
13 19 100
13 16 69
18 18 92
15 18 81
13 15 78
14 18 61
17 13 75
13 15 80
12 13 89
14 10 55
14 19 86
15 11 73
13 13 58
18 12 66
11 19 85
12 19 51
12 15 97
20 16 51
17 20 80
10 18 68
15 11 50
16 18 60
16 16 70
20 14 54
15 14 77
10 20 96
18 11 83
20 15 51
14 18 78
20 19 94
11 16 66
16 20 53
16 20 64
20 10 95
10 10 51
19 16 51
15 11 92
12 19 91
15 13 71
18 17 74
11 18 98
11 14 72
10 17 59
10 15 55
20 15 62
19 20 76
17 11 66
19 10 79
10 15 71
12 10 60
18 20 80
19 15 98
17 19 68
12 13 100
17 11 69
17 18 67
15 15 90
19 13 50
11 13 73
18 19 86
13 19 70
14 14 89
10 19 74
11 19 77
20 16 86
18 15 86
10 17 74
19 18 94
19 19 59
13 13 93
15 19 64
19 15 79
15 20 71
20 12 86
13 17 54
15 10 50
17 17 93
12 19 97
10 14 71
20 15 93
18 19 65
16 19 83
14 18 89
15 15 79
14 16 97
11 13 88
19 14 55
19 13 93
18 12 53
16 17 77
15 19 77
20 13 61
16 15 97
11 14 93
11 18 83
17 12 68
17 10 60
13 10 52
13 14 89
14 19 55
10 15 93
13 16 86
16 14 88
18 14 53
12 16 59
11 18 69
18 12 70
13 18 96
18 16 92
18 19 83
10 18 64
14 14 59
17 16 95
12 16 99
14 20 94
20 20 62
20 19 90
12 16 92
18 16 92
16 17 60
14 18 93
17 13 67
13 13 51
12 12 67
15 10 83
16 19 64
16 12 76
10 10 99
19 19 70
14 15 54
10 13 62
11 11 70
19 10 61
13 14 94
13 19 99
13 18 66
14 12 68
14 17 69
16 14 99
19 13 54
20 12 76
12 19 86
20 13 78
17 11 67
10 16 64
20 16 96
14 19 84
18 19 58
12 14 75
16 18 98
15 14 52
14 20 70
18 20 50
17 20 72
13 16 94
13 15 75
13 11 86
15 11 74
13 17 70
11 11 90
16 11 66
19 15 61
15 12 71
11 12 68
12 13 99
16 14 70
12 10 69
17 15 58
14 17 77
17 14 91
13 19 88
18 10 58
20 11 65
19 11 75
15 11 76
18 17 62
20 19 89
20 14 67
16 12 92
17 17 52
19 14 68
17 17 98
16 16 78
13 14 76
11 16 82
10 15 77
11 17 81
20 20 72
19 16 63
15 11 91
15 17 76
13 10 54
17 18 61
16 12 57
13 13 72
19 19 91
18 13 77
15 11 56
13 14 97
16 11 56
19 19 62
14 20 82
16 15 58
19 14 98
17 10 72
10 19 52
10 15 63
14 20 57
17 16 94
17 13 83
18 19 66
10 10 61
16 12 55
16 12 76
13 20 80
12 10 79
17 20 58
16 18 68
14 12 55
20 15 67
12 13 52
19 17 82
13 20 70
20 13 93
13 20 75
16 17 52
17 14 65
12 17 69
19 11 86
14 16 98
20 12 63
14 13 72
10 17 99
17 15 87
18 13 51
19 12 63
10 12 62
18 17 50
10 11 92
12 11 66
12 12 90
19 16 70
16 12 82
11 15 80
12 19 62
12 18 96
15 15 84
20 19 93
17 13 71
11 14 86
17 19 75
12 20 72
19 10 69
17 20 77
20 13 90
19 17 100
14 20 97
15 13 55
14 17 94
16 10 67
20 18 96
12 10 88
13 16 94
16 17 80
18 12 95
10 20 50
15 14 63
20 20 96
14 12 62
12 16 77
16 19 58
20 17 68
18 16 76
14 18 87
16 16 64
10 11 86
18 20 51
11 18 64
12 13 84
17 16 94
11 14 61
17 16 75
18 12 57
10 11 51
11 12 100
14 19 100
19 14 61
13 19 55
12 15 90
13 14 61
11 20 99
12 11 58
20 17 87
10 12 77
20 16 81
19 13 100
17 19 88
13 10 71
15 12 69
15 19 73
14 15 98
12 11 89
16 16 65
18 15 98
11 14 75
16 15 87
19 12 63
15 20 72
13 16 82
18 16 52
19 20 58
16 18 64
13 19 76
18 10 68
14 11 74
16 16 67
20 17 53
20 14 60
16 20 79
14 13 82
18 15 96
13 11 77
14 15 69
19 10 95
19 12 68
19 13 67
10 15 76
20 11 86
14 15 58
10 11 80
20 10 52
18 12 90
12 11 86
20 10 66
17 13 50
11 10 94
14 15 92
13 10 64
16 17 75
19 19 50
17 19 76
14 12 84
10 13 57
10 15 80
13 18 63
13 12 83
15 17 75
12 17 81
14 13 60
19 15 69
13 16 90
18 17 57
11 15 62
13 14 64
20 11 88
20 12 64
11 15 93
20 11 94
12 11 67
16 17 95
11 16 80
18 12 76
11 19 94
11 19 63
12 17 74
19 15 79
18 20 97
15 16 72
15 20 99
15 17 70
16 11 97
18 13 67
15 16 58
10 14 59
18 11 96
18 17 84
12 15 77
17 10 76
19 19 98
12 17 68
13 20 74
20 10 97
10 11 83
19 11 53
12 12 89
14 18 53
10 17 56
16 19 75
14 17 96
19 18 90
15 14 82
13 15 99
13 16 71
17 10 52
20 12 58
19 18 85
15 11 58
15 18 53
13 15 89
15 15 76
14 11 59
10 14 61
16 10 71
20 18 93
15 10 84
15 10 62
19 13 78
18 13 55
16 18 89
15 13 91
15 20 98
15 16 54
13 17 85
19 10 65
19 12 54
20 16 62
12 18 56
18 20 61
11 12 81
15 13 87
18 17 85
11 11 73
15 12 81
14 12 63
16 11 67
12 18 83
15 16 75
17 11 82
20 20 94
11 14 95
13 11 84
20 12 59
14 15 80
15 14 79
11 15 57
18 17 84
20 18 100
18 14 57
14 20 90
12 16 99
14 11 76
20 10 61
20 15 78
18 18 99
10 12 98
19 18 67
19 19 64
14 13 86
12 11 52
18 20 85
18 18 53
17 10 85
15 10 79
13 14 62
12 19 76
14 19 81
14 19 83
17 10 50
17 17 61
18 18 51
18 16 52
14 19 60
16 10 91
18 10 70
13 14 79
18 12 70
19 12 72
11 12 75
18 19 64
16 20 67
10 11 59
17 20 69
18 13 71
15 16 59
18 12 52
11 19 98
18 19 93
14 11 71
19 19 81
20 18 99
17 14 71
11 12 98
19 11 94
17 16 99
18 14 65
17 11 58
20 20 77
15 13 55
18 16 90
16 15 94
18 20 70
13 14 81
13 13 53
17 10 72
20 10 54
16 16 100
19 20 65
11 14 77
15 17 59
15 13 50
17 17 63
18 20 95
16 19 61
10 15 50
19 17 71
19 15 50
14 18 62
15 11 74
18 16 98
17 15 66
17 11 52
10 18 58
19 15 93
15 20 100
10 12 52
20 15 62
10 12 95
18 17 77
15 11 55
19 19 50
17 20 88
14 10 66
20 20 60
15 12 57
17 17 64
13 15 51
11 12 82
10 14 91
17 13 65
18 19 53
13 20 69
12 19 66
17 14 53
11 16 87
11 10 58
14 19 85
16 17 66
19 16 87
19 16 62
18 12 63
14 18 55
17 13 52
15 20 87
15 14 54
20 19 65
14 14 61
13 19 51
13 11 93
10 19 72
19 10 54
14 14 53
13 16 57
10 13 61
17 20 80
14 10 81
14 16 95
19 14 81
19 15 85
20 18 83
20 20 91
19 10 89
13 10 85
19 12 73
15 17 63
16 17 80
14 20 72
17 10 57
20 20 68
11 18 57
16 10 50
11 10 50
15 15 95
11 17 78
20 18 54
14 18 95
17 13 87
17 19 65
17 10 99
13 19 82
11 17 98
20 16 63
18 13 55
17 13 89
20 19 97
14 16 90
10 13 97
13 13 58
16 10 96
15 17 100
16 15 87
10 14 80
10 15 51
20 19 93
11 19 99
11 18 69
12 12 91
12 16 58
17 11 66
18 12 86
15 12 68
19 19 74
19 10 59
20 17 73
16 16 75
20 13 94
19 11 84
10 14 90
10 20 81
17 19 70
19 16 98
19 20 60
15 20 89
10 11 59
20 16 83
16 13 99
12 12 71
17 15 87
15 13 73
19 19 95
13 13 99
10 13 62
11 15 95
16 19 84
16 11 79
12 16 86
10 13 84
17 16 60
19 12 63
11 10 53
17 13 54
14 18 99
16 12 84
20 15 94
18 15 84
12 11 68
15 13 85
11 16 61
13 20 66
13 17 66
11 19 82
11 20 66
14 18 70
11 17 81
16 12 83
13 15 53
16 11 73
10 16 84
20 10 64
16 11 50
13 19 81
18 16 70
17 11 91
10 17 61
17 12 74
11 12 80
13 18 52
18 12 66
15 12 87
15 16 89
15 14 66
12 10 63
10 20 91
11 16 53
19 18 68
14 16 80
17 17 75
12 20 54
12 20 88
16 10 61
17 17 92
16 17 79
16 15 69
10 14 63
18 10 89
14 11 79
15 11 80
15 14 91
17 19 80
20 18 84
19 11 57
15 14 54
16 16 93
18 11 74
16 13 80
13 11 88
10 10 97
13 16 79
16 18 99
15 16 61
17 14 90
19 12 62
17 15 59
16 18 95
18 14 82
18 19 60
13 15 72
20 11 94
14 15 98
14 15 66
15 18 100
15 17 87
18 10 82
18 20 74
11 19 91
18 12 97
13 14 63
16 18 93
18 13 53
18 12 95
14 11 64
15 19 96
19 18 82
20 20 55
19 11 77
12 11 71
18 18 71
15 13 79
18 16 70
18 10 87
12 20 51
12 11 80
15 20 96
19 18 90
10 10 81
17 11 98
11 15 59
14 11 69
14 13 88
10 10 51
20 11 65
13 15 62
19 16 87
13 13 91
17 12 73
19 10 50
15 19 80
19 19 54
14 19 57
11 17 94
12 16 91
14 11 96
15 10 56
17 16 55
10 18 61
14 13 66
12 11 85
12 12 65
14 17 82
16 16 54
17 15 67
15 10 79
18 18 53
15 13 60
17 19 83
14 16 86
17 19 83
19 19 81
17 20 60
18 14 85
19 20 76
13 16 50
20 12 89
15 19 58
20 19 85
15 16 82
13 14 52
12 15 83
16 18 95
10 11 57
10 10 52
15 13 88
15 17 63
16 10 84
13 11 94
17 10 50
10 16 92
13 20 60
16 19 88
18 20 66
11 19 74
13 19 100
13 19 74
13 19 93
10 14 82
20 11 82
18 15 77
14 15 96
18 13 69
16 19 52
17 11 54
15 16 93
15 10 72
15 17 76
12 17 87
14 19 74
13 14 82
14 12 97
16 12 59
13 13 54
14 17 99
14 20 60
10 12 51
18 16 68
11 10 59
13 16 93
17 15 77
20 14 51
12 16 74
12 11 55
12 20 89
10 16 57
19 18 96
13 14 61
10 14 82
11 18 96
17 16 53
14 10 74
14 18 76
17 19 84
15 14 75
20 15 72
16 12 75
20 20 60
14 10 77
16 20 67
16 18 99
17 13 82
14 12 63
20 10 55
19 19 76
17 12 92
10 13 64
20 20 60
19 18 99
12 11 95
11 18 100
15 11 55
16 10 68
20 12 84
20 17 95
16 14 50
18 16 73
11 12 86
16 19 65
11 12 92
17 13 82
11 20 73
14 11 74
20 16 56
13 14 61
14 15 99
15 14 55
14 19 83
14 16 81
19 16 88
14 15 69
13 12 69
19 17 79
13 13 72
13 15 77
14 12 69
16 18 56
14 17 79
16 12 70
20 20 56
17 15 95
14 10 66
18 15 73
15 11 79
14 12 95
14 20 56
18 15 69
19 10 78
20 20 79
14 18 68
19 13 82
12 17 74
13 19 81
19 11 87
16 19 78
19 17 51
17 17 90
13 19 54
16 20 99
10 18 52
11 16 85
20 14 64
11 18 52
17 14 58
15 15 73
20 11 99
13 16 90
20 18 71
17 15 53
20 18 50
11 16 83
20 16 68
12 20 81
11 11 92
12 20 78
11 12 91
18 18 79
16 19 53
13 14 70
10 18 81
18 20 68
16 20 90
15 10 51
11 12 90
17 11 87
10 16 93
14 17 87
12 18 84
11 17 58
19 15 92
18 19 54
12 18 74
18 12 75
18 12 100
19 10 91
18 15 73
18 11 56
18 20 64
14 14 58
14 17 51
19 13 100
13 18 86
10 13 80
16 18 80
16 17 55
14 15 51
13 17 84
14 13 64
14 10 64
10 13 94
10 14 53
19 12 76
20 12 72
11 17 70
16 13 95
17 15 73
16 18 76
10 15 64
15 13 59
13 15 61
10 18 75
12 12 73
10 13 52
19 17 52
19 19 71
20 17 90
15 20 68
12 16 70
17 12 62
12 19 84
18 17 87
17 19 51
15 12 80
12 16 82
19 11 59
15 19 64
10 12 72
15 12 68
10 13 63
17 16 92
10 12 65
17 15 53
19 17 76
13 15 93
17 14 99
16 14 67
18 14 90
20 18 69
14 17 51
16 15 88
15 15 59
19 17 87
10 15 86
20 16 94
16 11 57
12 20 85
17 10 95
11 12 79
17 11 53
18 10 80
14 11 75
20 14 61
13 15 73
14 12 93
11 16 58
11 19 69
11 13 86
14 13 74
19 10 92
13 16 93
16 11 60
15 20 79
16 15 81
17 10 93
17 14 80
19 10 57
14 18 58
15 17 74
18 15 100
15 17 93
11 13 82
14 13 61
14 16 66
14 11 81
14 13 53
13 20 88
18 13 84
13 19 87
15 10 57
11 14 69
12 14 92
12 15 63
12 18 87
18 16 75
12 12 83
18 10 91
13 13 97
14 12 54
17 19 73
11 15 83
18 11 75
14 10 68
14 16 89
13 20 74
12 13 95
17 17 86
11 13 81
11 13 61
18 13 62
10 12 61
10 13 80
10 19 80
17 16 84
16 14 75
10 11 73
14 15 84
15 11 87
13 14 80
12 12 83
20 17 51
19 14 51
17 12 73
16 13 62
10 19 70
12 16 98
18 13 80
15 15 97
14 12 91
14 14 67
17 17 76
14 17 67
18 10 57
13 11 99
10 17 55
14 20 95
17 20 91
16 20 64
17 15 71
16 14 58
16 15 50
14 10 96
10 13 88
18 13 81
16 13 76
11 12 97
13 17 66
10 18 54
13 20 62
13 11 71
13 14 85
17 18 65
10 10 52
16 13 98
15 11 69
20 13 95
20 11 52
15 15 82
18 13 66
16 20 68
19 16 56
10 16 88
18 14 58
14 19 100
15 10 71
18 12 84
16 13 84
16 15 71
13 13 92
10 10 83
20 17 64
13 16 73
13 10 63
11 20 68
13 10 66
14 10 61
18 12 89
17 19 96
10 18 64
12 20 82
19 17 65
13 18 54
12 14 75
10 11 56
15 11 50
13 14 56
17 20 79
10 18 72
16 16 64
10 10 51
18 17 77
19 18 100
10 17 56
11 13 74
10 20 55
11 11 63
20 17 90
10 16 74
20 19 71
13 13 59
17 17 100
17 15 87
18 20 50
11 15 62
16 15 87
20 17 72
14 16 87
18 10 59
20 14 98
16 20 77
11 10 81
10 20 80
11 14 76
13 18 83
16 17 97
10 13 62
10 15 82
10 11 70
10 10 56
12 11 63
16 20 86
11 15 58
16 15 95
20 14 96
14 18 80
19 12 52
12 17 74
18 16 80
16 17 82
13 17 88
15 15 76
15 13 67
10 13 55
17 10 66
10 18 57
13 13 77
19 13 72
11 16 76
19 15 72
17 12 52
12 19 83
13 14 55
20 20 56
16 19 77
10 19 79
14 20 85
11 10 66
13 15 63
10 19 62
12 10 78
14 12 50
10 18 76
12 13 97
15 15 74
18 20 68
12 18 76
14 10 74
17 16 54
14 17 56
16 12 57
12 10 71
17 10 83
10 11 70
20 19 81
16 14 82
19 19 70
18 13 66
10 11 83
20 16 71
18 15 54
10 18 86
14 10 58
19 18 61
20 20 78
18 19 98
19 11 81
12 14 95
17 11 80
15 16 82
14 18 63
12 11 54
18 16 52
18 19 99
19 20 58
13 14 70
16 10 64
16 13 92
15 11 50
20 17 63
13 17 73
10 13 69
20 20 73
16 14 64
10 18 59
11 19 53
16 13 80
17 12 72
12 20 96
18 10 70
19 18 60
17 11 82
10 12 87
10 11 67
14 20 88
13 16 61
16 16 81
15 20 85
14 11 64
15 19 54
18 13 79
10 15 89
17 17 67
14 16 69
15 13 51
19 13 76
15 12 61
12 13 63
20 19 96
14 15 78
18 11 58
18 14 80
14 12 99
11 20 67
13 14 92
20 10 63
11 19 56
16 19 82
10 11 53
19 16 72
13 15 77
19 12 98
20 10 82
20 12 57
19 15 93
10 20 71
13 16 91
14 13 53
10 16 83
12 11 60
13 20 83
15 11 75
12 17 95
19 18 83
20 11 78
11 18 68
17 13 69
11 14 98
16 12 81
11 15 62
16 13 82
15 18 80
18 16 83
10 20 70
20 20 91
16 12 98
13 20 74
17 11 80
18 19 54
14 11 83
19 19 83
15 17 69
17 16 99
15 10 65
16 11 53
11 15 72
20 19 74
16 17 74
17 15 58
10 13 72
18 15 60
14 16 94
10 11 50
12 15 58
14 19 68
17 13 100
10 16 76
10 11 99
15 18 52
14 14 69
17 16 70
14 19 96
17 20 86
10 11 66
18 19 78
12 12 66
13 20 64
10 15 92
18 12 91
16 14 56
18 19 54
12 13 55
20 18 91
14 20 59
14 17 55
11 20 56
19 11 63
10 14 90
11 13 50
15 14 92
20 11 95
20 20 62
14 16 73
18 10 60
15 10 85
12 16 86
17 18 63
20 11 87
10 15 85
20 11 64
14 10 68
11 18 92
14 19 95
15 12 51
17 18 92
14 10 81
18 13 97
20 13 58
13 20 99
17 12 93
12 14 98
14 16 79
15 11 69
11 14 92
17 17 59
12 12 83
13 10 90
10 14 73
13 15 60
18 18 95
10 14 75
10 11 62
15 12 55
10 17 66
20 17 66
12 19 86
17 19 95
19 15 80
14 17 99
19 17 69
12 17 71
12 19 54
13 15 77
18 14 58
19 20 74
15 17 57
14 10 79
10 18 70
15 20 71
15 13 63
19 20 57
10 11 79
17 13 87
10 13 59
20 13 96
10 16 88
16 18 75
16 18 89
20 10 87
16 18 53
15 18 54
13 16 51
20 20 53
19 15 67
16 11 100
19 13 50
19 13 57
13 10 84
19 11 65
12 13 63
12 10 89
12 19 98
20 18 78
15 11 61
16 14 89
20 10 57
19 12 60
18 10 86
14 13 71
13 13 97
13 17 89
18 11 83
15 13 63
11 15 76
19 18 74
17 16 53
12 13 83
15 15 72
18 10 51
14 16 77
18 17 85
20 20 53
10 10 87
16 19 63
16 10 86
20 12 61
15 18 79
13 19 69
20 16 79
14 18 95
14 13 94
16 16 82
17 16 50
13 11 69
18 13 54
15 18 91
10 19 77
16 14 90
11 11 100
12 18 68
18 10 65
12 11 56
15 13 61
12 11 54
19 13 83
16 18 50
12 18 71
12 18 52
14 11 51
13 13 56
16 11 97
13 16 72
14 20 65
14 15 66
15 14 59
20 15 99
13 11 74
11 10 95
15 17 85
13 12 80
14 15 59
13 11 98
10 19 93
13 18 59
20 17 76
12 14 69
13 14 84
12 16 85
19 13 94
15 15 98
14 10 86
18 11 53
13 18 50
18 18 72
16 16 90
11 16 66
18 15 56
11 12 60
19 11 56
11 16 57
16 15 51
14 14 76
13 12 72
16 14 78
20 16 90
18 17 77
17 12 96
19 14 70
17 11 66
17 10 58
18 13 92
10 11 72
15 18 96
16 20 56
10 16 59
18 10 97
18 19 57
11 11 63
20 12 82
19 19 54
13 12 82
11 14 61
20 15 50
19 13 70
17 14 57
11 16 63
16 11 83
13 15 83
17 15 51
11 11 61
17 10 65
18 18 90
11 19 91
13 13 63
15 14 91
12 14 76
15 14 89
20 12 99
16 16 97
10 16 86
10 10 95
19 14 67
19 16 53
13 18 71
13 17 89
11 14 66
14 12 90
14 18 58
19 13 67
15 10 63
12 13 79
10 13 95
10 19 67
19 18 87
17 14 63
19 14 98
16 13 63
20 19 93
19 15 71
20 20 77
20 20 89
16 12 85
18 10 86
18 11 87
13 20 78
20 16 62
19 14 91
15 18 87
16 17 62
14 12 81
12 19 84
14 14 99
19 20 89
16 11 58
13 13 81
14 10 58
11 19 76
