750 1500
2 4
7 2
9 10
1 2
4 9
4 7
8 7
2 6
4 8
5 2
1 7
1 6
2 6
8 9
1 4
10 6
9 9
5 5
2 8
7 8
5 7
5 8
4 3
8 4
9 2
5 8
5 6
9 3
6 10
7 10
9 5
8 1
4 3
4 8
1 9
5 10
10 9
7 4
3 2
9 9
10 2
1 8
5 7
2 8
6 9
5 8
7 4
5 9
6 5
9 9
4 7
7 4
1 6
5 8
9 4
10 4
7 8
6 9
4 4
2 9
1 3
8 8
2 5
3 7
10 7
1 1
1 10
7 8
8 1
5 3
7 6
8 5
6 10
1 10
3 6
7 9
2 1
3 2
7 8
5 10
10 5
4 2
6 3
5 7
1 9
2 7
7 5
6 2
5 4
6 9
10 1
9 5
1 3
2 10
2 3
6 7
10 10
6 4
10 9
9 7
8 5
4 10
6 9
4 6
2 3
4 5
3 5
8 8
9 2
7 7
5 5
3 1
1 1
2 2
9 4
8 8
2 8
10 3
10 7
4 4
6 9
9 7
4 6
6 5
8 10
9 6
5 3
9 1
10 1
7 9
7 2
5 10
5 3
3 4
6 4
6 10
5 4
8 6
1 1
7 7
6 9
5 3
3 3
9 1
2 10
5 8
1 2
3 6
6 2
6 5
10 2
2 2
5 10
10 7
7 1
5 8
3 9
10 8
5 6
1 5
4 2
4 3
10 7
10 8
10 6
7 4
8 1
10 7
1 8
3 2
7 8
2 6
4 4
3 8
5 6
7 4
4 4
1 2
9 8
2 4
10 9
10 2
7 8
10 3
9 1
9 8
2 10
4 7
8 5
6 7
4 6
10 1
4 8
3 5
9 9
7 7
10 7
8 4
1 8
1 3
5 1
3 6
6 7
7 2
5 10
8 7
4 2
2 9
5 6
3 6
2 2
10 6
3 7
10 4
6 2
5 1
10 7
7 2
9 3
3 6
5 3
4 2
4 7
2 7
9 1
5 6
10 2
4 2
1 1
9 2
4 2
3 8
2 2
4 3
1 4
2 6
1 3
1 1
2 10
10 10
10 9
7 10
8 8
7 8
7 9
3 4
1 2
3 3
10 5
8 4
8 2
6 1
3 7
3 5
2 3
8 5
8 7
2 6
2 10
8 10
4 4
9 4
5 8
10 10
3 2
8 7
8 2
9 7
9 6
6 9
1 9
9 6
5 9
2 4
6 7
6 6
4 4
8 10
5 3
9 5
4 9
6 5
4 8
7 9
7 5
6 5
10 1
2 7
4 4
2 10
3 10
1 10
3 1
5 10
10 6
2 3
3 3
7 1
10 3
9 4
10 3
4 1
5 3
9 6
1 3
4 8
5 8
9 8
5 7
10 10
3 10
4 5
6 7
5 3
8 6
8 4
6 1
2 9
5 1
2 2
1 7
8 6
8 5
9 2
7 4
8 7
1 7
1 8
7 8
6 3
9 4
1 6
5 9
10 10
8 2
9 3
10 2
6 8
1 1
8 4
5 5
2 10
7 5
8 4
6 2
7 3
1 4
5 2
6 3
6 3
1 8
5 1
3 8
1 7
3 3
3 2
7 4
5 7
9 1
1 4
7 7
4 1
5 10
8 6
7 5
8 2
2 5
5 5
7 6
2 5
3 9
6 7
2 1
8 4
7 4
5 4
4 7
6 7
3 6
1 7
1 9
5 6
2 10
1 3
2 3
2 4
8 5
7 6
10 4
9 8
6 9
9 2
8 3
10 7
5 7
1 7
9 5
3 4
9 9
8 10
4 2
7 2
3 10
5 4
7 8
1 9
7 5
9 9
2 7
8 5
4 2
7 6
2 10
4 9
8 3
8 10
2 4
1 5
5 5
9 3
6 10
10 2
1 3
9 9
2 3
1 8
8 10
4 8
8 2
8 2
6 10
10 1
6 7
3 9
3 4
8 5
4 10
10 2
1 3
3 6
3 10
10 9
7 1
1 5
1 5
3 6
3 6
3 1
5 4
5 10
7 1
6 3
7 7
7 5
5 8
4 1
8 9
3 6
9 3
3 6
10 1
8 5
2 5
3 10
10 4
2 4
6 10
6 3
1 5
9 5
8 7
5 6
6 2
8 7
3 2
9 3
6 8
4 7
8 7
9 2
6 2
10 8
7 5
5 10
9 8
3 2
8 5
6 3
4 3
4 1
7 6
2 2
9 10
6 5
2 2
3 4
2 4
2 6
2 10
2 5
5 4
7 9
10 7
6 2
1 3
4 1
9 9
10 2
6 2
5 10
9 1
4 8
7 7
3 5
2 1
8 5
2 4
3 3
3 4
2 8
10 5
4 9
3 2
3 9
4 8
9 1
6 7
6 4
6 2
7 9
3 10
9 7
8 9
3 6
7 7
2 2
1 1
7 4
4 8
4 4
9 2
4 6
2 5
7 5
6 8
9 1
5 8
5 2
5 6
10 4
5 3
8 10
9 3
3 4
2 6
2 6
1 9
2 4
5 5
9 9
5 10
9 4
9 9
10 10
3 3
8 2
1 10
4 9
8 5
5 7
10 4
6 4
5 4
5 8
3 4
3 5
4 4
6 6
5 7
2 7
8 10
10 2
8 2
1 10
10 10
1 5
6 6
3 7
10 4
10 4
10 5
10 7
8 2
2 10
1 9
1 2
3 7
6 2
10 7
9 3
9 4
7 4
2 1
4 6
6 8
1 9
1 5
4 8
4 9
6 3
3 2
1 10
10 8
3 7
5 3
2 6
1 1
8 9
6 1
10 10
7 3
5 9
4 6
7 4
2 1
7 9
3 10
10 9
6 7
2 5
3 1
9 8
9 9
6 8
9 5
3 6
3 4
9 7
2 1
1 8
5 7
5 8
7 10
2 4
4 5
2 3
6 4
7 5
7 10
1 7
1 5
10 9
2 9
5 10
8 1
8 3
8 3
10 4
6 10
10 2
9 9
4 9
7 10
3 7
4 9
6 8
3 5
6 2
4 1
1 10
1 2
1 10
10 3
9 5
4 5
9 2
5 6
8 9
3 2
8 5
7 1
1 4
1 8
2 4
7 9
4 6
6 1
1 3
6 8
4 1
6 9
6 6
3 8
10 4
5 1
8 8
2 7
4 4
2 10
3 9
4 10
6 7
7 1
4 3
5 5
2 8
2 7
3 3
3 4
4 5
8 10
5 9
1 6
7 5
10 3
6 2
2 9
4 6
2 7
1 6
10 10
8 8
1 9
9 6
7 9
6 6
8 3
6 2
4 9
6 3
2 7
3 3
1 2
6 9
9 10
3 10
10 1
5 8
8 1
6 8
9 10
5 6
4 7
9 8
9 3
1 10
8 5
10 5
10 8
10 5
14 10 78
12 10 77
20 14 79
11 14 50
20 13 86
12 20 53
17 19 99
16 20 83
16 18 78
18 19 97
16 13 78
14 19 81
14 20 67
14 16 86
10 20 61
16 19 62
14 19 61
18 20 91
16 12 84
10 20 50
18 20 72
14 20 99
12 14 52
14 19 99
19 16 61
19 18 57
15 12 87
10 10 63
12 11 86
10 20 82
13 19 61
10 14 77
11 16 68
16 19 79
10 16 72
15 18 60
19 11 100
14 15 99
10 12 68
13 16 60
19 14 92
18 14 50
11 19 57
16 20 55
13 18 90
14 20 85
18 16 74
20 20 93
11 12 69
11 10 71
12 16 53
16 15 53
10 16 95
20 16 66
10 17 56
16 20 96
17 20 73
15 16 92
18 11 51
18 11 57
20 11 50
14 16 50
13 11 59
13 17 85
19 12 53
19 18 64
14 11 51
17 14 50
20 20 93
12 11 61
16 18 73
15 10 96
19 15 97
17 15 53
13 15 63
12 15 68
14 16 80
18 20 95
20 11 99
10 11 91
16 15 53
12 14 67
10 19 79
14 20 100
10 16 56
16 12 78
16 10 94
18 14 85
19 11 95
20 19 76
17 19 85
10 19 58
19 20 58
14 10 70
12 14 77
17 14 69
11 10 86
18 10 100
14 14 89
18 18 67
12 17 59
20 10 53
10 18 63
14 19 93
14 12 92
18 20 52
11 14 70
13 16 80
11 20 65
20 19 88
13 16 84
15 17 90
12 11 58
10 18 59
10 18 75
10 10 100
10 12 76
17 14 93
20 17 55
10 19 86
15 18 92
15 12 72
11 15 61
18 13 53
12 12 54
17 12 59
20 18 88
15 13 85
17 12 87
15 13 99
17 19 59
20 19 84
15 12 78
13 18 78
15 19 94
10 12 53
15 13 61
14 15 58
18 14 97
12 20 99
12 10 90
15 20 77
20 19 63
15 13 90
11 18 100
14 11 64
15 15 83
10 11 96
15 16 83
14 13 88
12 17 76
12 11 51
14 14 58
15 17 85
11 17 88
14 18 67
10 19 73
16 18 58
17 13 51
20 11 84
19 12 64
20 12 57
14 14 93
13 16 50
13 20 83
18 18 98
16 15 60
11 11 60
12 19 55
15 15 93
15 14 58
12 11 56
11 15 53
14 12 56
18 18 86
19 16 52
19 16 99
12 10 78
13 13 82
12 12 84
13 12 77
18 18 80
13 18 69
10 14 100
10 12 67
17 15 69
12 19 73
12 15 67
17 10 73
12 17 59
18 14 63
16 13 90
18 13 85
19 19 96
12 18 65
17 13 91
13 16 73
15 12 83
20 10 92
20 17 95
18 11 96
17 14 72
11 11 52
12 15 61
18 12 76
15 11 82
17 13 98
15 19 72
17 16 76
19 19 82
17 16 100
11 20 91
19 14 53
13 15 71
14 15 81
19 15 65
11 12 88
19 17 57
14 18 68
19 19 56
16 11 62
10 20 59
12 19 51
16 13 92
20 15 93
17 13 87
19 12 85
11 19 63
16 13 88
15 12 75
11 13 86
17 15 80
15 12 72
11 20 76
15 16 65
10 19 64
16 18 84
18 13 91
15 13 52
15 17 63
17 12 74
11 12 56
20 14 69
14 19 94
19 13 60
20 11 76
19 12 50
12 10 97
12 17 87
15 20 88
11 15 95
19 20 51
19 11 61
20 11 58
15 13 90
19 10 82
13 18 52
17 14 97
17 20 64
18 12 58
12 11 98
19 20 92
10 14 55
11 17 98
13 11 95
18 12 56
10 19 53
20 18 73
19 15 54
19 10 78
18 12 51
16 17 93
19 15 94
13 15 82
13 12 87
15 13 73
16 13 95
10 19 80
20 12 57
16 10 91
10 17 99
15 15 85
14 11 92
18 11 91
15 13 80
12 15 60
14 14 78
11 13 58
14 13 66
11 10 61
14 12 73
14 19 81
10 12 73
12 13 52
10 15 56
10 19 69
19 16 96
11 15 97
11 14 76
16 11 65
14 17 59
16 19 92
20 13 67
18 19 88
20 10 75
18 14 71
18 17 92
13 16 100
16 10 51
14 14 59
11 13 94
17 10 82
18 14 75
13 14 89
13 14 53
14 12 60
17 17 72
19 19 78
10 13 69
13 13 70
10 16 82
13 20 83
15 17 97
19 15 76
14 12 63
15 12 80
20 18 82
13 10 91
12 15 73
10 12 53
17 19 61
14 20 52
11 18 66
10 19 99
18 19 62
12 16 77
11 15 59
20 15 96
12 13 64
10 12 53
15 11 86
14 18 86
16 12 67
13 15 75
14 10 72
10 18 60
12 15 56
14 19 82
10 12 89
15 10 63
13 18 62
18 16 69
11 10 99
16 15 57
10 20 94
20 18 85
20 11 76
18 18 55
13 11 99
12 16 67
20 13 79
18 11 61
11 17 74
18 20 67
18 10 86
17 18 68
10 20 60
20 13 60
15 19 99
13 18 74
14 20 77
16 14 62
17 18 95
17 19 60
16 13 63
18 16 99
11 14 78
20 17 70
20 13 93
13 10 55
11 17 68
10 12 96
19 20 71
17 20 96
15 15 55
10 20 66
20 16 98
18 16 66
12 17 78
18 13 81
10 13 93
14 17 55
16 19 55
17 16 53
20 11 89
11 15 51
18 12 97
11 20 62
18 15 92
14 14 55
12 15 54
17 10 92
13 20 85
16 19 73
19 13 85
20 16 64
20 20 97
19 14 75
16 19 100
15 15 77
15 12 78
13 19 61
17 18 55
13 15 59
20 17 55
16 14 66
16 12 66
15 11 57
11 14 73
10 10 85
11 19 70
14 17 53
15 10 99
20 16 75
16 18 82
11 20 58
13 15 59
14 20 90
11 19 59
14 11 92
10 20 72
17 19 81
16 11 55
20 13 95
13 12 88
12 14 92
20 12 74
19 20 52
17 11 100
12 20 94
14 18 82
14 18 63
15 16 90
16 13 94
13 10 51
17 15 79
11 19 76
10 19 79
12 10 89
10 11 90
20 15 52
15 19 85
20 16 89
18 17 57
18 10 94
18 13 80
10 15 77
16 14 97
19 10 70
20 12 82
15 17 85
19 10 89
13 13 57
16 18 56
10 11 75
15 20 93
15 18 90
11 17 61
18 15 96
20 13 60
17 20 99
16 17 61
10 10 96
15 17 62
14 12 78
14 13 69
10 10 69
19 19 93
13 20 57
13 17 56
14 18 95
20 12 78
17 16 91
12 15 68
12 13 71
17 20 64
10 13 63
14 15 85
15 14 77
15 11 93
16 20 97
12 16 56
19 20 77
12 14 81
13 10 100
20 16 91
11 14 88
18 10 53
13 16 59
13 16 75
17 15 59
16 20 87
16 16 78
12 13 67
10 16 65
13 13 71
14 13 59
16 17 66
20 17 80
11 18 61
19 14 56
12 15 85
20 12 99
17 10 84
17 16 59
18 14 50
12 18 83
17 16 66
18 16 53
13 13 97
12 17 86
20 10 72
20 15 99
19 19 83
15 16 68
20 17 90
12 15 94
10 13 59
12 15 86
13 13 57
19 10 98
10 18 72
17 14 77
19 16 98
13 16 82
16 13 80
19 13 67
12 12 69
12 14 81
14 14 80
16 13 53
10 18 52
20 14 94
11 11 70
20 14 61
13 10 67
10 19 58
10 19 88
14 15 59
14 10 64
16 14 61
11 13 82
17 20 67
16 20 68
20 12 54
10 11 63
20 16 68
15 13 80
11 15 77
13 15 95
17 12 76
13 19 68
12 10 78
11 18 59
19 18 77
10 11 72
14 20 59
15 14 97
15 20 53
12 14 70
20 11 88
13 10 95
17 20 59
20 20 55
20 12 89
12 19 71
20 10 65
17 12 82
10 12 53
11 13 68
16 15 84
18 17 64
20 16 84
19 20 69
17 18 98
18 15 98
14 12 93
10 16 52
15 16 72
10 14 57
17 16 56
16 20 53
11 12 51
17 13 79
19 10 65
13 14 69
16 16 56
12 15 96
13 19 77
20 18 100
19 12 51
14 19 95
18 10 85
10 17 50
14 17 80
15 15 78
16 20 85
16 12 64
18 12 87
19 13 95
11 15 55
15 19 67
16 17 82
14 14 88
13 12 61
13 16 97
19 14 82
17 14 77
19 10 75
19 19 65
19 20 78
18 13 91
17 19 75
19 16 88
10 10 93
20 17 65
14 14 52
15 12 75
16 15 78
16 18 89
17 10 53
16 19 68
19 20 53
19 13 56
16 19 100
20 15 69
12 16 69
15 18 51
10 12 94
13 18 73
14 12 53
12 15 56
15 18 50
20 19 86
18 12 67
13 18 82
13 13 93
14 10 93
18 20 80
17 12 79
11 17 70
11 12 96
10 17 70
14 16 86
16 16 60
10 11 83
10 15 78
19 10 59
18 15 51
20 10 78
19 16 83
13 19 72
17 14 81
11 17 51
13 15 85
12 15 54
18 18 54
11 18 58
12 17 57
18 19 56
20 12 60
19 13 60
20 17 87
18 14 72
16 11 57
15 10 60
10 15 59
19 17 75
15 13 71
18 18 100
17 13 51
17 10 53
12 17 56
17 17 51
16 12 74
18 10 72
17 20 57
14 16 97
20 17 53
17 16 77
10 16 66
20 12 65
16 16 70
12 17 54
17 15 68
16 14 56
18 15 78
10 18 86
16 10 72
13 10 81
12 11 96
12 13 62
20 18 78
16 13 95
13 13 53
10 16 83
20 10 88
20 18 64
13 13 84
11 14 84
14 15 66
14 16 87
18 17 82
15 16 96
20 16 92
10 14 50
12 18 79
14 19 81
20 13 78
12 11 55
20 10 77
13 17 80
20 19 93
18 12 74
13 15 59
13 16 87
18 17 90
19 10 89
20 14 60
13 17 73
14 19 79
17 18 57
10 10 69
18 16 92
19 12 90
15 13 88
11 20 100
11 14 95
12 17 89
15 17 97
14 11 94
20 16 80
14 19 55
18 13 77
18 16 67
10 10 99
13 12 61
19 17 99
10 17 74
16 19 64
15 20 98
10 15 70
12 18 56
12 19 64
12 17 55
16 17 60
17 13 67
19 19 63
10 17 84
11 19 60
18 17 97
20 12 65
12 15 60
18 19 56
19 19 82
16 16 71
14 20 76
19 11 52
19 19 92
15 18 61
13 13 70
17 13 53
19 11 74
10 18 82
14 13 83
19 10 97
11 14 50
15 19 68
11 20 51
16 17 99
11 12 72
12 15 57
18 11 65
14 17 92
19 15 69
17 10 88
10 10 84
15 18 55
15 18 53
20 13 50
15 12 80
19 13 81
17 16 94
19 16 66
10 14 52
17 15 69
15 14 63
13 15 95
11 16 64
17 10 58
12 16 58
14 11 81
16 13 83
16 12 63
20 12 55
10 13 65
11 18 97
17 18 80
18 13 55
17 14 78
11 15 68
11 15 93
19 10 73
13 18 87
16 10 80
20 17 72
13 17 71
18 15 80
15 18 86
14 18 78
15 18 66
19 20 72
20 17 51
15 12 50
10 18 72
10 10 73
10 12 65
11 17 84
16 15 57
16 18 100
14 10 74
11 16 59
13 20 91
17 17 91
18 10 93
15 13 62
11 13 63
20 15 95
15 14 67
18 13 92
15 16 70
15 18 71
19 10 52
16 14 79
11 17 67
16 16 76
11 16 63
13 16 92
12 18 100
11 19 81
12 19 60
18 15 71
13 10 92
18 19 90
13 13 100
14 19 71
20 16 56
16 11 55
12 10 58
10 19 89
16 13 61
14 12 87
11 16 79
10 20 78
10 10 77
10 10 74
11 11 67
14 17 88
16 15 94
13 19 86
13 20 72
10 19 91
20 10 89
17 15 68
20 10 57
16 17 77
12 12 66
15 15 59
17 16 84
11 11 89
14 17 88
18 15 97
12 20 61
12 20 73
19 17 67
17 20 60
11 20 50
10 20 68
14 20 95
19 13 87
19 13 69
16 16 65
20 13 61
18 11 52
18 15 50
15 20 86
18 10 52
16 15 51
18 14 60
17 12 53
16 15 73
20 12 66
17 15 85
13 19 67
17 12 68
13 19 91
16 16 63
20 11 79
15 20 100
18 18 84
19 20 81
13 14 89
13 11 53
13 16 62
19 19 81
10 10 54
13 15 76
20 14 65
19 11 75
12 16 80
17 13 58
18 11 84
13 19 90
11 12 54
17 13 60
15 10 92
16 14 94
11 20 72
11 12 88
15 15 89
20 15 60
19 16 64
15 14 68
14 19 80
16 17 81
19 18 53
15 12 88
10 15 76
19 11 95
20 11 76
16 13 71
13 11 92
10 15 91
17 20 94
18 13 74
17 19 65
14 14 57
17 13 100
10 11 64
20 16 85
17 19 72
19 19 84
20 18 93
12 15 62
10 13 53
15 10 63
15 18 70
17 18 82
18 15 62
14 19 59
16 11 92
15 17 98
16 12 89
10 18 56
17 20 73
13 15 96
14 13 98
10 11 82
19 10 96
16 20 52
12 19 98
17 10 80
11 10 83
18 12 82
11 17 64
18 16 85
12 11 81
11 18 82
19 16 82
16 10 99
14 18 84
10 10 58
15 13 80
17 10 96
17 16 85
19 17 57
20 18 57
11 13 99
18 17 94
12 15 87
15 18 66
19 15 59
19 20 78
12 11 68
20 18 67
19 16 53
13 12 70
16 10 98
13 11 94
14 18 84
18 18 84
13 19 68
18 17 89
13 20 62
10 12 50
20 20 71
10 14 59
14 19 88
10 10 61
14 14 66
19 20 75
19 13 69
20 13 85
17 11 52
17 15 97
14 17 85
10 20 88
12 19 62
12 13 93
18 13 94
18 10 70
16 18 88
11 16 76
14 10 60
12 15 67
17 15 95
20 15 76
19 18 98
20 11 69
11 13 56
20 18 72
10 19 57
14 20 88
14 20 53
19 10 62
10 20 57
18 18 54
10 12 73
18 16 87
19 11 85
15 12 63
15 11 69
15 12 63
14 17 78
19 17 78
16 20 56
14 12 93
14 20 54
19 20 60
11 16 90
14 16 56
10 20 72
11 17 88
12 13 83
17 16 80
17 19 63
17 14 97
20 20 84
16 10 67
12 20 68
10 17 96
13 11 50
18 12 94
18 19 69
11 14 54
12 20 53
18 17 93
20 17 65
20 13 86
20 15 83
12 15 65
13 19 70
10 10 91
14 12 67
12 13 82
11 15 81
17 15 61
11 16 84
17 14 79
12 16 68
16 15 51
17 19 57
13 17 56
13 16 61
15 18 89
15 12 75
14 20 50
14 16 59
13 16 60
17 17 51
13 19 50
12 19 76
18 19 100
20 18 61
12 11 67
10 15 52
18 11 64
17 13 91
20 10 67
15 19 51
17 12 60
17 16 95
18 13 99
13 16 91
18 11 74
19 11 93
17 16 98
11 11 56
12 17 99
18 14 84
16 14 55
19 13 80
11 11 100
14 16 71
10 18 84
11 19 84
15 16 98
16 13 61
18 13 54
16 10 53
13 19 67
15 19 57
19 14 67
20 14 74
16 20 99
11 13 73
13 18 91
15 10 90
10 18 53
17 13 54
11 16 61
10 17 78
18 12 92
13 18 67
12 18 67
10 19 56
11 13 66
12 10 68
14 10 71
13 17 100
17 19 62
16 12 72
11 16 92
18 19 90
10 18 99
17 18 57
19 16 86
11 16 78
15 20 86
13 14 70
10 12 52
15 13 58
10 19 60
17 13 81
13 18 66
15 16 65
15 19 73
19 19 64
13 14 50
14 16 83
11 10 77
14 15 76
15 19 87
12 15 71
17 18 53
20 13 69
18 19 92
16 15 89
13 16 51
15 14 51
12 11 62
20 19 67
19 19 97
17 16 95
18 10 70
14 17 58
17 17 87
17 15 51
17 16 57
10 19 58
19 17 64
10 11 85
20 12 79
14 13 59
14 11 91
16 17 86
12 19 82
11 15 94
18 20 76
13 10 73
17 11 99
17 19 90
19 10 69
20 13 95
15 20 91
11 20 75
16 11 63
19 18 56
18 18 92
19 11 67
11 16 66
14 10 93
14 13 96
14 20 56
12 17 97
15 17 92
11 19 61
18 15 84
10 17 87
19 11 99
17 11 52
20 10 89
11 13 61
12 18 81
20 10 55
20 17 97
16 10 80
18 16 80
20 19 71
12 20 95
15 13 64
15 20 82
10 19 58
15 15 80
12 12 74
10 18 89
18 13 95
13 18 86
16 14 73
16 16 57
19 12 73
10 11 78
14 16 93
17 14 70
17 12 72
11 10 61
20 14 75
16 10 82
16 19 93
10 20 52
17 20 66
18 15 72
12 13 99
18 15 85
12 18 58
14 12 93
14 18 75
13 13 94
10 16 87
13 18 77
19 17 80
13 17 75
17 11 80
11 11 96
10 12 59
10 17 87
18 12 70
15 11 50
17 18 78
14 20 56
17 12 84
12 16 94
11 10 60
19 18 92
10 14 54
20 11 94
18 14 97
18 16 73
20 12 61
20 16 62
17 19 86
13 19 91
12 16 56
19 15 51
20 11 83
13 17 53
19 19 91
18 13 66
15 18 76
20 12 64
12 19 68
15 13 58
14 19 86
18 14 71
15 13 71
17 13 90
19 14 86
19 15 71
13 15 91
13 13 89
12 16 78
14 17 57
19 16 93
15 19 63
19 14 60
18 18 61
17 10 89
18 20 52
10 18 88
19 18 68
15 12 58
15 18 63
20 12 67
19 13 77
11 17 96
15 15 68
11 17 50
11 17 87
20 11 72
18 19 92
16 10 63
17 10 97
20 16 61
14 14 79
20 16 54
20 15 74
16 16 79
13 15 87
19 16 92
18 15 84
10 11 73
11 14 92
16 20 51
16 10 67
13 20 93
18 19 87
20 12 53
18 19 100
19 19 91
16 14 58
11 17 54
19 18 94
13 18 72
14 16 62
18 17 92
19 19 98
15 10 90
13 17 91
11 15 96
20 18 53
20 15 65
10 14 66
19 20 76
11 10 54
19 15 73
17 12 63
12 19 78
14 19 67
13 18 96
19 19 54
17 15 67
11 16 87
19 11 97
12 16 74
16 14 99
13 14 69
19 14 78
15 18 90
11 19 50
14 13 77
16 11 54
13 12 91
19 13 94
20 20 52
14 15 81
20 18 96
11 10 93
13 18 94
14 18 66
10 12 60
15 19 81
13 11 61
14 13 97
10 10 55
19 12 51
17 16 69
10 15 50
13 10 94
17 17 75
12 20 78
11 13 62
11 12 53
12 10 100
19 15 81
16 14 87
14 12 80
19 11 69
12 15 73
11 16 53
15 13 94
10 14 53
18 18 53
16 14 84
20 18 55
14 17 81
14 14 70
18 14 54
12 10 55
17 17 90
14 18 97
10 10 69
16 20 93
10 12 74
16 16 96
15 17 93
16 14 51
16 15 95
18 11 85
15 14 52
13 19 87
16 15 53
17 11 65
13 15 88
18 14 95
15 15 66
20 18 84
11 18 93
11 10 52
16 14 71
16 15 71
13 10 63
10 10 86
13 19 96
12 11 74
19 20 92
11 13 70
20 12 96
10 16 96
12 11 81
11 19 99
19 10 93
15 14 58
15 12 100
12 19 69
15 11 70
12 13 57
18 11 70
13 13 73
10 16 95
15 17 67
17 14 95
19 10 61
12 10 85
13 16 53
10 20 79
17 15 50
10 11 52
15 10 86
11 15 85
14 10 74
10 20 85
20 14 93
15 15 93
20 13 54
15 12 75
13 15 83
17 11 61
10 11 92
11 18 95
15 17 63
17 19 76
15 16 78
19 12 63
16 13 61
20 10 60
15 20 95
14 18 88
12 12 95
13 16 71
13 19 88
19 10 89
13 18 59
11 17 60
18 11 99
15 20 93
12 17 64
15 14 58
13 10 67
15 18 87
15 16 99
20 16 95
13 19 79
19 16 73
11 20 88
19 15 67
19 15 71
19 19 90
14 19 56
15 20 94
10 15 54
10 12 85
10 16 75
13 16 69
10 12 73
20 12 100
10 10 86
17 11 100
15 10 85
12 11 89
14 10 78
