800 1600
4 3
8 1
4 10
8 4
10 8
8 8
7 9
6 7
3 9
5 7
9 9
3 4
8 8
2 1
3 8
10 1
4 8
1 4
2 3
6 2
4 4
1 9
6 1
8 7
7 4
10 1
3 2
4 1
5 5
2 10
6 7
8 7
9 10
4 3
5 6
10 1
5 7
8 10
6 5
3 10
10 4
9 1
10 3
9 1
4 6
7 3
1 2
9 10
7 7
8 9
3 9
3 8
3 1
10 5
5 9
10 5
3 4
8 1
7 8
1 4
3 9
4 6
10 6
7 5
6 8
8 5
7 7
6 2
2 5
6 7
3 6
1 3
9 3
8 2
4 8
7 3
6 9
4 1
10 1
9 4
2 1
4 6
2 2
10 1
9 3
7 5
7 6
10 2
3 8
2 9
3 5
3 3
10 9
6 9
7 6
2 4
5 2
9 3
10 3
9 7
9 9
6 6
7 3
9 8
10 7
9 9
3 6
9 6
9 6
9 6
7 2
9 7
9 10
6 10
1 9
8 2
9 5
2 3
8 3
8 5
8 3
3 3
8 3
8 3
5 7
3 5
8 3
1 3
5 7
4 1
2 3
10 8
3 2
5 2
1 10
1 3
6 7
4 8
1 3
2 4
1 9
5 9
4 9
4 2
9 8
9 9
4 4
7 8
6 2
7 7
3 7
8 3
2 6
9 5
9 6
3 5
7 6
9 4
1 6
1 4
1 4
3 3
10 8
2 2
7 9
7 6
4 9
8 1
1 3
6 1
8 1
7 8
6 10
2 1
7 5
5 3
1 10
3 10
7 5
3 5
7 2
5 3
5 4
3 1
8 1
8 1
4 9
4 8
2 4
10 5
5 2
5 5
5 3
3 9
10 7
9 3
3 6
10 5
2 4
1 2
7 8
6 2
8 6
4 3
7 10
7 1
7 9
10 3
1 10
3 9
1 3
4 5
6 8
9 9
4 2
5 3
10 6
5 2
9 6
5 6
8 3
2 7
8 3
2 10
10 1
10 6
9 10
9 3
9 4
6 7
8 10
3 4
10 3
6 2
7 7
4 5
7 8
10 6
5 5
9 9
1 1
7 9
1 1
6 7
8 7
8 8
10 7
10 2
7 4
8 6
9 5
5 4
5 2
8 6
6 2
5 2
4 6
10 5
7 9
2 4
1 7
4 8
1 6
7 6
7 1
2 4
3 10
9 5
4 7
2 7
9 10
3 1
10 9
6 10
9 1
4 6
4 8
10 10
4 2
8 10
5 8
1 8
6 2
1 4
6 9
10 6
1 8
3 1
5 9
2 2
5 8
4 4
2 1
4 8
3 9
7 1
3 7
5 10
9 8
8 7
1 2
3 3
9 8
9 6
7 5
1 7
5 4
3 2
4 3
7 6
1 4
10 5
5 3
1 2
2 1
9 4
9 5
9 10
7 10
2 8
4 2
7 1
9 7
8 7
3 10
5 3
7 4
4 4
5 1
3 4
6 3
2 1
7 4
5 4
5 6
4 8
1 8
4 10
8 10
3 4
9 7
7 8
10 3
10 6
8 9
1 6
2 7
9 8
1 1
3 6
8 10
5 5
10 8
10 9
2 10
6 6
2 1
6 8
3 10
5 5
10 4
6 1
2 1
1 1
9 9
2 5
8 1
3 10
2 10
6 6
4 7
3 4
10 7
3 8
8 2
10 4
8 1
5 3
5 10
8 8
5 6
8 7
5 6
5 8
10 1
4 4
2 10
3 10
6 5
8 3
1 3
9 7
7 7
1 7
9 2
4 7
10 10
1 7
8 5
6 4
9 1
10 2
9 5
3 3
6 7
10 8
9 9
10 3
6 3
9 7
2 6
4 4
7 7
7 4
5 2
3 5
3 3
1 3
1 6
4 6
7 4
9 2
4 6
3 9
8 1
8 4
5 4
10 2
4 9
3 2
1 9
3 9
8 1
8 9
2 4
9 4
2 8
1 3
10 5
6 9
8 3
5 8
9 2
9 9
5 7
10 3
8 4
6 1
7 9
5 6
1 1
3 1
2 7
3 2
7 1
7 8
7 9
10 4
7 4
8 9
2 5
10 4
1 9
10 3
6 8
9 2
2 10
2 4
10 5
8 10
1 1
8 5
10 7
1 7
8 6
6 8
7 9
8 9
10 3
8 2
3 3
9 9
7 10
2 10
1 10
1 10
6 3
3 10
10 10
1 5
4 1
7 2
2 10
4 1
2 3
7 9
6 9
5 3
6 8
5 8
7 7
1 5
8 8
4 5
2 1
10 4
7 4
6 9
6 10
2 5
3 6
5 6
2 3
5 9
2 4
10 5
6 3
3 6
6 1
10 5
3 9
9 3
4 4
10 3
8 7
5 7
3 6
9 10
4 2
1 6
1 10
7 4
9 1
6 5
7 6
2 2
3 6
7 4
5 1
6 4
4 8
5 8
7 5
10 7
2 3
1 5
6 10
5 6
8 7
1 2
4 10
8 1
5 7
4 6
6 1
7 10
10 4
6 4
1 4
2 2
7 4
2 10
4 6
6 9
9 1
5 6
7 1
3 9
8 5
1 9
9 6
4 5
9 10
1 2
5 7
2 6
2 10
3 2
8 10
3 7
7 9
4 9
8 7
8 3
6 2
7 8
3 5
8 7
1 10
1 3
3 8
2 1
5 7
9 3
8 9
5 9
3 6
8 9
4 10
3 6
6 2
3 10
9 10
3 1
3 10
2 10
10 8
2 7
2 4
6 5
3 2
4 1
9 2
8 2
6 1
10 5
8 1
7 2
4 7
10 8
4 6
8 8
3 3
4 4
9 1
7 3
8 9
7 4
2 7
4 8
8 8
2 3
9 1
7 9
1 8
4 5
8 2
6 8
8 9
4 4
4 1
4 3
8 8
3 7
4 9
1 1
10 7
5 6
6 8
6 3
3 9
4 6
3 3
4 1
3 7
5 2
9 3
3 10
6 5
5 2
6 10
5 8
9 2
1 4
5 1
7 7
4 6
4 4
7 9
9 10
10 8
6 6
10 5
9 6
2 4
8 8
8 8
4 10
5 3
3 10
3 10
6 8
1 5
6 9
10 6
1 8
7 2
1 2
2 6
6 6
7 6
2 1
6 8
3 1
8 10
7 5
2 3
10 3
10 7
5 4
7 3
1 8
3 5
4 2
6 1
6 6
8 3
3 2
5 7
4 9
6 2
7 6
6 2
7 7
9 4
5 9
7 4
7 10
5 6
3 2
7 4
6 5
8 3
2 1
4 5
6 5
7 4
5 8
10 4
10 1
7 4
4 2
6 10
3 7
1 2
6 4
6 3
3 4
7 5
5 7
6 7
4 8
5 10
2 2
1 2
5 4
9 9
3 3
7 6
6 10
6 3
5 9
4 3
3 6
9 1
6 6
7 10
1 8
4 4
1 1
1 8
5 3
7 10
5 6
5 5
2 8
9 1
7 6
10 1
10 7
3 9
3 4
6 6
3 7
5 5
6 5
9 10
10 3
1 8
2 3
3 5
9 5
8 3
8 6
1 2
2 8
10 8
8 7
1 9
3 4
7 7
5 7
9 2
9 7
1 1
8 1
9 4
5 10
3 7
2 6
19 10 56
15 18 86
17 17 64
12 10 71
17 17 86
12 18 86
17 18 81
19 11 73
18 15 50
11 18 54
18 12 95
13 12 78
10 14 100
12 10 51
17 14 81
20 14 69
18 13 70
14 18 93
12 17 75
12 16 95
20 12 100
20 12 67
17 20 66
16 17 79
20 15 65
15 10 68
11 11 92
11 19 98
13 19 88
15 15 93
20 10 62
13 19 80
11 14 77
11 20 64
11 10 62
14 19 70
16 16 89
12 15 81
16 12 68
16 14 71
16 12 70
17 19 61
17 18 62
15 14 87
14 13 60
20 20 94
19 18 56
20 10 88
16 16 90
16 14 50
10 15 80
19 12 75
19 19 72
15 10 64
20 15 87
17 15 86
10 12 63
20 11 53
11 12 75
12 20 59
12 15 67
16 10 81
19 10 78
12 12 82
20 14 79
17 16 78
19 16 83
19 15 50
20 19 55
14 13 69
14 15 68
16 16 66
13 19 55
20 11 66
13 20 70
11 20 99
14 10 76
15 18 95
10 20 75
12 12 97
14 18 68
12 17 74
17 16 98
14 18 71
12 15 52
16 19 83
10 15 68
18 12 96
13 13 71
14 12 97
16 18 82
14 10 63
12 20 96
11 13 96
13 20 91
12 20 80
14 17 65
13 11 80
14 18 58
10 12 56
12 10 89
19 10 80
16 12 77
19 15 73
12 19 75
20 12 62
15 15 59
15 14 53
12 12 73
15 17 80
16 10 91
13 16 85
19 12 61
17 14 87
13 13 87
15 16 91
12 12 69
19 11 88
16 12 71
19 11 81
14 14 85
15 10 84
20 19 63
13 17 64
12 13 89
13 11 72
10 19 94
12 19 79
13 16 76
20 14 86
10 19 61
18 11 100
11 14 92
20 10 98
15 10 63
16 12 74
17 18 91
11 12 87
12 18 84
11 16 60
13 20 68
20 17 73
11 18 71
11 12 82
17 10 51
14 20 73
10 15 51
11 13 95
20 14 90
19 14 69
16 14 84
14 16 73
14 16 69
15 12 62
15 16 77
18 14 51
15 19 94
10 13 64
16 14 67
12 14 83
16 14 67
14 13 54
14 15 66
11 15 57
13 12 75
12 16 97
17 20 90
15 15 70
15 18 100
15 16 55
11 17 81
10 15 95
13 16 51
13 10 75
15 15 56
15 12 82
16 10 82
19 12 96
18 18 78
17 13 65
13 17 90
19 11 91
19 18 70
11 12 70
20 12 62
19 20 82
18 11 73
13 15 57
17 13 52
13 19 56
15 19 79
10 13 95
13 15 78
16 16 91
20 13 63
13 20 88
11 15 92
16 17 88
16 12 81
19 11 95
20 15 86
10 12 100
10 11 61
20 17 91
16 13 59
16 12 89
11 12 60
14 19 53
12 12 95
13 14 75
11 17 84
14 11 67
20 17 75
14 20 80
19 12 93
10 17 99
19 10 62
16 10 82
13 16 61
11 17 72
17 13 62
19 14 85
11 14 80
16 14 75
10 19 62
17 14 84
20 14 66
18 15 81
14 16 53
10 12 83
10 11 64
11 18 71
20 18 91
14 20 62
14 14 70
18 19 68
12 13 62
15 11 51
11 18 72
13 10 82
16 14 51
10 18 50
15 12 50
12 11 70
13 18 83
10 14 85
12 10 63
14 18 73
14 12 65
17 17 85
12 20 63
16 14 85
20 18 55
18 20 58
14 19 98
17 20 81
12 19 88
15 17 50
20 11 64
10 11 52
20 11 87
11 10 75
18 14 81
17 16 58
16 16 53
12 13 55
19 19 53
16 15 93
14 19 73
19 10 83
16 15 74
17 10 92
13 12 52
20 14 83
12 14 62
17 17 70
20 20 99
20 16 95
17 12 52
18 11 99
10 17 88
20 19 70
16 19 93
14 11 70
10 13 60
17 13 61
11 16 84
14 16 59
15 17 54
19 16 79
13 16 60
13 19 68
19 13 71
20 14 70
16 12 79
17 19 57
13 17 66
11 16 59
16 11 83
16 11 91
16 16 80
14 18 85
12 12 90
19 20 81
20 19 69
15 14 87
17 20 79
11 12 60
18 19 67
17 17 59
13 12 72
11 12 99
17 20 88
20 13 99
12 20 50
18 14 54
16 10 94
20 14 55
17 16 64
16 14 63
20 15 76
12 16 70
19 17 80
15 15 50
20 19 74
12 10 59
20 12 52
18 10 66
20 13 84
14 11 97
19 16 86
19 12 90
20 12 50
11 12 72
16 14 57
10 17 81
10 14 100
13 19 68
15 18 91
17 16 73
14 11 53
10 13 95
13 18 90
18 18 74
13 17 78
11 19 76
11 19 79
15 14 75
13 11 76
12 11 69
11 16 94
11 18 52
16 15 52
17 17 54
10 11 69
17 17 84
20 12 99
11 12 64
20 16 79
17 10 72
12 10 79
13 12 76
10 20 93
19 20 59
16 20 99
13 13 86
17 17 61
17 19 95
10 16 90
18 18 50
10 16 84
10 20 61
14 19 57
16 10 68
18 20 77
11 12 71
12 12 65
14 18 84
17 17 84
18 11 60
14 12 79
18 15 94
11 17 93
15 19 90
14 19 96
13 14 99
16 18 50
14 10 51
13 11 75
19 20 76
15 19 97
14 13 54
15 17 67
17 10 69
18 15 53
20 15 62
14 14 73
18 16 85
10 10 51
19 19 79
19 11 88
13 18 94
18 12 71
12 13 98
19 16 72
13 17 67
19 12 58
15 11 79
19 14 96
20 15 53
18 17 79
10 17 63
18 16 59
10 17 64
10 13 97
16 11 96
20 15 72
15 10 94
18 15 78
11 13 92
10 14 90
15 11 67
14 13 56
17 19 85
10 14 89
14 16 53
15 13 79
10 15 68
20 16 60
16 11 95
12 11 76
12 13 58
12 20 88
19 15 64
12 11 73
19 12 84
14 17 61
10 17 77
10 19 91
19 10 81
10 17 93
16 19 59
19 12 66
15 15 96
20 15 76
17 15 58
16 17 59
16 10 53
12 17 69
15 18 70
19 20 67
19 12 58
19 11 92
10 18 64
14 11 83
15 13 91
13 16 74
20 13 91
15 13 89
17 20 62
18 12 93
14 13 82
20 10 77
17 10 72
12 19 75
16 13 100
16 10 81
18 15 85
18 19 58
18 14 99
16 10 72
13 16 90
20 11 63
17 14 99
15 14 69
20 16 59
18 16 58
11 10 55
12 19 90
17 17 71
11 12 67
19 19 54
20 19 86
17 14 79
13 20 62
14 17 77
19 17 76
19 12 68
11 19 69
17 18 97
17 20 52
13 16 90
10 19 94
13 10 80
16 17 62
15 10 91
10 16 69
14 19 54
13 14 63
19 16 78
16 12 97
19 16 96
17 19 53
18 12 84
14 11 68
13 12 61
13 15 82
14 14 92
14 18 63
16 17 81
19 16 83
10 11 60
19 10 66
18 17 66
10 11 99
19 18 56
16 20 85
14 17 72
19 11 91
10 17 72
14 19 91
14 15 96
16 11 64
10 17 51
16 17 54
14 13 54
10 17 54
17 12 59
13 11 74
17 18 71
15 16 65
16 11 63
10 10 71
20 10 84
16 14 70
10 19 93
14 15 83
18 15 72
18 15 89
14 15 91
12 12 61
20 14 77
16 13 70
12 11 59
11 11 99
10 17 65
20 11 76
17 11 70
15 14 54
10 19 51
18 14 73
17 20 79
20 14 93
16 14 68
16 17 82
15 18 50
11 19 72
15 11 71
15 19 90
14 15 69
18 12 77
12 15 79
20 19 97
20 11 86
20 10 62
14 17 90
13 17 52
10 11 100
12 10 98
20 15 59
13 19 68
14 19 83
13 16 81
10 11 67
16 14 59
19 20 90
10 15 76
12 18 98
10 17 60
14 18 69
13 16 94
17 16 93
11 12 99
18 20 82
20 11 53
12 20 66
18 12 68
13 17 63
17 15 95
10 17 94
16 19 62
20 16 85
19 14 67
19 12 65
17 16 77
17 10 89
13 18 92
18 15 99
14 16 83
17 19 73
13 11 98
15 14 93
14 20 72
15 20 87
16 12 96
13 12 73
10 13 50
19 11 92
20 16 88
15 15 52
19 20 93
11 14 81
18 14 83
10 14 80
17 12 71
10 11 99
14 13 84
11 11 92
18 10 82
18 14 74
11 11 61
20 12 63
17 12 97
13 10 66
12 14 80
16 17 53
10 14 66
19 10 60
11 18 80
10 12 56
10 13 85
20 20 79
17 12 78
10 12 81
13 18 66
18 12 52
14 13 85
16 18 57
12 11 99
16 10 85
16 20 52
11 11 88
12 17 64
12 11 87
20 20 65
17 11 98
20 13 86
15 19 81
20 11 77
16 12 86
12 12 74
17 11 76
10 13 82
14 15 75
19 12 88
20 16 68
16 14 90
11 16 63
13 18 90
13 16 61
10 19 84
12 11 94
15 15 61
19 14 94
18 13 66
17 14 67
18 12 51
19 10 100
11 10 57
18 18 53
18 17 66
17 16 69
10 13 92
13 13 69
12 11 67
12 20 83
17 19 90
18 14 74
14 13 100
18 19 97
12 12 70
20 13 85
10 18 53
13 12 77
10 11 64
12 20 54
13 12 100
10 15 99
13 20 54
17 13 60
15 18 87
18 17 80
17 18 98
20 13 97
18 10 58
20 11 100
10 18 74
17 11 62
15 10 100
15 13 64
14 12 57
13 11 99
17 17 78
10 12 71
15 14 76
10 20 96
12 19 100
16 10 90
10 11 71
10 11 88
12 18 61
10 15 73
17 18 63
13 12 73
14 13 82
12 18 57
14 15 69
11 19 71
18 15 64
16 15 73
17 15 63
17 11 95
16 18 53
18 11 84
14 19 77
12 19 57
14 17 67
19 14 80
19 17 84
12 18 63
18 14 97
11 20 50
10 10 70
19 14 98
11 14 85
18 17 79
16 19 64
18 12 68
12 12 83
16 15 52
13 16 57
10 10 91
19 14 57
12 17 53
15 20 85
19 13 75
12 14 91
11 14 95
13 14 94
18 20 99
16 11 85
13 11 57
12 11 93
14 10 79
15 14 80
16 10 81
19 15 73
10 20 80
16 18 100
18 15 87
14 15 69
11 12 84
17 15 77
13 18 66
15 18 69
12 14 71
20 16 87
19 19 53
12 17 87
19 14 96
14 17 83
13 14 87
19 13 64
18 16 79
14 18 83
16 14 96
16 10 95
14 10 65
15 20 55
11 20 76
20 20 52
16 20 95
13 19 75
19 15 91
11 15 64
16 11 66
11 11 60
18 13 77
16 18 77
11 19 83
18 17 82
19 17 79
17 18 65
11 11 100
12 20 86
17 12 78
10 19 98
17 16 69
13 18 99
20 12 89
20 17 52
19 13 83
16 14 57
18 18 84
18 17 90
20 10 83
14 19 85
18 20 53
19 10 81
13 10 86
19 15 72
15 16 52
19 10 83
11 17 99
17 13 86
17 12 94
17 14 74
11 17 71
11 10 56
20 12 81
18 17 55
13 11 98
17 17 93
16 20 80
20 19 50
16 15 85
18 16 51
20 13 66
20 20 89
19 18 96
13 14 52
14 13 55
14 11 93
12 15 55
15 10 85
19 11 81
12 15 80
17 13 53
15 17 72
13 12 100
19 19 94
13 16 81
11 20 77
11 15 60
12 13 53
19 11 63
20 11 68
14 17 95
13 16 50
10 17 87
16 19 91
17 16 94
14 14 84
10 19 97
10 10 96
20 16 52
12 19 74
10 19 80
18 16 86
13 10 66
15 11 94
13 11 82
13 12 70
14 17 91
13 19 82
10 10 98
16 15 61
17 17 85
11 20 71
17 11 59
18 20 98
18 10 89
12 13 74
17 14 55
19 18 58
11 16 53
15 15 64
19 15 71
11 10 81
12 15 83
20 16 97
19 17 68
13 11 88
16 15 84
20 20 89
12 11 83
18 11 70
12 17 67
17 15 57
14 19 88
15 19 92
16 13 91
11 13 78
12 17 78
13 13 86
20 20 90
19 17 89
12 13 95
15 20 57
16 17 86
15 14 76
19 18 54
19 10 82
20 16 90
19 20 52
10 18 98
14 20 88
11 15 60
14 15 71
12 19 52
18 10 57
17 19 58
13 16 53
16 20 67
19 20 62
16 14 95
19 20 94
11 10 97
19 12 71
15 19 66
13 13 68
19 10 73
10 14 55
16 20 96
13 18 82
17 19 63
13 14 69
10 14 78
11 14 93
19 16 72
16 15 90
12 13 71
16 13 86
13 15 93
18 15 80
16 10 90
17 11 55
10 14 63
20 18 50
16 10 78
20 12 67
13 20 53
15 17 65
16 13 50
18 12 56
18 10 97
12 12 95
19 19 68
20 15 84
12 13 86
12 10 55
12 12 99
13 11 82
13 12 71
19 14 50
19 14 62
13 11 94
12 10 76
18 15 96
19 10 91
11 14 86
18 13 64
12 15 60
15 19 59
17 16 71
11 14 66
14 19 83
16 10 73
15 10 86
17 19 66
11 16 66
15 20 79
14 15 54
10 18 87
12 13 62
10 19 53
13 13 88
17 15 69
13 18 93
18 19 68
14 10 80
12 11 51
19 13 53
18 20 89
14 17 90
10 12 80
13 18 64
20 10 75
10 15 71
10 11 70
14 12 68
18 12 92
14 13 56
18 17 51
20 13 73
16 18 100
16 11 62
10 20 58
19 20 71
11 11 88
15 11 55
17 13 100
15 12 52
18 14 61
19 14 78
10 18 97
16 12 80
14 20 50
19 11 64
14 16 79
15 18 67
19 10 78
14 20 96
11 11 53
19 16 76
17 17 62
20 15 74
15 17 88
13 14 52
20 16 64
18 16 62
14 12 89
14 15 88
20 14 84
11 16 64
17 12 60
11 20 100
13 11 62
13 18 100
11 15 87
18 12 57
17 10 54
17 15 78
16 13 76
11 18 100
17 15 80
11 11 84
20 16 64
14 20 99
10 17 99
15 18 80
15 15 66
10 15 52
20 11 87
12 14 53
13 20 73
11 19 77
13 15 67
12 13 81
18 12 53
18 16 54
17 13 58
16 17 92
15 17 80
14 10 65
15 13 64
17 20 51
12 18 65
16 11 76
13 15 83
13 17 50
11 12 62
16 11 65
12 15 57
17 15 67
20 17 98
16 10 57
18 17 61
15 14 64
13 18 100
13 13 99
13 10 52
13 17 62
10 11 54
13 20 51
10 13 63
11 20 96
16 17 64
16 13 78
11 10 97
15 10 96
11 13 78
13 19 73
13 11 55
20 17 62
20 18 93
19 16 68
12 12 72
13 16 74
17 12 59
11 18 83
19 10 53
14 15 77
12 18 83
17 14 82
15 16 68
11 11 62
11 20 53
19 12 80
18 19 54
19 18 98
14 13 79
10 19 100
13 18 69
11 10 60
14 11 65
18 17 70
17 20 77
11 15 80
10 10 51
10 20 54
19 17 83
19 11 51
15 13 95
19 13 81
10 16 96
14 17 90
20 13 64
15 20 79
15 11 61
12 11 74
17 15 74
11 11 79
14 19 69
13 11 67
17 15 61
16 14 94
20 19 97
14 12 71
13 10 98
15 12 71
19 18 95
14 14 97
17 11 73
14 11 85
11 10 56
19 17 55
13 16 72
15 19 94
18 20 52
11 13 75
20 19 90
17 16 95
16 20 88
12 13 53
11 20 67
19 10 76
15 19 62
18 20 94
15 16 89
16 20 97
10 17 69
20 17 87
12 11 77
13 20 99
16 19 68
17 19 69
13 13 64
19 18 60
15 17 73
19 12 57
18 17 59
11 19 83
17 16 94
17 20 88
14 14 51
15 10 86
17 16 83
12 16 75
17 19 60
13 19 65
10 17 71
11 19 58
10 17 58
10 20 68
11 19 94
15 15 77
13 17 62
18 17 63
16 11 59
18 17 50
12 16 53
16 13 97
11 16 85
16 15 96
19 13 89
10 12 64
16 11 62
10 15 82
18 17 91
16 20 73
10 10 100
10 14 62
13 12 60
13 10 75
18 14 55
20 19 68
19 19 57
18 10 97
13 11 93
16 20 90
18 16 68
20 15 68
17 11 60
16 13 90
12 11 98
12 20 76
13 13 61
11 18 60
12 13 68
13 20 79
14 16 82
10 16 88
19 12 56
16 10 63
18 12 51
16 15 96
18 19 51
20 11 90
14 12 80
18 19 92
18 20 59
17 15 75
10 18 99
13 17 93
10 10 100
12 18 56
20 11 95
14 12 76
10 11 56
10 16 62
12 15 68
17 13 87
18 17 92
12 10 56
20 19 86
14 13 75
13 16 62
14 11 63
15 12 84
13 16 75
15 11 74
14 16 76
12 10 62
10 11 58
11 16 96
14 10 54
10 16 95
12 17 51
19 13 100
19 15 62
12 11 94
17 12 86
10 16 78
15 15 50
17 18 54
12 19 72
14 11 64
17 16 96
11 20 57
12 16 93
20 15 82
20 19 70
15 15 61
13 11 76
13 10 68
18 18 86
19 14 65
20 17 100
18 12 79
12 15 88
14 11 51
11 11 97
10 19 94
13 12 100
13 11 92
17 10 83
15 17 64
11 17 76
19 11 67
13 13 81
16 19 79
10 12 69
15 12 78
13 14 64
14 10 97
14 11 87
10 15 60
18 13 68
11 11 77
15 14 84
14 19 82
15 17 57
12 16 64
15 12 68
15 14 71
14 13 93
12 18 95
14 15 82
16 14 93
11 14 85
10 10 53
18 10 83
15 13 62
14 16 93
17 11 91
17 17 59
17 18 65
14 17 84
17 16 96
19 15 69
16 12 79
17 13 66
14 17 59
17 15 66
12 11 100
16 16 57
13 12 83
10 15 74
11 19 86
15 17 62
15 12 62
14 12 64
14 13 90
20 19 51
17 12 63
11 14 72
10 19 98
12 16 96
15 15 58
18 10 67
17 16 70
12 13 81
20 15 66
17 20 56
17 20 56
10 17 100
15 19 73
16 16 83
16 14 89
12 17 58
20 15 83
10 18 62
15 15 71
20 11 95
16 14 98
20 19 83
17 13 78
13 16 90
15 19 95
18 17 90
18 10 98
18 16 78
15 20 55
14 13 96
13 11 99
16 10 56
10 14 65
13 19 84
10 20 86
12 17 90
13 10 77
20 12 72
20 20 84
17 20 73
17 13 53
16 20 86
13 16 64
10 16 59
13 15 76
10 14 98
11 17 74
17 18 56
19 18 72
15 20 76
13 17 85
20 18 80
18 10 64
18 18 53
11 14 73
15 20 86
19 19 81
19 18 91
11 15 64
18 17 72
20 17 83
15 14 74
13 19 89
19 18 86
17 18 54
13 12 76
10 14 63
19 17 65
19 14 99
15 15 70
19 12 83
14 13 70
17 20 98
18 10 87
20 17 77
11 10 73
20 12 74
16 19 80
18 15 68
13 18 75
15 20 82
20 12 86
10 17 59
15 20 94
20 19 50
11 11 52
19 15 51
14 19 86
14 17 85
20 11 80
18 12 81
12 11 50
11 11 55
11 20 55
20 17 50
19 13 93
15 11 57
15 14 57
12 10 65
13 17 68
20 10 73
12 13 58
19 20 93
13 20 87
11 11 75
17 16 64
11 12 61
19 15 63
13 10 78
10 20 91
14 15 95
20 11 72
20 19 61
14 16 83
12 10 66
19 12 50
12 18 87
13 11 75
12 10 55
12 16 96
11 14 73
20 19 90
12 18 70
15 20 54
15 12 88
12 15 51
12 11 84
18 19 53
10 14 68
11 18 97
18 18 95
16 16 67
13 16 93
20 11 84
20 16 75
15 13 65
20 19 52
14 13 65
10 18 55
13 16 82
13 15 60
10 13 54
15 13 55
10 11 97
20 20 58
16 14 57
15 15 57
18 18 65
15 10 65
18 13 64
17 11 71
12 19 65
17 17 68
12 13 75
18 13 80
14 19 78
10 19 93
19 13 56
19 12 51
16 15 61
10 12 80
10 16 100
18 15 50
16 12 74
15 13 88
13 19 64
12 15 60
20 19 75
20 16 53
19 13 82
14 16 66
15 12 100
15 13 64
14 20 91
17 11 56
12 12 79
20 14 85
17 19 90
10 10 71
16 10 68
10 16 60
20 15 92
20 14 89
12 14 60
12 12 98
10 13 73
17 14 77
13 19 88
15 13 96
16 18 92
12 17 82
18 20 71
17 11 65
12 15 53
11 18 50
16 17 68
19 17 58
18 14 99
10 15 89
16 13 92
11 15 56
12 19 81
18 11 75
12 20 70
16 10 81
16 19 62
10 13 50
13 16 53
14 11 86
11 11 89
19 10 67
16 20 65
16 13 61
11 12 77
15 14 96
13 17 76
13 13 98
18 12 77
17 17 84
17 16 78
13 14 65
19 12 65
17 11 58
11 19 68
20 15 55
18 19 77
16 17 67
11 10 66
14 14 92
20 13 95
10 11 52
20 12 71
16 16 51
18 10 64
13 15 56
10 20 55
20 14 69
20 13 83
20 13 59
13 11 100
14 11 86
10 16 61
12 17 95
14 11 64
14 16 57
13 11 100
17 19 95
20 16 65
13 11 73
19 19 83
10 19 66
18 12 100
12 13 97
14 16 57
15 10 70
14 11 53
16 18 94
18 17 67
13 17 79
14 16 66
13 17 58
16 11 58
11 13 95
13 13 58
20 15 80
17 16 65
17 18 58
12 13 94
17 12 63
12 14 57
11 17 70
19 18 92
14 15 75
16 18 84
15 11 83
