8000 2666
9 9
7 2
8 10
9 9
3 5
3 4
5 8
7 2
6 8
3 1
8 3
7 9
10 5
8 1
2 7
1 8
6 5
5 8
1 9
3 9
5 6
9 6
6 1
8 6
5 6
4 9
4 4
3 3
8 2
5 6
3 6
7 9
1 10
1 8
5 1
3 10
1 6
7 5
4 2
5 10
3 7
4 10
1 7
7 8
7 3
8 4
10 5
5 7
8 8
5 9
4 1
8 1
7 7
9 10
5 9
2 3
2 3
2 5
9 1
9 1
4 3
6 8
5 2
1 7
7 10
8 2
7 2
2 9
10 8
10 5
3 10
4 4
9 3
1 10
4 3
1 7
7 10
8 7
10 6
5 9
8 2
9 7
2 2
2 6
5 2
2 4
3 1
2 2
8 5
3 7
8 6
2 7
5 2
1 3
4 1
9 4
7 9
3 8
5 9
9 10
8 5
6 10
5 7
9 9
7 2
1 9
3 4
4 8
6 3
6 6
1 9
5 7
3 10
5 8
1 6
4 1
4 8
3 7
5 9
5 9
5 5
3 1
1 2
4 7
5 10
9 6
3 2
3 3
8 9
3 5
6 3
3 8
4 6
10 5
4 6
7 9
5 9
1 2
9 1
5 4
4 8
8 10
10 9
5 2
1 8
10 3
6 5
10 2
5 8
1 3
3 8
8 6
9 8
4 3
5 8
9 3
5 9
1 6
9 10
4 8
9 7
10 7
4 5
6 3
7 6
6 1
10 3
5 1
2 10
1 1
10 9
2 8
8 6
4 3
4 1
7 4
9 8
9 2
6 2
8 10
1 2
1 4
10 8
3 5
6 10
8 10
8 5
7 6
8 10
1 8
4 1
8 2
7 9
7 5
10 7
1 6
2 5
6 2
10 1
10 6
6 7
9 2
7 7
4 3
3 7
6 9
6 6
2 10
10 6
8 8
10 2
6 5
8 7
5 6
8 1
3 7
10 6
8 5
3 6
8 9
6 7
1 8
2 5
1 1
5 3
5 3
8 4
10 8
9 5
7 6
6 2
3 3
8 8
10 4
5 10
7 4
8 1
10 3
2 6
2 4
2 4
1 2
2 5
8 6
6 10
9 4
5 6
6 5
1 6
7 9
3 4
8 7
9 7
4 3
9 7
4 10
2 3
6 10
10 2
3 3
1 8
9 4
7 1
9 2
4 5
1 4
8 5
4 1
1 7
6 3
4 5
8 8
5 3
4 3
7 8
2 7
4 10
8 4
7 9
6 2
8 10
5 8
4 8
8 1
3 1
10 2
4 9
6 10
6 8
9 2
2 7
4 9
10 1
9 3
6 7
10 8
3 2
3 10
7 7
8 10
5 2
3 4
3 4
10 5
3 5
4 4
7 9
10 9
7 3
3 4
1 6
3 4
5 4
5 7
2 10
5 10
6 10
4 9
6 1
10 10
2 3
1 8
7 10
8 2
5 2
5 7
8 2
4 6
6 9
5 3
3 4
4 4
1 3
1 6
5 1
7 8
2 6
7 6
1 5
10 10
7 8
9 3
5 1
5 10
10 6
4 6
3 10
6 2
6 5
2 10
10 9
5 3
4 2
5 5
2 1
4 5
7 2
6 4
10 9
7 6
3 4
4 8
5 3
2 3
1 10
8 7
3 10
2 1
10 4
3 10
10 1
1 7
3 6
8 4
4 9
6 2
7 4
8 8
4 6
1 8
4 2
1 1
8 4
7 6
2 5
2 6
10 10
1 4
1 4
1 8
2 1
10 3
6 3
4 1
1 3
2 8
2 8
3 6
7 10
2 2
4 5
3 10
3 9
2 5
4 8
5 4
6 2
6 8
5 8
4 8
6 4
5 4
3 5
6 1
9 2
8 5
2 1
9 1
6 1
4 2
9 6
9 8
5 6
9 9
5 8
2 8
6 5
3 8
7 9
10 5
7 4
1 6
10 1
4 8
9 10
3 8
1 7
4 8
10 9
6 2
8 6
7 3
1 4
2 7
5 2
7 7
9 7
7 5
6 8
9 9
7 2
7 3
10 4
1 8
3 4
1 8
1 9
5 6
6 9
9 4
9 3
1 5
7 1
1 6
8 10
10 5
8 6
7 4
10 10
4 8
9 8
10 10
1 9
2 4
9 8
8 3
1 6
2 7
4 3
1 8
2 9
8 3
10 7
8 1
8 1
4 10
7 9
5 10
5 3
5 9
7 7
8 3
8 9
9 7
4 6
3 1
8 7
9 7
3 10
6 1
3 7
9 9
3 2
5 2
2 5
4 2
6 9
2 8
9 10
5 6
3 2
2 2
10 3
10 2
9 1
9 9
1 4
1 7
10 2
8 9
4 2
10 5
4 10
8 4
8 9
5 4
6 9
9 5
2 10
1 4
4 7
9 4
5 5
1 5
2 7
8 3
5 1
10 2
4 4
6 1
3 8
4 8
3 9
3 9
6 4
6 6
8 9
5 7
6 10
1 5
3 8
9 10
7 10
8 5
2 10
2 9
9 4
3 6
7 7
1 6
6 3
8 8
7 10
6 7
9 4
2 1
10 2
2 3
6 3
3 10
2 7
1 5
8 8
2 8
5 7
7 3
7 1
3 4
5 3
9 9
4 6
4 8
9 3
2 2
10 1
10 2
5 4
1 4
2 3
1 3
4 1
2 4
6 8
1 7
9 10
3 3
10 4
5 3
5 9
1 3
1 8
3 5
2 9
6 6
10 9
4 2
4 10
1 1
5 7
2 10
3 2
7 4
9 9
9 1
6 9
1 1
4 9
4 4
7 1
1 5
7 2
5 7
2 6
10 5
10 5
3 4
5 1
10 2
6 2
6 6
10 5
2 10
8 9
8 9
6 6
4 1
3 3
10 1
10 2
7 1
8 4
5 3
1 10
2 4
10 5
2 7
3 3
2 10
1 10
2 10
7 9
2 7
2 10
3 10
6 1
6 8
4 9
1 10
7 8
3 7
3 8
8 9
9 7
6 9
6 1
10 6
3 6
9 1
4 8
5 9
2 10
2 2
4 5
5 10
9 6
6 8
8 3
8 7
7 8
9 4
3 7
6 9
8 6
4 5
4 7
2 3
1 7
4 8
9 3
5 1
3 5
4 1
1 2
8 1
1 5
8 1
8 7
5 7
3 9
7 8
8 9
7 1
5 1
3 1
9 8
9 7
2 5
10 6
2 5
3 1
1 9
2 6
4 2
8 6
3 10
10 8
5 10
10 5
7 5
9 2
10 8
10 7
7 10
5 7
1 3
9 5
10 3
7 2
10 3
5 7
5 9
6 3
7 4
7 3
3 10
2 10
5 9
8 8
10 2
6 8
3 5
8 2
8 8
8 1
8 8
8 5
2 10
9 4
3 2
9 1
6 10
3 4
5 7
5 7
5 10
3 4
7 2
5 1
3 5
3 9
5 10
4 7
1 1
8 9
4 9
8 3
5 6
10 5
9 6
5 2
8 8
8 1
10 6
9 7
8 2
3 9
6 8
2 4
1 7
5 4
4 9
6 5
9 10
3 6
3 3
6 9
1 10
4 3
9 9
8 9
3 9
4 2
8 3
2 4
6 4
6 5
3 7
4 2
1 9
4 10
8 9
6 7
7 1
9 8
5 3
5 1
9 2
10 7
1 3
7 9
8 4
4 2
8 2
6 5
10 7
5 7
6 10
10 2
9 7
5 2
10 1
1 8
9 7
3 7
8 2
5 2
5 4
3 8
1 4
6 9
8 2
2 5
5 10
7 1
9 6
5 7
4 8
8 9
9 1
8 5
1 8
6 10
6 10
10 10
1 2
5 9
8 5
3 5
2 3
8 7
5 3
2 5
8 9
6 10
6 10
9 5
3 2
2 3
7 3
1 3
1 3
8 3
2 1
9 5
10 10
6 8
10 5
2 8
7 9
2 5
6 6
4 4
4 2
8 2
6 2
1 1
6 2
10 5
10 8
1 6
9 10
1 4
9 1
3 4
10 4
2 10
10 6
9 8
1 5
2 9
6 10
7 4
6 2
9 4
5 8
7 1
8 8
4 4
9 4
9 2
6 10
4 8
2 10
7 8
4 5
6 9
4 9
5 4
6 4
2 10
8 6
6 2
10 4
5 4
6 9
1 9
8 1
4 4
2 2
5 9
9 6
8 4
10 1
1 9
8 6
9 6
10 6
1 2
2 10
2 10
10 5
7 7
10 5
3 10
2 3
2 1
3 4
2 4
3 1
3 1
7 2
5 1
10 3
6 2
3 3
6 2
10 9
9 1
10 1
3 9
3 1
6 3
7 6
5 5
9 7
1 10
7 2
9 4
2 1
8 6
5 2
9 10
5 7
4 8
2 1
5 10
2 4
9 7
4 1
6 5
10 6
4 9
10 5
1 7
5 7
2 2
7 5
4 6
1 9
1 2
6 5
6 2
7 4
9 5
4 10
10 10
10 6
1 4
4 8
10 3
3 6
6 7
7 6
3 6
6 7
6 6
6 1
3 4
9 4
6 1
5 10
9 5
6 5
4 5
5 6
4 1
2 7
10 1
6 5
9 4
4 4
4 6
8 5
5 5
1 1
2 6
6 3
7 2
5 7
9 10
3 10
9 1
2 5
2 10
7 8
9 3
1 5
9 9
8 10
6 4
8 5
5 9
7 4
3 5
4 2
10 9
7 3
7 3
8 9
8 8
5 3
6 8
10 9
3 5
4 3
2 6
3 3
10 10
7 1
6 3
7 3
10 3
3 6
7 5
10 5
6 4
3 6
6 7
6 2
8 10
4 4
7 10
9 4
5 8
7 7
8 1
7 10
9 1
7 6
9 4
4 9
1 4
1 4
4 2
2 10
4 5
2 7
8 1
9 2
8 9
3 4
6 2
6 4
9 1
4 2
3 3
5 6
6 1
4 4
4 4
5 5
1 9
4 8
7 10
4 4
9 1
10 1
5 10
6 2
4 9
2 4
9 2
5 4
10 6
10 4
4 7
6 4
10 4
4 9
10 5
8 2
4 5
5 1
1 1
4 4
7 6
2 7
7 1
4 10
3 3
4 3
1 7
10 2
1 5
7 2
8 3
9 5
6 10
4 4
4 6
2 5
3 4
1 3
8 2
1 2
10 5
10 1
3 5
1 3
2 1
4 8
9 4
7 3
7 2
9 10
3 7
2 7
2 3
1 3
3 9
8 2
8 5
2 5
7 5
5 10
3 1
7 4
9 4
7 10
6 6
4 10
3 8
2 1
1 2
2 4
5 9
4 9
2 3
6 8
7 3
1 9
2 3
6 7
10 1
8 9
3 8
2 2
6 5
7 9
3 5
5 8
2 9
2 8
2 8
8 6
4 3
9 3
9 1
6 4
10 2
6 1
8 8
10 7
8 1
6 8
2 1
4 3
5 9
4 6
5 1
9 8
4 7
2 9
1 6
8 8
4 4
7 10
7 8
10 10
6 6
5 8
4 7
1 2
3 2
3 9
5 7
1 4
5 5
3 6
8 2
2 1
6 5
3 8
3 4
7 1
2 2
6 8
1 9
4 3
1 4
6 5
2 3
3 6
7 5
1 7
7 1
5 3
6 6
5 8
10 8
7 9
10 3
7 5
6 3
7 9
4 10
8 7
5 2
7 1
9 7
6 9
1 9
2 7
5 2
3 6
3 10
7 10
3 1
8 3
3 8
9 10
4 2
5 3
8 8
9 3
4 5
1 6
8 6
7 6
4 1
10 1
9 5
1 3
5 10
10 7
4 2
9 7
9 8
4 1
10 7
1 2
5 9
2 3
8 2
5 5
3 8
1 6
7 3
8 6
7 3
10 4
6 6
3 9
9 7
4 3
10 8
10 7
9 3
6 7
10 9
7 8
3 8
5 6
7 9
5 9
9 9
2 8
10 9
6 5
6 4
8 2
4 1
7 8
3 5
8 3
5 1
9 1
8 7
5 4
3 1
5 9
3 7
10 1
3 8
3 7
2 10
6 8
5 3
6 8
9 5
10 1
8 7
10 10
2 3
6 6
5 8
2 1
3 1
6 3
6 7
8 6
10 5
7 6
9 7
2 4
7 3
5 4
6 4
9 9
9 6
3 3
6 4
3 2
5 6
4 10
6 2
9 2
7 9
3 7
5 3
7 8
2 8
3 2
6 7
6 7
1 3
10 2
10 8
2 9
7 4
3 5
4 9
9 1
6 9
3 8
4 6
9 5
5 10
6 10
9 5
5 7
10 8
9 4
7 1
5 1
8 5
6 8
9 1
1 9
7 4
5 4
5 3
8 5
5 5
3 7
7 9
2 3
2 8
7 2
8 10
2 9
8 7
4 3
2 10
6 4
6 1
10 9
5 3
9 3
8 8
10 1
7 6
4 3
1 3
6 5
4 4
1 3
8 9
4 3
4 5
2 2
4 2
5 7
3 8
3 1
10 1
1 9
7 3
8 5
3 9
5 6
9 1
3 7
10 10
7 7
9 7
2 5
6 6
6 4
9 4
1 5
2 5
7 4
5 7
7 4
4 7
9 10
4 8
6 3
8 1
10 1
8 3
10 10
1 9
3 1
9 9
9 8
6 8
8 5
6 6
9 6
5 8
1 1
1 8
2 8
5 10
3 5
9 2
8 7
1 6
4 3
3 1
7 4
4 6
8 8
8 1
1 3
7 4
9 1
7 8
5 9
4 7
9 9
2 5
6 7
2 9
3 2
9 9
3 3
4 5
10 10
4 6
1 8
10 6
4 10
9 4
4 3
3 2
8 1
4 3
9 2
5 2
6 2
5 7
10 4
9 3
4 1
6 6
7 6
6 9
4 5
6 3
7 10
4 10
2 4
3 5
5 6
7 3
10 1
10 10
5 9
2 3
4 4
9 2
9 9
2 6
8 4
4 6
7 2
1 2
1 2
6 8
3 2
9 1
7 4
5 1
7 10
10 5
7 6
8 7
10 6
8 3
2 1
6 1
10 4
4 3
3 9
8 3
6 2
2 2
3 4
10 1
8 6
9 4
10 9
2 10
5 10
3 2
1 5
3 10
5 2
8 10
9 4
1 7
6 1
3 2
7 3
8 6
10 7
5 5
7 6
7 1
6 5
3 10
4 7
9 9
2 3
10 10
8 1
6 5
10 2
2 9
2 7
4 9
5 8
2 9
7 1
10 5
1 1
7 3
9 9
2 4
6 5
9 3
8 8
7 6
5 7
1 1
2 6
2 10
4 7
10 4
8 1
7 6
3 1
1 7
1 7
1 1
3 1
10 10
4 2
8 9
10 3
1 2
5 8
8 6
4 5
4 7
3 10
9 3
1 1
4 4
6 7
10 10
9 10
5 9
8 6
1 7
1 8
7 8
5 7
7 10
8 2
4 1
5 10
8 5
3 7
7 7
9 8
1 6
5 4
7 5
7 9
4 9
8 2
9 3
9 8
4 4
5 6
4 3
5 5
5 9
3 5
2 7
10 9
4 4
9 10
2 4
7 8
2 9
5 1
1 2
8 2
4 8
6 4
1 3
5 3
4 3
7 6
9 1
10 6
7 8
4 3
10 5
8 5
9 5
4 10
3 7
8 3
3 6
10 10
2 3
7 6
5 3
2 7
8 5
7 8
9 6
4 4
3 1
8 3
7 4
2 5
10 5
4 6
6 10
3 10
5 7
9 1
4 3
7 1
10 4
6 6
6 8
3 10
8 1
8 10
8 8
8 2
5 1
9 10
6 2
6 9
4 3
2 6
1 10
6 2
2 10
2 7
5 8
7 3
2 8
6 5
2 1
7 5
4 6
7 6
7 7
6 10
1 4
3 4
3 9
2 9
1 8
6 10
8 10
6 5
2 5
10 1
2 7
9 8
9 10
8 9
7 10
7 8
7 2
8 2
5 8
1 9
8 8
8 8
6 6
2 6
6 5
5 9
1 1
1 5
4 3
10 6
4 2
5 3
10 9
8 9
5 4
7 10
7 4
10 1
9 6
3 4
8 4
10 9
9 1
9 5
8 5
8 2
6 7
9 2
9 7
3 2
4 6
4 4
6 10
9 7
4 5
4 8
8 2
9 10
8 1
3 6
4 4
6 2
2 3
2 8
6 10
7 9
2 7
8 9
2 1
5 5
3 3
2 3
9 9
4 10
7 8
2 6
10 9
4 6
4 7
4 4
9 5
3 1
5 2
6 4
8 1
6 2
8 7
9 4
6 2
4 7
6 4
4 10
4 3
7 4
3 1
7 5
2 6
10 5
8 4
9 7
6 8
3 1
7 9
5 3
4 1
8 6
7 1
5 7
2 3
7 6
10 7
8 1
9 5
7 10
10 7
10 4
8 1
8 7
3 8
3 5
4 5
8 5
9 6
4 2
10 10
4 10
3 2
6 9
5 3
4 2
7 9
7 9
8 4
6 4
6 5
3 10
1 6
10 9
9 3
8 1
1 1
6 2
7 3
9 5
8 9
2 6
7 3
5 6
8 3
4 7
3 10
9 2
5 3
9 4
7 4
5 7
5 2
3 9
8 7
2 9
1 2
6 1
8 8
6 6
4 6
2 6
9 3
8 2
8 6
10 8
4 3
3 6
9 6
2 2
10 8
9 6
1 1
10 10
5 3
4 3
7 3
1 6
3 7
5 6
6 7
8 10
3 8
8 10
9 7
6 4
4 10
5 8
10 7
5 8
8 8
9 1
8 7
3 5
7 10
1 4
10 3
7 8
9 1
6 8
9 8
2 3
3 7
6 9
5 8
8 9
3 6
4 5
3 7
3 7
3 6
10 10
2 10
8 10
9 6
9 10
8 9
10 10
1 9
6 6
6 6
6 5
7 6
4 3
4 6
3 1
5 1
6 10
6 8
4 6
10 7
8 9
7 4
3 1
2 7
4 7
10 2
5 3
1 7
4 7
6 10
6 2
10 10
2 9
4 8
6 9
10 1
2 1
5 3
6 9
4 3
5 1
1 7
3 8
3 3
9 6
8 2
9 5
2 9
1 6
9 1
9 1
10 6
5 9
8 2
8 3
9 7
7 2
9 10
1 2
10 9
2 2
10 3
1 4
6 5
5 7
2 8
6 3
2 8
9 7
6 8
10 6
5 4
1 8
8 2
7 9
1 10
8 8
9 3
7 3
4 10
2 2
10 9
9 4
7 1
10 7
5 5
6 4
2 7
8 3
6 6
8 6
6 3
10 10
1 10
10 1
6 3
6 1
7 8
9 10
1 4
2 5
1 3
2 5
3 8
4 9
7 8
3 6
9 1
3 10
8 6
9 7
7 2
8 2
10 5
5 8
8 3
1 7
6 8
6 6
10 2
4 6
7 10
5 6
6 8
7 4
2 10
6 10
8 10
8 3
1 6
8 8
9 8
5 6
9 4
9 3
3 4
6 3
10 7
5 10
1 5
5 6
1 9
5 10
4 7
5 4
1 10
9 6
5 10
4 5
9 2
3 7
10 7
8 5
6 3
7 7
7 7
1 6
2 7
4 2
4 7
8 2
7 1
1 2
5 9
1 2
2 3
2 6
4 5
9 6
6 9
4 1
5 8
4 6
2 10
2 3
4 4
5 8
7 7
3 2
1 2
8 3
6 5
7 5
6 10
2 9
8 3
10 4
8 7
9 6
9 3
5 10
2 3
6 1
7 9
5 4
1 2
8 2
9 4
5 1
3 1
10 9
5 8
8 1
5 6
9 10
6 3
3 2
2 9
8 9
9 1
4 10
10 5
6 1
7 8
6 6
4 9
1 6
6 4
6 10
1 1
9 10
2 5
5 3
7 6
6 7
4 7
4 1
3 9
7 6
4 10
9 6
8 6
8 10
3 10
5 6
2 1
4 8
4 10
5 1
2 8
8 4
2 4
9 5
2 6
8 6
3 10
10 4
2 9
4 1
10 2
5 5
4 2
8 7
9 10
2 10
4 2
10 6
6 6
2 2
10 5
7 10
7 6
9 4
3 3
3 8
2 9
2 3
10 9
7 2
3 10
1 9
5 9
1 7
7 5
7 2
6 4
5 10
6 7
8 4
2 7
4 10
5 9
4 2
1 7
2 8
4 5
10 10
3 8
10 3
1 5
3 3
2 9
5 8
1 8
3 3
6 5
4 9
4 5
9 9
3 3
6 7
1 9
10 8
9 9
10 7
6 1
2 3
8 5
6 9
9 5
3 3
5 7
7 4
7 7
7 9
6 9
7 2
10 2
6 9
9 1
9 9
7 2
6 2
9 6
9 9
5 7
7 3
4 7
5 9
3 2
1 1
4 10
1 7
9 7
1 10
2 4
3 7
10 7
8 4
10 7
2 7
9 9
1 7
9 8
3 10
5 10
8 1
1 2
4 10
2 8
7 1
3 4
9 8
8 5
5 4
8 8
8 10
5 2
1 6
2 9
5 8
9 3
8 1
6 3
1 7
7 3
6 2
4 9
8 5
10 6
5 7
10 3
8 2
10 2
10 10
6 1
9 5
6 2
4 4
6 6
6 7
2 1
8 4
7 2
4 6
6 6
4 7
4 4
10 2
1 3
5 3
7 6
9 7
6 8
1 9
6 7
7 5
1 6
6 4
9 9
3 9
8 9
3 8
9 7
9 10
3 6
6 6
6 8
3 9
4 1
8 9
10 9
4 1
2 10
7 8
1 5
4 3
7 3
8 4
6 7
9 7
8 8
10 6
1 7
7 9
10 4
5 3
8 8
4 2
1 6
6 5
1 9
8 5
8 6
5 1
8 1
10 8
6 6
5 5
3 7
8 2
1 6
9 9
10 10
9 2
6 8
8 5
7 10
9 2
5 7
5 3
2 10
4 5
6 9
4 4
10 3
8 6
8 6
1 10
3 3
7 10
1 3
7 8
8 2
3 6
4 9
5 2
3 5
6 8
2 8
5 3
2 6
3 2
8 7
3 4
6 3
5 7
8 8
10 6
8 5
6 2
6 2
6 9
1 8
4 7
1 2
4 1
1 5
6 4
1 2
4 8
4 9
5 10
8 7
3 4
6 9
2 3
3 3
5 10
3 10
7 2
2 2
7 7
9 5
4 10
4 4
3 6
9 5
9 6
6 8
6 10
4 10
10 10
10 7
6 8
7 7
3 3
3 8
4 2
3 8
8 9
9 10
2 9
2 9
8 3
10 5
6 5
4 5
8 4
5 6
8 8
6 8
10 5
9 2
2 8
1 1
10 2
6 9
5 8
10 6
2 3
7 4
9 5
6 10
3 5
2 4
2 9
10 8
5 7
9 7
10 9
10 8
9 7
1 2
6 3
4 7
7 2
1 6
10 9
9 5
3 6
5 3
10 9
7 3
7 10
6 3
3 7
4 4
5 1
4 7
2 5
6 2
1 9
6 1
3 10
2 10
10 7
2 6
1 3
9 2
3 9
2 6
8 9
5 10
6 6
3 2
7 3
5 7
5 6
5 8
2 3
10 7
4 2
1 8
8 8
5 8
9 5
10 5
7 2
6 3
5 10
1 2
10 8
5 9
4 5
5 5
9 2
9 2
5 6
2 9
3 9
4 1
3 1
6 4
8 5
1 5
10 9
6 8
1 9
10 7
2 5
1 5
9 5
6 9
8 4
2 10
5 6
1 5
3 4
8 5
2 6
6 7
1 8
1 9
5 2
2 6
1 8
7 10
2 3
6 3
10 10
2 10
3 5
2 1
2 7
3 1
9 9
3 4
5 6
3 1
4 3
2 1
2 9
8 9
4 8
4 3
2 4
5 8
3 10
1 1
6 1
1 4
5 5
4 2
6 9
8 4
4 6
1 1
9 1
8 5
5 4
6 8
5 5
2 3
6 6
2 7
1 8
5 5
3 5
6 6
2 10
5 3
4 9
3 2
5 5
10 8
4 1
7 10
4 6
5 3
2 9
10 7
9 7
10 9
8 9
3 1
10 1
10 8
1 7
1 8
9 6
2 1
8 10
1 2
7 5
6 4
9 6
2 3
2 1
4 7
2 9
6 5
3 1
6 4
8 4
9 6
3 7
8 3
4 9
10 1
4 5
3 1
3 5
1 10
10 2
2 4
4 9
4 7
4 5
9 8
7 10
1 7
8 10
6 5
2 1
5 6
4 6
4 1
4 1
6 3
6 7
6 7
7 5
5 7
1 6
1 1
10 1
4 7
2 7
3 10
2 7
8 1
5 6
4 4
1 9
6 3
9 9
9 4
1 3
5 3
10 10
4 7
2 8
2 1
1 10
7 2
10 3
5 10
3 2
8 4
8 9
9 10
8 9
1 3
9 10
5 2
8 5
3 5
8 1
3 3
5 7
6 8
3 5
6 4
3 3
10 6
9 10
3 6
8 8
1 8
4 5
9 10
1 9
4 5
8 1
6 9
7 7
7 8
8 3
6 10
4 2
7 3
3 9
3 4
9 4
9 10
3 1
4 3
4 5
9 8
6 1
4 9
9 9
1 3
2 5
1 5
8 10
4 8
1 2
10 6
3 7
2 9
10 10
8 1
8 6
7 6
1 3
3 1
3 4
5 6
5 8
3 7
4 4
7 1
3 3
8 8
9 10
1 7
6 5
2 1
10 1
1 7
4 5
6 1
9 3
5 2
3 7
1 1
10 5
8 5
9 1
8 5
8 6
5 8
3 4
10 9
8 7
5 8
4 10
6 7
1 10
9 5
4 9
8 9
7 2
5 6
8 9
5 2
8 8
1 5
7 6
3 8
6 6
10 5
9 1
10 7
5 1
7 4
10 2
6 8
2 3
8 3
3 7
6 3
10 7
2 8
4 8
1 5
2 3
10 4
10 10
10 10
10 3
10 2
7 10
6 2
9 10
3 10
9 2
2 3
8 3
9 9
2 9
2 4
4 5
6 1
7 10
2 3
4 4
9 1
1 3
10 9
10 6
4 8
4 3
1 10
1 10
9 2
5 7
6 5
8 9
3 1
7 3
6 6
8 4
6 9
9 5
10 7
2 4
6 9
10 5
10 5
7 5
8 9
10 5
7 10
10 2
8 2
1 1
2 8
5 1
1 9
4 4
9 4
5 7
5 8
6 7
5 8
7 7
1 2
9 9
5 9
4 6
2 8
6 10
6 6
7 7
5 7
7 7
3 5
8 4
7 1
8 6
7 6
8 3
10 6
6 4
5 10
4 9
9 8
7 2
3 1
9 5
2 1
6 4
3 6
1 3
5 7
10 2
4 10
10 1
10 5
4 5
9 8
6 1
6 9
5 3
7 8
10 8
3 5
1 5
4 6
4 2
9 8
4 7
1 6
1 9
2 5
1 3
5 9
4 4
5 7
2 10
2 9
5 6
4 1
8 6
1 7
2 7
5 7
1 9
1 8
6 2
9 2
6 2
5 9
8 5
1 4
7 4
8 6
3 3
5 10
10 5
9 7
3 10
4 7
10 6
5 7
1 6
3 8
8 7
8 10
5 5
3 1
5 1
8 9
2 6
1 7
9 2
6 9
6 4
5 8
7 8
3 8
4 7
8 5
5 3
10 8
9 4
2 9
4 5
4 4
5 4
7 4
3 5
4 2
6 7
4 7
3 1
3 4
1 8
5 6
9 2
7 2
4 5
8 5
10 1
5 9
2 1
8 9
4 2
5 6
7 1
1 10
4 10
5 9
10 1
7 2
3 6
9 1
3 1
5 2
5 4
9 6
5 2
9 4
2 5
4 10
3 3
10 2
4 4
6 8
4 2
7 7
4 2
9 7
6 7
8 4
3 2
5 1
6 8
5 8
8 6
5 9
4 5
5 5
1 9
8 6
7 8
7 2
1 2
8 8
2 1
3 9
7 10
7 1
1 8
10 10
2 9
3 3
9 2
2 5
4 8
5 1
2 9
3 7
9 5
3 8
3 10
1 3
2 8
3 4
2 9
9 8
3 8
5 9
7 7
8 6
3 3
1 9
1 10
9 2
7 8
5 3
5 6
8 4
10 8
7 10
3 7
1 10
3 5
2 9
2 8
6 8
5 5
5 9
1 3
5 4
3 10
10 2
10 5
3 6
9 8
3 2
7 6
1 7
4 8
3 1
2 7
4 7
6 9
9 4
2 2
5 2
4 7
9 3
8 7
2 3
9 1
8 1
9 8
10 5
8 3
7 8
5 7
3 10
7 8
2 9
10 2
2 6
2 5
6 6
7 10
2 4
4 4
4 5
9 9
1 8
2 2
9 4
10 10
1 4
5 2
10 10
10 7
3 3
3 6
3 6
8 1
10 3
10 7
4 4
6 5
4 6
5 5
7 3
8 4
9 5
6 9
3 7
2 4
6 6
10 8
6 1
3 9
8 2
5 1
3 9
3 8
3 5
6 6
1 2
8 2
1 9
6 7
3 4
2 8
9 6
10 3
10 8
8 5
6 1
6 5
2 3
6 3
7 3
2 3
8 10
4 2
6 8
3 5
3 1
2 3
9 10
3 3
5 3
7 7
9 5
1 8
3 6
1 6
6 1
8 5
1 8
3 10
5 7
10 8
3 8
1 9
8 10
6 4
3 4
3 7
9 7
5 7
10 7
9 8
4 4
1 3
1 10
7 7
9 5
6 8
3 7
6 4
10 3
6 3
10 6
1 7
2 6
6 2
7 6
4 4
6 9
9 6
5 5
6 9
7 2
10 1
9 2
2 3
4 10
5 6
6 3
7 7
6 9
6 10
10 3
3 5
4 4
3 10
8 1
7 9
1 5
5 2
10 2
3 7
1 6
1 9
10 2
8 10
9 4
4 6
4 9
2 8
9 8
4 2
6 8
1 8
5 2
2 8
6 3
8 8
3 9
2 5
10 1
10 9
1 5
6 4
5 10
1 5
4 5
9 5
4 2
8 5
3 2
7 2
7 1
9 10
3 5
1 10
10 2
7 3
9 7
3 4
4 5
5 9
5 8
10 9
7 2
6 4
8 10
6 5
8 2
5 3
5 6
6 7
10 3
5 4
5 4
4 2
3 8
1 4
7 8
4 8
6 9
5 7
4 2
10 8
1 8
8 6
8 2
2 9
9 8
6 6
1 5
1 8
4 6
10 8
9 4
9 10
3 8
10 10
3 4
4 7
10 8
9 7
3 7
3 4
10 7
4 8
7 10
2 3
1 4
9 7
1 3
7 2
7 10
8 10
3 6
4 4
3 5
7 3
8 5
8 4
1 3
5 4
4 1
2 4
10 2
10 5
8 6
3 8
8 6
6 6
7 4
5 9
7 10
1 1
5 1
6 2
1 4
1 1
1 2
6 1
2 5
2 5
3 7
1 9
3 7
7 3
9 6
1 4
1 1
4 2
9 5
9 3
4 7
10 3
10 5
7 1
5 7
3 2
2 8
7 6
5 2
8 10
7 10
6 8
4 10
7 8
3 7
8 1
10 3
7 8
4 8
3 6
1 10
5 1
2 6
1 1
6 4
4 3
6 3
8 8
7 7
7 10
10 1
6 1
9 7
5 7
7 4
9 1
8 1
6 10
6 9
9 8
7 10
10 4
2 7
7 10
1 6
2 4
2 8
2 2
8 3
8 2
3 5
4 2
1 7
9 3
9 8
8 5
1 5
6 5
2 4
6 8
10 8
4 10
5 4
7 4
2 10
2 6
4 9
9 1
3 8
1 4
1 7
4 2
6 10
5 6
6 9
6 1
7 2
8 2
2 4
9 8
3 10
1 8
7 3
1 3
8 8
3 9
3 9
7 4
7 1
8 10
4 3
3 4
2 2
5 8
5 10
9 8
1 10
10 8
6 5
2 4
1 10
7 6
8 9
8 2
1 2
6 2
10 5
1 3
7 7
10 9
8 8
2 7
1 10
1 6
6 2
8 8
10 1
1 1
4 2
4 7
2 10
2 2
4 2
8 7
4 4
9 7
10 6
4 6
2 6
10 3
1 7
4 2
7 2
3 6
10 4
10 9
7 9
7 6
6 8
1 7
8 9
4 3
3 8
4 5
1 8
1 5
7 10
5 8
6 1
5 10
2 8
8 9
9 4
2 6
7 9
3 10
7 2
3 5
9 7
9 4
8 4
2 7
2 2
6 8
4 8
8 3
1 1
3 6
8 4
6 6
9 2
9 1
6 6
8 10
7 7
1 8
7 5
2 10
10 8
4 6
10 10
2 3
1 9
3 3
2 8
1 10
3 3
6 8
7 4
4 9
1 5
9 1
7 2
2 5
8 2
10 10
7 9
10 7
8 1
5 1
7 7
7 3
7 7
7 1
7 1
10 7
10 3
3 6
8 9
4 1
4 9
8 4
8 6
2 3
3 7
8 6
9 1
6 10
1 9
7 8
9 8
10 8
7 5
3 9
3 3
7 6
4 9
7 6
4 8
6 10
7 7
2 9
1 6
5 2
9 5
3 3
6 2
1 3
1 7
4 9
4 1
10 3
4 1
8 5
4 4
3 8
8 6
1 5
8 6
2 6
3 3
6 2
5 5
9 6
8 9
10 4
4 8
8 2
8 10
3 1
8 1
2 2
3 1
6 8
6 7
9 5
1 5
6 5
1 2
6 6
3 4
3 8
2 2
9 4
7 3
9 5
2 10
10 4
10 7
7 7
1 10
10 10
6 1
7 4
7 8
5 1
4 8
2 8
6 1
7 9
9 3
3 7
8 1
2 7
2 9
4 10
6 1
3 1
8 5
5 9
6 8
5 9
3 9
6 1
1 2
7 3
4 4
10 5
3 4
9 7
10 7
2 10
3 2
1 7
2 2
10 6
5 7
1 9
2 9
9 8
8 7
9 10
4 10
1 2
5 8
4 2
4 8
8 1
7 6
7 1
3 2
6 9
10 2
9 4
2 9
3 10
4 9
7 1
3 4
8 1
2 8
6 9
4 5
2 1
6 5
3 1
7 9
10 2
9 3
2 2
4 5
3 1
6 1
7 10
9 1
4 10
6 7
9 7
4 10
3 1
1 7
6 8
10 2
7 1
10 10
3 6
10 5
8 2
5 5
5 3
9 9
9 10
3 8
2 8
1 2
8 6
1 10
3 4
4 5
8 4
3 3
7 9
1 1
7 2
7 5
8 8
2 4
3 6
5 7
8 3
1 9
7 7
8 4
1 6
1 4
2 5
6 3
9 1
10 1
9 5
7 6
8 8
5 4
6 2
8 8
8 6
3 10
10 4
3 10
3 9
5 9
6 6
1 1
4 7
5 6
3 2
5 5
8 4
2 10
2 10
1 1
7 2
5 5
9 8
10 6
6 10
4 5
2 8
4 4
9 5
10 6
3 7
10 8
9 9
9 10
9 9
7 10
1 5
8 2
2 10
10 4
7 6
4 3
4 5
4 8
9 7
3 4
5 9
2 4
7 1
5 5
4 5
4 9
3 5
7 6
1 4
9 8
3 9
9 1
5 6
10 10
3 2
3 7
4 8
2 5
9 8
3 9
10 9
8 9
9 1
9 8
9 8
10 5
9 5
6 2
1 6
7 6
2 6
6 6
1 6
9 7
5 1
7 9
3 3
9 10
4 10
6 8
6 10
1 8
3 7
2 7
9 9
10 2
7 3
5 4
7 3
9 5
10 5
7 6
9 1
3 3
6 8
9 6
5 1
1 2
7 7
8 2
6 4
4 6
10 5
9 9
7 6
6 6
8 5
2 8
5 3
2 10
7 7
5 9
2 3
1 10
7 3
2 2
10 9
3 6
3 7
4 3
6 3
9 5
5 4
9 2
1 1
1 2
9 6
9 3
6 8
7 4
4 3
10 4
8 7
4 3
7 6
6 6
9 2
4 5
2 1
7 10
5 9
8 7
8 9
10 3
9 1
10 8
4 10
2 6
4 5
10 1
8 6
1 4
9 2
4 5
5 6
7 6
3 1
5 8
4 6
8 2
3 5
9 2
9 8
2 8
2 1
6 7
4 1
1 4
3 10
4 3
3 9
8 3
4 7
5 2
7 10
10 9
3 9
4 6
5 7
5 1
2 3
8 7
7 4
2 6
8 1
2 7
1 8
10 3
2 2
2 6
3 9
1 8
3 10
10 3
6 2
10 6
6 1
10 10
5 9
9 2
6 2
9 7
2 10
8 1
2 2
3 6
8 10
1 9
5 8
5 5
3 8
3 4
5 9
8 4
9 3
2 10
3 3
1 2
6 10
3 2
3 2
2 8
1 1
4 3
1 10
7 7
1 7
3 3
3 1
10 10
10 2
7 8
1 6
1 3
7 5
2 3
3 9
5 5
1 2
6 2
9 4
3 8
4 2
10 2
10 2
8 9
3 7
9 3
9 10
9 6
4 4
7 1
1 7
9 7
7 10
7 1
2 9
5 3
3 2
4 4
5 2
10 8
10 4
6 1
6 8
6 2
7 10
4 6
3 9
7 1
7 6
8 8
1 4
3 1
5 9
4 3
3 7
9 6
10 6
2 3
9 10
8 2
6 6
5 6
7 1
8 7
1 2
5 7
3 1
7 4
7 4
9 7
1 10
6 2
9 7
1 2
5 6
10 2
8 9
2 1
3 4
8 5
9 7
9 1
2 6
1 2
7 4
8 4
3 6
10 2
8 9
2 5
2 10
5 8
9 7
6 8
7 4
2 10
5 7
4 2
8 8
3 1
8 6
9 7
6 8
9 2
6 5
7 5
8 2
6 8
5 9
1 10
8 1
7 1
1 4
10 1
9 2
8 1
9 8
5 1
9 3
8 4
7 3
6 2
10 1
6 7
10 6
1 10
7 8
9 4
1 2
5 7
2 7
2 2
3 1
1 2
1 1
5 5
1 2
10 10
5 5
3 1
3 2
5 8
4 1
1 9
3 4
1 2
10 8
3 3
7 6
4 1
8 3
3 10
10 3
1 9
10 4
8 9
3 10
8 7
7 7
8 4
2 2
10 2
10 3
3 8
10 1
4 10
2 7
4 5
3 4
4 6
1 10
6 3
3 8
6 6
8 5
7 3
10 2
8 8
5 9
8 1
5 9
1 10
2 8
7 9
4 10
8 8
10 8
9 7
10 10
3 6
4 5
4 7
5 2
2 9
4 2
2 3
9 2
1 1
5 1
4 5
6 1
5 1
5 6
7 6
1 10
4 3
8 9
10 5
9 10
6 4
8 9
6 1
2 3
6 5
1 4
5 9
2 5
1 6
7 4
1 1
4 9
4 2
5 7
1 10
4 7
3 7
6 8
1 8
1 6
10 3
1 6
1 10
1 6
6 8
10 4
4 2
5 2
8 3
4 9
6 6
2 10
4 6
8 5
8 6
4 8
8 1
6 6
3 9
7 4
9 6
3 10
10 9
5 2
3 3
8 3
1 8
10 6
1 1
4 10
6 9
3 10
3 1
1 6
6 5
1 4
3 10
7 1
8 4
4 10
10 10
4 10
9 7
10 8
9 9
9 6
10 10
2 2
2 7
2 5
5 4
8 8
2 4
5 3
10 8
2 6
5 5
10 9
6 3
3 5
10 9
3 7
1 7
6 2
7 9
5 5
10 8
9 6
9 2
5 2
2 5
9 7
8 3
7 10
8 8
6 4
8 4
3 10
10 7
2 7
2 5
9 6
1 3
4 6
3 4
9 2
1 6
8 1
2 7
4 8
8 3
8 3
10 6
3 10
8 2
6 10
6 6
6 7
2 5
8 4
3 6
2 1
4 5
6 3
4 6
6 7
9 10
10 8
9 9
2 7
3 1
10 10
6 5
9 2
3 8
1 6
3 8
1 7
8 4
2 10
1 2
3 4
5 1
9 2
2 9
5 10
8 2
1 4
9 1
9 3
3 3
4 4
4 6
4 4
8 3
2 3
6 6
10 3
8 8
9 8
4 6
9 1
10 2
5 10
10 9
5 8
3 8
6 4
10 8
1 10
3 2
1 4
3 10
5 4
7 9
10 2
5 7
6 9
7 8
5 8
2 7
9 5
4 10
5 6
6 5
3 1
7 7
7 5
6 8
7 1
4 8
3 10
7 8
3 6
4 9
8 1
1 10
7 4
5 4
1 9
7 7
5 8
10 8
8 9
1 5
5 7
5 7
6 7
1 3
6 10
6 2
4 7
2 10
1 3
5 3
2 7
1 4
10 6
3 4
3 10
6 8
8 5
4 3
1 3
7 9
1 5
7 9
8 7
10 5
10 4
9 6
2 10
7 5
6 2
9 2
4 7
2 8
8 6
7 9
5 6
3 8
6 4
4 7
1 1
1 3
2 6
6 4
8 10
9 5
5 9
8 8
8 7
3 3
9 6
8 6
7 6
2 6
1 7
8 1
3 5
3 8
4 6
6 1
6 5
3 1
7 8
7 4
10 6
1 10
6 9
4 5
2 4
8 4
7 2
7 10
2 7
6 1
4 9
7 9
8 3
3 2
5 7
3 7
8 1
9 6
9 10
6 4
3 2
10 6
5 9
7 5
10 10
1 4
9 10
1 7
7 2
4 8
9 8
7 5
6 6
6 2
2 7
3 9
8 3
5 5
3 1
6 3
7 7
1 3
2 7
2 7
6 5
6 1
7 4
8 5
4 4
7 1
1 8
4 2
1 6
3 2
4 8
1 3
2 7
8 7
2 5
2 2
2 2
7 10
5 8
4 1
4 9
2 4
10 8
2 7
3 2
4 10
10 3
8 9
6 8
10 10
4 2
7 2
8 1
8 5
4 1
4 9
8 1
1 3
7 1
5 5
3 3
10 10
3 1
8 2
4 7
9 10
7 3
10 8
3 7
7 1
2 8
7 2
2 5
1 4
1 4
9 3
7 4
2 5
7 3
9 1
9 9
5 8
9 4
8 5
5 6
10 8
3 1
9 4
5 1
1 1
6 2
5 6
6 3
6 8
1 10
6 5
5 6
2 1
9 3
6 2
7 10
3 2
6 5
2 9
3 5
8 6
4 2
9 1
10 5
9 9
8 6
3 9
7 9
8 6
8 9
10 3
9 6
5 6
4 2
8 10
8 2
3 6
4 5
1 7
2 7
5 7
5 3
2 1
2 6
8 10
3 10
5 6
7 7
8 10
7 7
8 2
9 9
5 9
3 6
2 6
9 5
3 10
3 6
6 8
1 6
6 2
8 3
6 1
3 6
10 1
9 8
8 7
10 9
5 1
8 3
1 6
6 1
4 1
6 2
9 4
6 3
8 8
3 8
2 5
10 7
9 6
8 1
1 1
4 4
7 2
5 4
7 2
2 3
9 10
2 6
2 6
1 3
9 1
6 2
10 2
5 4
2 10
2 6
5 8
7 3
5 2
4 7
4 8
1 9
9 6
5 8
2 6
2 3
2 1
6 8
6 6
1 5
5 9
6 2
4 8
2 7
3 4
1 9
1 3
10 5
6 4
9 9
2 3
7 2
1 8
3 8
9 9
4 8
9 1
9 7
5 7
1 5
6 5
10 2
2 4
2 1
10 6
9 10
1 8
7 1
4 6
10 5
2 8
3 10
3 7
2 3
9 6
3 8
5 9
7 9
2 5
1 9
3 1
8 1
10 9
3 3
5 10
10 3
5 8
4 7
4 7
10 8
5 3
9 8
5 7
4 8
5 1
1 4
7 3
8 2
4 1
2 8
10 9
8 5
6 3
4 10
3 10
3 10
10 9
9 4
9 3
1 4
2 4
3 7
3 4
10 9
2 7
5 9
1 3
4 4
2 2
7 9
9 2
3 4
9 4
4 3
1 1
4 7
1 9
1 3
8 2
6 1
8 3
10 7
1 8
6 10
3 8
7 9
4 8
1 10
5 6
6 4
10 7
10 10
10 6
1 5
10 9
1 2
9 5
10 7
7 5
4 7
8 8
8 9
6 1
8 10
3 3
7 7
8 5
5 9
7 8
9 8
3 4
3 8
6 9
8 2
4 7
10 3
1 10
5 6
2 1
1 6
9 4
3 6
7 3
5 10
6 4
1 4
8 6
10 8
1 3
9 3
5 6
1 1
1 9
6 9
2 5
6 4
9 5
9 3
7 5
5 8
6 8
1 7
2 10
6 5
5 2
4 6
3 10
6 6
3 1
9 10
3 1
9 6
1 8
2 8
9 3
3 8
9 1
10 3
3 5
10 1
3 9
6 7
1 10
4 10
3 9
6 2
8 2
8 2
9 10
1 6
6 8
1 8
5 3
10 9
5 7
8 6
7 9
8 8
4 6
9 6
9 4
3 10
3 5
5 3
1 5
2 7
10 3
10 8
2 10
7 10
9 9
4 2
3 2
4 1
6 2
5 10
4 10
2 10
9 3
3 4
6 10
9 1
4 3
7 9
3 6
8 9
6 2
4 9
5 5
7 2
4 10
1 9
8 5
10 3
7 7
1 4
2 4
4 5
10 2
1 5
7 2
8 2
3 9
6 3
5 1
3 4
2 3
10 10
2 6
9 5
10 3
5 2
6 3
9 7
4 8
4 2
5 7
10 9
6 1
4 10
8 10
5 6
6 6
6 10
5 10
1 3
1 4
3 7
7 4
4 10
1 5
3 9
7 7
10 5
4 8
7 4
10 1
1 7
8 10
10 3
8 7
5 8
9 9
1 9
3 8
10 6
10 9
1 2
7 4
2 10
5 3
4 5
6 6
9 6
4 3
7 7
9 9
5 9
2 6
5 3
3 2
10 5
1 9
2 7
3 4
10 1
4 6
3 2
2 4
7 5
5 9
7 6
1 9
4 8
9 8
9 6
2 6
3 2
8 1
9 1
10 7
1 3
1 9
3 7
4 3
9 9
5 3
2 5
5 8
10 6
3 5
3 8
6 1
1 8
8 8
1 10
8 4
3 7
5 2
8 3
5 9
4 6
7 9
9 6
4 8
1 10
1 8
2 9
10 6
5 7
1 3
3 7
6 10
8 6
5 2
2 8
5 4
7 3
2 8
2 2
10 2
2 7
6 2
9 1
8 4
4 8
6 8
1 10
5 4
1 2
10 4
8 9
4 2
5 9
4 8
6 4
10 1
10 5
4 5
1 4
1 7
3 10
5 9
10 6
1 3
6 4
2 8
5 7
8 8
8 2
5 4
10 2
7 1
3 10
5 6
6 1
5 1
9 9
5 8
2 1
7 9
5 10
9 2
2 1
7 2
6 7
3 4
8 2
1 9
10 1
3 8
10 8
5 10
1 1
6 4
1 5
5 5
10 6
3 7
5 6
9 7
2 9
6 1
1 2
3 3
3 7
3 1
8 5
7 6
9 1
5 5
10 7
2 2
2 4
1 6
2 2
10 8
3 8
6 9
7 8
3 5
7 5
10 5
9 8
4 2
7 3
6 5
5 10
1 6
8 3
5 5
3 6
4 3
1 3
1 8
2 6
4 9
5 3
3 3
8 9
9 5
10 7
4 10
1 10
9 5
2 9
5 10
6 7
8 8
6 8
9 6
3 9
6 4
1 1
9 2
5 10
9 5
1 3
9 7
4 5
4 8
1 4
10 2
7 9
2 1
9 3
3 5
2 1
5 7
2 10
5 7
10 8
1 7
6 2
9 6
8 6
5 5
5 10
3 7
5 10
1 2
1 8
5 9
4 9
7 4
7 6
4 4
2 8
10 10
7 8
5 5
9 8
1 9
1 2
10 2
2 10
5 4
2 7
4 4
2 1
1 3
1 8
5 7
2 7
7 3
8 6
8 10
3 5
6 2
1 6
9 2
1 4
4 4
10 7
5 7
9 9
10 10
9 8
9 1
5 10
8 10
7 2
9 9
5 1
2 5
4 1
10 9
4 5
10 3
3 4
6 8
7 8
10 10
7 8
2 4
4 4
9 4
3 4
7 3
1 3
3 1
10 7
9 9
4 1
8 6
9 2
3 6
1 5
5 9
4 5
9 1
6 6
4 3
6 5
7 7
1 4
10 9
8 3
2 5
7 4
7 4
3 7
7 9
5 4
5 8
5 7
3 7
4 5
3 8
4 7
8 4
3 2
9 8
8 10
1 2
10 8
2 2
8 7
10 10
10 8
8 7
1 10
3 8
9 8
7 4
1 2
8 1
2 3
4 9
1 1
8 10
5 2
9 5
7 9
3 2
6 9
1 9
10 9
8 1
5 2
4 9
2 3
8 7
6 4
1 5
9 9
9 5
4 6
9 2
8 6
10 6
3 10
5 1
1 2
1 3
2 7
2 3
5 2
3 9
4 2
8 3
4 6
2 4
9 6
2 10
4 4
5 2
9 6
10 2
3 9
6 9
6 8
3 5
6 4
5 8
1 3
10 7
1 3
7 8
8 9
2 3
1 8
6 5
1 7
2 3
6 1
2 9
5 1
4 3
1 3
6 3
7 10
9 2
6 7
1 10
1 7
3 1
7 3
3 10
6 10
7 1
3 6
6 1
9 6
6 8
10 9
7 10
8 5
1 7
5 2
8 7
7 7
9 7
8 10
4 9
7 7
6 1
1 9
3 6
2 6
3 7
1 6
2 2
5 2
7 4
8 6
6 3
5 9
4 10
5 3
3 4
4 2
1 9
3 7
6 7
2 2
7 3
7 3
4 9
8 6
8 2
8 7
2 5
1 2
4 8
1 10
3 8
5 10
4 4
3 1
10 9
4 8
6 2
1 10
7 7
10 1
6 5
1 4
2 5
8 1
5 5
9 6
7 6
2 8
2 8
4 4
8 6
2 7
6 6
9 3
3 8
6 2
10 2
10 3
1 5
1 3
8 5
1 10
2 5
4 5
6 10
10 10
5 7
5 1
6 2
6 2
4 8
4 4
4 6
7 10
2 10
1 6
3 8
10 6
7 5
10 3
3 8
2 2
6 8
4 9
7 8
10 2
9 9
7 6
1 9
3 1
3 5
4 1
7 1
9 2
3 1
4 10
6 1
1 9
10 5
10 2
10 9
6 9
5 4
2 2
9 7
10 1
9 1
2 9
3 4
9 1
10 5
9 4
6 7
5 7
5 9
8 1
2 4
6 2
3 4
4 6
7 5
5 6
3 8
1 9
10 5
4 8
7 2
4 2
4 8
1 10
10 8
10 8
2 4
3 8
7 4
5 5
4 9
2 7
7 8
7 6
6 2
9 7
8 2
1 2
3 6
8 8
8 5
5 7
1 4
8 4
3 1
9 7
3 2
5 4
5 9
8 4
2 5
3 4
10 9
2 5
7 7
4 9
3 7
1 8
8 1
8 10
5 9
5 9
6 4
8 5
6 8
10 3
2 8
10 5
10 2
8 6
7 6
6 3
1 7
1 1
9 5
1 10
9 6
5 2
1 6
10 1
6 7
10 1
10 8
3 2
10 10
7 5
3 5
7 6
8 7
3 5
3 3
2 6
4 3
10 8
7 7
1 9
1 8
10 9
6 7
1 3
4 3
2 4
4 6
6 1
4 6
6 5
2 4
6 7
7 6
8 10
7 1
2 2
10 3
6 10
7 6
3 8
9 3
5 5
8 5
3 6
7 5
4 4
8 7
1 9
8 10
5 2
1 8
8 1
10 8
8 9
1 3
4 4
7 8
5 8
1 5
1 3
10 4
5 4
8 9
4 9
4 8
2 2
10 10
1 8
3 8
3 1
5 7
5 3
9 9
1 7
6 9
6 6
10 1
5 3
8 2
2 7
4 2
4 3
6 6
1 3
3 5
7 6
10 4
4 10
4 10
7 7
1 5
3 1
1 7
4 9
2 5
6 8
1 1
9 2
8 4
2 8
5 4
10 6
8 4
5 2
1 8
9 6
6 7
10 10
9 6
2 1
2 2
6 5
5 9
7 8
8 9
4 9
9 9
8 1
4 9
6 9
3 10
10 4
1 6
6 9
9 9
3 4
10 6
9 4
5 3
10 8
2 9
3 4
10 9
5 2
4 5
9 5
5 7
4 1
6 4
5 4
9 5
3 7
2 1
6 9
4 2
1 9
4 4
1 5
1 9
7 9
8 1
3 2
6 1
2 5
7 8
10 2
1 8
3 2
10 7
6 2
4 1
1 2
2 4
9 7
7 2
1 5
6 3
6 10
6 10
10 5
1 4
8 2
2 8
5 10
5 5
4 10
3 2
3 2
7 3
2 10
1 3
6 1
2 2
6 1
1 3
6 5
8 2
2 3
5 2
5 8
1 8
2 2
10 8
8 2
9 4
8 8
8 2
4 4
9 9
7 8
1 4
7 10
9 4
9 1
3 6
8 3
1 9
9 1
2 10
1 4
10 1
10 2
6 6
1 10
1 7
5 3
3 4
10 4
10 8
1 2
5 6
10 7
2 2
7 7
9 2
8 3
4 3
3 6
4 10
7 1
7 6
2 9
10 2
3 4
9 9
5 1
10 3
7 3
8 7
4 1
10 1
3 6
10 9
8 5
2 6
8 6
1 1
7 1
1 5
5 2
1 9
10 6
5 1
9 5
10 5
4 9
7 10
7 1
2 1
4 5
9 8
3 2
10 2
3 10
1 9
3 3
4 3
4 7
2 10
3 10
4 7
4 3
3 1
5 1
8 6
2 7
3 9
4 10
8 2
8 3
10 7
5 3
10 7
7 9
3 3
2 2
1 7
9 10
5 4
3 6
4 1
3 10
9 6
4 4
9 7
10 7
4 3
2 7
7 10
2 10
2 7
6 7
2 8
10 2
3 2
9 8
1 7
5 4
8 5
7 5
9 3
7 4
5 10
9 6
7 1
4 8
10 6
10 3
3 2
8 2
3 2
7 10
6 7
2 9
6 9
6 10
10 7
10 1
1 3
8 9
10 6
6 9
2 4
2 8
3 8
8 3
5 8
5 8
7 6
6 1
9 4
2 6
1 9
2 4
7 7
10 9
2 7
5 10
8 2
8 6
3 2
5 3
7 9
3 8
5 4
10 3
2 5
6 3
8 1
10 3
7 7
9 8
5 2
5 10
6 1
5 8
2 5
7 1
10 5
9 3
4 4
7 5
1 2
2 1
5 6
9 1
2 9
8 2
7 9
10 10
2 9
6 4
2 6
5 5
3 7
4 1
6 9
5 5
9 5
2 4
4 10
4 8
2 4
8 4
5 1
8 10
4 10
4 7
7 7
8 4
4 5
2 10
5 10
5 6
7 4
7 4
7 2
5 8
10 6
10 9
5 3
5 6
1 9
9 6
5 6
8 6
3 2
10 9
3 1
3 2
5 3
2 2
6 9
3 10
7 1
6 10
9 2
4 8
1 6
4 8
6 7
9 10
4 9
1 5
2 1
7 3
10 9
4 1
9 5
8 4
4 3
5 2
2 2
9 5
9 1
5 5
6 6
6 7
10 6
9 8
4 1
9 10
2 1
6 5
1 8
5 8
3 4
10 3
1 1
10 3
4 3
1 2
10 4
2 2
8 10
1 4
7 4
4 1
3 7
7 9
7 3
6 9
1 4
6 4
8 9
2 9
2 1
8 8
6 2
7 6
5 7
8 5
1 10
6 8
3 3
9 6
6 10
10 2
1 9
8 7
6 8
3 7
3 7
8 7
6 4
3 8
2 2
1 7
8 7
7 3
4 4
8 9
2 4
5 5
3 5
10 8
1 9
5 1
9 9
8 3
5 9
3 2
1 8
3 5
2 5
8 9
5 9
2 10
1 6
4 6
3 1
9 4
3 2
9 6
8 9
1 5
9 8
1 5
9 4
8 3
9 4
4 4
3 2
2 8
10 4
10 2
10 2
8 3
6 7
3 5
10 10
8 8
1 3
1 10
10 4
3 8
7 6
2 8
1 10
6 4
8 2
7 3
8 4
9 2
7 10
4 2
4 9
8 1
10 1
1 5
4 7
5 2
8 3
9 8
3 9
5 5
4 2
4 8
3 1
3 5
7 5
8 3
10 3
1 9
8 5
3 2
1 2
4 2
7 5
4 9
4 2
9 7
5 6
6 6
3 3
7 7
6 2
2 8
5 7
9 10
10 6
8 4
1 10
6 3
5 9
10 5
5 9
10 4
5 6
9 1
4 10
5 9
5 2
7 3
6 3
10 6
4 10
5 9
3 6
8 4
6 9
9 9
4 9
7 6
10 3
4 2
2 10
6 1
7 2
1 6
5 2
2 10
6 5
1 3
2 7
10 5
2 2
7 2
1 1
9 9
6 8
6 1
9 8
7 6
1 6
5 5
9 5
8 8
1 9
6 7
1 1
7 8
1 2
10 4
8 4
2 5
3 9
2 3
10 3
4 8
4 2
7 1
5 7
9 6
2 10
7 1
7 1
1 1
10 3
6 4
2 5
1 8
8 8
3 4
3 5
7 3
10 8
9 8
1 3
2 9
6 4
9 1
4 1
9 4
2 7
9 7
9 9
8 9
10 5
8 3
1 8
6 4
1 8
10 3
10 9
7 6
7 5
8 4
8 8
3 7
10 1
10 4
2 3
2 1
5 9
7 7
5 6
6 4
5 7
3 1
10 9
8 6
6 5
2 7
2 9
2 8
6 4
5 3
3 3
9 7
4 3
4 2
1 4
1 10
10 4
3 4
9 7
6 6
2 7
3 5
6 8
6 7
4 7
4 4
4 1
6 4
7 3
10 1
1 5
4 2
10 4
8 1
9 3
7 3
8 2
6 10
4 2
2 1
4 2
3 3
6 10
2 5
8 8
8 6
8 7
6 9
1 7
5 3
9 8
8 7
10 3
9 1
3 10
8 5
10 7
2 2
9 10
3 10
8 2
1 6
2 5
4 1
3 4
4 10
6 3
3 6
3 9
9 5
9 6
8 2
10 4
8 10
5 1
2 7
7 7
9 9
7 6
6 4
10 5
9 9
5 9
7 7
2 6
8 3
1 4
2 4
8 5
1 7
7 4
5 2
2 7
2 5
2 7
6 8
5 7
6 4
6 6
3 3
6 8
2 7
2 8
9 5
4 2
7 6
9 3
4 3
7 8
10 5
2 1
6 4
2 5
5 4
4 9
5 5
2 1
9 1
4 9
6 7
4 10
6 8
3 8
7 10
8 9
8 4
7 8
2 6
9 1
2 8
10 2
4 9
1 6
7 4
9 5
4 1
5 1
4 9
10 7
1 5
4 7
5 5
1 4
2 2
10 1
8 9
9 7
2 3
10 1
1 4
9 10
3 10
9 7
3 10
9 10
8 2
7 2
9 1
10 7
8 3
8 2
7 6
6 5
1 5
8 2
10 10
1 8
3 1
1 7
4 10
5 6
4 9
10 8
3 5
10 2
9 8
1 2
10 4
10 8
6 9
9 2
7 8
6 2
5 9
6 8
7 5
1 8
6 1
3 2
10 7
6 5
4 7
10 9
8 9
1 1
3 4
1 2
4 10
5 10
10 8
5 9
3 5
2 9
5 10
6 8
8 2
7 3
6 5
9 5
2 10
5 9
9 8
10 2
4 3
4 7
5 7
6 5
4 5
5 3
5 2
2 2
1 9
1 10
7 1
6 10
1 3
4 1
7 2
1 2
9 3
10 4
2 1
7 1
7 3
2 9
5 1
1 9
3 6
10 4
5 3
4 4
10 2
9 3
1 4
7 5
6 7
7 1
1 3
6 2
2 1
9 1
9 6
5 4
2 7
8 6
2 2
4 4
9 1
1 6
7 2
1 1
8 2
8 4
8 10
6 3
3 3
9 1
2 7
2 7
3 2
4 4
8 9
10 2
8 2
7 9
6 1
8 5
6 10
4 10
10 5
5 8
7 9
8 4
4 7
7 8
3 4
8 10
10 2
5 5
6 9
5 1
1 2
2 5
2 2
2 4
8 2
3 4
6 2
6 10
9 9
5 5
6 6
9 2
5 3
2 3
6 10
6 5
8 6
3 4
4 7
10 7
8 2
9 4
10 8
1 8
1 2
1 2
2 10
4 1
5 1
4 6
7 10
10 8
9 9
8 8
9 2
6 2
2 7
8 10
10 6
9 10
3 5
2 5
1 8
10 2
6 8
1 2
5 5
9 7
4 1
4 7
6 9
10 10
10 2
2 9
10 4
10 10
7 5
6 10
1 3
9 8
2 2
2 6
5 10
9 5
8 1
9 2
7 10
5 9
3 4
8 8
3 4
7 7
3 6
1 10
10 10
10 2
7 6
1 10
10 1
6 8
3 9
2 3
3 5
10 7
7 6
8 3
4 5
7 3
3 7
9 5
5 6
3 5
5 9
7 7
3 4
1 4
10 9
9 10
7 1
5 2
8 1
5 5
3 5
9 8
7 8
6 7
10 9
8 10
7 3
2 6
8 1
2 6
3 2
6 1
4 5
1 6
1 6
5 3
10 3
1 10
5 3
4 9
1 5
6 10
3 5
1 5
1 1
5 2
3 9
1 1
3 3
2 2
5 8
9 6
1 10
1 10
4 9
8 9
2 5
10 7
8 9
5 2
5 8
7 8
7 8
9 2
9 1
6 5
2 4
6 6
4 7
3 1
10 7
10 8
3 7
9 9
7 7
7 4
7 1
10 4
2 8
1 8
3 1
6 6
10 10
6 8
5 7
1 3
5 7
9 7
10 1
9 1
9 4
9 9
2 9
2 10
1 10
1 3
2 10
7 7
1 10
2 2
10 8
8 4
6 8
10 3
1 4
6 5
3 10
1 10
1 5
7 2
8 6
9 4
2 1
1 10
8 4
7 7
5 9
10 7
4 6
6 2
2 2
9 6
8 2
9 5
5 8
3 7
6 5
6 10
2 2
6 6
1 4
1 4
4 2
3 2
6 7
9 5
10 10
8 8
8 5
10 4
10 5
7 8
2 8
3 10
7 8
5 3
8 6
6 2
3 5
1 9
6 5
1 7
6 8
7 9
6 10
8 1
9 3
4 1
1 5
2 10
10 6
8 1
7 2
10 10
6 2
3 10
10 7
7 5
6 3
9 7
9 7
10 9
8 1
2 3
10 7
8 9
1 6
10 10
5 8
4 2
2 10
7 5
6 5
7 6
1 6
10 7
4 1
3 8
8 7
7 4
5 3
9 10
1 1
2 8
9 5
7 9
3 8
3 10
2 9
5 6
1 6
10 10
5 2
2 9
3 9
5 6
6 5
9 10
8 5
7 1
2 10
1 3
2 10
1 7
5 3
3 8
2 6
1 10
9 2
3 9
1 7
10 3
10 9
3 6
2 9
2 2
4 7
9 5
3 1
1 2
3 3
7 3
6 8
6 10
6 6
1 2
2 2
10 10
10 4
2 2
6 3
2 6
3 2
2 8
2 7
8 8
9 3
2 6
3 8
10 3
10 5
8 1
5 9
10 5
8 3
3 3
7 2
2 10
7 3
3 6
1 3
9 5
8 9
10 1
9 9
4 7
6 9
3 1
4 7
10 2
2 8
5 1
4 5
7 1
3 2
9 6
1 8
9 1
5 6
9 8
7 2
2 5
7 9
6 3
7 1
1 7
10 4
10 9
7 4
8 7
10 9
5 7
5 5
3 4
5 10
9 3
9 6
8 9
5 4
5 8
9 6
8 3
10 2
9 4
4 3
7 3
2 7
3 8
2 6
1 4
2 1
3 7
9 4
5 7
6 1
6 6
5 4
4 6
6 9
9 6
3 5
4 3
8 7
1 5
1 1
5 7
2 2
10 6
1 6
8 5
2 2
10 10
9 7
1 7
2 2
6 10
10 7
4 7
1 2
5 4
1 3
6 10
4 8
3 8
6 8
8 1
5 7
10 1
1 7
3 1
6 10
2 7
6 5
4 9
3 8
6 4
10 4
3 4
8 7
4 2
2 7
10 1
8 7
8 6
6 8
5 9
8 6
3 3
7 7
7 5
7 2
1 10
9 2
6 2
10 1
8 5
2 6
1 3
3 9
9 6
5 9
10 9
1 7
1 3
4 8
3 5
10 10
5 2
5 10
7 1
5 3
7 3
2 9
3 7
10 1
9 8
5 1
5 3
9 4
1 5
7 6
3 4
7 6
4 8
2 8
8 6
4 8
8 3
3 5
4 5
8 2
1 7
4 7
10 10
9 10
4 9
3 2
4 2
4 1
7 4
3 7
4 4
10 1
8 8
2 6
3 2
5 10
3 6
7 7
8 2
4 2
1 3
5 6
5 1
9 1
7 1
2 7
3 4
5 2
1 9
7 1
1 9
6 3
4 4
4 9
6 7
1 9
6 4
10 8
6 2
6 8
6 6
7 2
10 6
8 9
7 3
8 2
5 2
4 10
7 4
7 6
4 10
3 8
7 8
5 7
6 2
10 9
4 2
7 10
3 10
9 10
9 1
10 1
2 4
10 7
3 6
6 8
8 5
5 3
7 1
3 6
1 2
7 3
1 6
5 4
4 4
5 5
10 7
8 9
9 7
2 10
9 9
7 10
8 2
10 5
8 8
7 8
5 9
2 1
6 8
5 4
1 6
6 9
6 7
6 3
2 2
5 1
2 10
5 4
1 10
7 3
7 7
9 8
3 3
9 3
4 10
10 8
6 3
5 1
2 8
2 7
5 2
5 3
8 2
1 7
5 9
5 10
1 9
3 1
1 4
5 9
10 9
7 4
7 6
9 2
3 3
3 6
10 6
8 10
1 7
10 6
4 6
2 8
9 7
6 9
10 5
7 4
2 3
9 9
10 4
8 4
1 6
3 1
5 1
7 5
10 8
8 1
1 6
1 6
5 9
9 10
1 10
10 4
2 6
5 5
6 5
3 1
9 6
1 7
9 3
8 10
4 10
2 6
2 6
10 3
6 6
9 7
6 7
5 1
6 2
2 2
8 6
9 7
2 7
4 9
8 2
1 1
2 2
2 4
8 8
6 10
10 4
10 5
1 8
7 1
2 1
8 4
6 7
10 2
3 9
1 7
10 10
10 6
7 8
8 10
1 3
7 7
3 9
8 7
7 4
6 8
5 1
6 5
8 7
6 10
1 1
4 8
9 3
5 6
9 6
6 2
4 6
3 1
3 8
4 3
5 6
2 4
10 1
2 7
7 5
4 10
9 4
5 3
8 4
3 5
2 2
4 4
8 9
5 10
10 4
1 8
4 7
7 10
9 8
5 7
10 8
3 9
8 8
4 9
8 10
8 9
2 10
2 4
7 10
4 3
3 10
2 3
5 5
6 6
6 6
6 9
8 1
2 2
3 6
2 8
9 8
3 3
10 1
4 1
2 1
8 3
5 5
9 7
1 1
4 7
10 1
9 8
2 4
10 6
6 8
4 5
5 6
6 6
10 3
6 4
8 1
10 2
10 9
5 2
2 6
5 6
5 4
7 9
6 2
10 9
1 9
5 9
1 8
4 5
7 5
10 7
3 4
7 2
1 4
2 10
4 10
9 8
5 4
5 5
4 5
5 3
5 6
7 9
6 8
8 9
2 9
9 5
8 8
5 6
1 8
5 1
2 9
9 7
9 6
4 1
8 7
5 2
1 7
10 9
3 6
10 9
5 5
3 9
10 2
6 4
3 5
5 7
1 2
9 3
1 9
4 3
3 1
8 6
7 7
6 4
9 3
1 1
8 9
6 10
6 8
5 1
5 4
10 3
2 10
2 4
3 8
10 8
7 8
9 8
7 3
8 7
3 3
5 7
10 1
8 1
10 2
9 9
4 9
8 4
9 7
2 3
3 2
9 10
2 6
3 3
2 4
1 4
3 1
8 6
10 3
3 2
8 9
10 6
4 6
3 9
1 8
5 1
7 7
7 6
6 6
8 10
3 1
7 10
9 10
2 3
7 1
10 7
8 8
10 7
7 1
6 4
4 9
4 7
1 1
7 4
4 6
9 3
1 6
10 6
7 5
5 5
8 9
4 6
4 8
2 4
5 8
1 10
6 2
6 4
9 4
5 8
1 5
3 4
2 2
6 6
1 6
10 8
10 5
10 6
10 9
3 6
7 4
2 6
4 4
4 1
1 10
7 2
3 5
6 3
4 7
5 1
7 3
4 9
3 2
10 4
7 10
4 10
3 6
2 6
7 2
1 4
1 8
2 5
1 8
1 7
5 3
7 7
4 4
10 3
3 10
4 2
2 3
9 5
3 10
10 3
1 7
3 2
8 8
10 7
1 5
1 3
9 3
2 4
8 2
10 7
5 1
3 8
2 8
7 6
8 9
9 3
9 1
5 5
6 2
3 5
2 1
9 9
9 7
10 3
8 5
6 8
1 1
8 5
8 2
7 5
6 2
6 6
7 1
8 9
9 4
4 7
2 5
3 10
6 1
4 10
6 4
1 3
7 5
7 6
9 1
8 4
8 9
9 6
7 6
10 10
4 2
6 9
10 2
10 10
10 7
4 9
2 10
6 5
10 5
8 7
4 4
7 3
8 6
1 6
6 3
4 2
8 10
8 4
7 5
8 4
7 7
8 2
6 6
9 6
10 6
7 7
8 1
6 9
9 1
4 5
3 9
3 2
3 10
6 1
10 8
8 9
1 10
5 10
8 6
2 6
3 2
2 1
3 6
4 2
6 1
1 4
3 6
9 7
10 6
3 3
7 3
3 3
3 10
4 9
6 8
6 9
8 1
3 8
10 2
4 2
9 8
9 5
3 4
3 4
3 1
1 8
8 1
7 3
4 10
5 1
9 8
5 8
3 10
9 2
8 5
2 10
2 1
10 6
7 10
7 7
1 7
3 3
10 7
9 3
6 10
6 7
5 5
4 3
1 10
7 2
6 4
7 8
7 4
8 5
6 10
4 7
3 4
5 5
9 4
8 7
7 10
10 6
2 6
6 7
9 3
1 3
5 10
1 6
3 2
2 7
1 7
1 7
9 5
2 4
1 2
9 8
2 1
8 8
7 1
6 7
7 3
5 8
3 9
2 10
8 6
10 5
3 3
8 8
4 1
1 9
8 5
5 3
5 2
10 5
7 8
8 10
8 8
2 10
4 5
5 8
8 4
3 3
7 8
1 7
8 2
1 6
6 9
1 2
4 9
9 3
2 6
8 6
10 1
9 6
8 6
9 5
3 6
9 7
5 8
2 9
3 8
2 1
9 10
9 5
8 7
8 7
3 9
10 10
9 9
3 10
3 2
9 4
2 1
6 9
10 7
9 2
3 3
2 4
5 1
10 4
6 8
9 9
7 5
10 6
7 3
5 3
2 5
1 3
8 9
5 4
3 9
3 6
5 9
1 10
4 1
10 4
3 5
5 10
8 10
7 10
2 4
3 7
3 10
8 7
1 4
1 7
3 9
8 5
7 7
1 4
8 1
4 6
9 1
3 8
8 6
3 3
10 7
1 3
3 1
6 6
6 2
7 3
4 4
5 6
4 9
1 3
9 8
1 6
6 4
10 4
1 7
8 2
2 6
2 3
1 4
9 2
3 4
3 2
8 10
4 2
9 1
4 3
4 5
2 2
4 1
3 4
1 5
8 5
6 1
1 10
3 3
7 7
8 1
9 7
6 9
3 1
5 7
4 8
1 3
2 5
5 2
4 6
10 10
6 10
3 6
3 1
1 1
6 4
8 9
8 10
3 6
9 5
10 6
7 3
1 8
8 10
8 5
2 9
10 8
4 10
4 5
7 2
5 3
3 2
10 9
6 4
5 8
9 8
10 10
8 9
7 10
10 4
3 5
6 3
2 1
6 8
6 6
9 4
5 10
10 2
8 4
10 3
3 8
8 6
4 1
7 2
4 10
5 9
10 10
6 1
7 4
3 8
5 3
3 9
5 6
10 4
9 6
9 2
5 1
3 5
4 4
7 7
4 10
3 9
2 6
4 1
10 3
10 1
9 6
9 3
4 3
2 5
1 1
10 3
3 3
5 4
2 6
10 4
10 4
8 5
4 1
8 1
4 9
9 4
9 3
9 6
5 3
5 7
2 10
7 10
5 6
2 1
10 10
10 9
8 7
2 4
6 1
8 8
10 10
1 9
9 6
6 5
6 9
7 2
10 5
7 6
4 10
2 1
10 1
5 2
3 1
6 7
4 3
5 2
9 3
5 5
4 9
7 7
3 6
1 4
10 10
3 5
5 5
3 9
8 5
7 9
9 7
9 3
9 3
4 8
2 9
7 1
4 3
1 9
3 7
5 7
8 10
2 10
3 3
6 6
3 5
4 8
1 2
6 3
7 7
5 6
1 6
10 2
5 5
1 3
7 3
9 7
4 7
7 3
3 6
3 7
9 10
2 6
6 6
6 6
9 9
9 1
5 6
4 4
5 5
7 10
5 10
3 7
4 1
14 15 98
14 12 60
12 17 61
13 18 83
14 13 89
14 18 60
13 17 67
10 10 82
17 14 92
12 20 85
12 10 77
12 18 60
17 17 85
17 14 67
19 17 61
10 13 75
10 19 88
13 16 96
10 18 95
19 18 53
12 11 83
11 14 87
17 10 68
18 20 57
20 12 71
16 17 73
20 15 54
19 15 93
18 13 75
10 14 75
19 18 98
15 12 92
18 19 70
10 10 50
19 10 80
10 16 90
15 18 97
20 19 90
15 11 51
10 17 52
11 10 81
10 14 68
12 16 51
10 18 99
10 10 55
16 16 67
15 13 64
10 17 95
15 16 93
20 17 86
11 20 83
10 17 84
18 17 57
18 13 78
12 19 66
18 19 60
14 19 71
12 14 83
17 10 74
18 17 61
11 20 90
19 16 96
12 12 60
18 17 70
14 20 82
15 11 84
16 15 88
10 12 82
14 16 96
11 19 89
14 11 83
14 18 57
17 16 96
13 13 99
19 15 97
11 12 83
16 19 80
11 20 55
20 14 97
15 10 82
17 15 83
15 10 63
12 19 74
17 16 92
13 18 58
16 10 61
13 10 52
19 14 52
11 13 75
18 10 70
12 20 83
13 14 57
20 13 64
10 10 67
19 11 51
15 16 68
12 11 74
13 16 51
17 17 97
18 20 63
18 17 97
14 16 95
12 15 80
11 10 84
10 16 78
16 13 86
15 13 66
11 13 60
10 12 56
15 15 97
20 10 55
10 18 79
15 10 74
18 16 54
17 11 64
18 15 67
10 10 50
15 18 96
16 15 94
17 20 87
20 10 55
17 20 69
18 20 65
13 16 60
19 18 77
14 10 76
17 18 92
12 17 95
12 11 51
12 14 89
16 13 86
17 19 61
14 19 95
14 16 81
10 17 85
11 17 80
11 20 90
16 15 78
19 15 74
10 17 78
18 12 53
16 14 61
17 20 64
10 19 58
14 13 67
13 13 53
15 10 50
17 14 92
19 17 93
19 18 74
16 11 71
11 20 65
20 15 67
12 11 82
10 14 99
13 11 66
20 20 95
17 18 100
12 20 92
20 20 68
16 18 90
10 20 97
16 17 78
18 20 66
17 13 59
17 10 89
15 13 92
12 17 99
17 12 53
18 17 81
17 12 63
19 10 53
16 19 57
19 19 59
19 16 82
12 10 71
16 18 78
14 16 77
20 18 95
19 17 69
18 10 50
19 16 62
16 14 83
20 20 81
13 12 74
19 11 59
19 11 63
20 12 76
12 13 73
18 12 58
10 20 95
20 15 58
13 13 74
20 14 99
20 20 95
12 13 78
17 17 59
15 14 87
12 15 73
12 12 58
18 16 74
20 10 65
17 19 77
12 13 74
16 12 78
18 10 59
10 18 96
19 14 95
13 17 94
14 16 88
14 13 51
19 18 58
17 12 59
18 20 51
20 11 82
14 15 95
12 10 63
19 14 56
19 20 64
15 15 84
11 13 81
17 19 70
17 15 92
16 14 72
16 12 73
10 18 51
13 16 90
18 12 91
18 13 82
13 20 56
17 17 51
20 17 77
14 18 77
12 10 68
14 11 54
14 12 65
20 16 97
18 14 78
18 15 78
17 12 56
17 10 55
11 10 95
18 11 70
17 13 50
20 14 92
17 14 100
19 20 63
10 20 83
14 12 96
12 18 92
15 10 60
18 10 79
11 11 95
11 11 81
17 17 85
13 14 60
18 18 79
11 15 81
12 20 98
18 17 88
11 20 96
17 17 68
11 11 98
10 19 86
20 18 53
20 15 82
18 14 85
15 20 53
16 17 66
12 16 84
17 17 82
11 11 92
16 12 87
17 20 56
18 15 70
20 12 56
19 15 83
20 14 89
13 19 74
10 12 51
13 15 98
15 16 68
13 17 54
19 10 62
17 16 54
15 11 68
15 18 50
15 20 55
16 18 81
10 15 98
15 14 57
10 11 81
15 20 58
17 17 78
16 13 70
20 12 83
11 14 69
15 11 84
10 13 68
10 13 86
16 10 86
11 18 53
20 17 81
11 20 89
19 11 51
14 20 95
12 18 91
17 18 72
20 12 53
10 20 77
19 14 70
11 18 77
15 20 65
19 12 63
10 17 94
15 10 86
12 20 85
20 20 68
19 13 69
10 10 65
12 16 74
12 17 52
17 18 51
10 15 54
18 13 64
19 13 98
19 19 75
17 19 75
19 10 64
13 11 81
11 19 78
14 18 70
15 12 53
11 13 79
20 16 91
20 10 93
19 14 62
12 18 80
15 16 64
10 18 62
14 18 50
17 20 90
10 13 73
17 14 98
13 16 61
20 10 79
10 10 72
11 15 98
20 15 99
17 12 62
12 16 94
19 11 81
11 18 81
20 14 55
19 17 52
20 11 83
20 10 54
20 10 84
11 16 86
15 15 67
12 20 85
20 15 54
14 11 100
19 15 64
15 14 59
20 18 60
15 12 97
11 18 98
11 12 66
10 17 70
17 18 54
18 18 94
10 18 51
14 20 66
11 18 64
18 13 72
13 18 62
17 16 79
13 11 67
11 15 63
16 18 72
16 15 74
13 19 94
20 11 74
11 20 70
12 13 85
18 20 52
18 15 55
20 13 71
11 20 69
15 15 73
11 10 99
11 15 59
20 13 61
13 18 50
14 13 63
13 10 73
11 10 70
17 17 98
12 13 95
14 10 93
15 13 81
17 18 90
10 17 82
15 20 89
17 15 71
13 12 81
14 14 74
15 19 66
16 11 84
19 19 83
13 17 77
13 10 59
12 16 51
17 11 69
19 14 56
12 11 93
15 15 89
14 13 77
16 19 100
17 10 76
19 19 96
16 13 72
20 13 81
17 14 63
18 12 73
13 14 84
16 11 72
19 11 67
13 11 97
18 19 81
16 15 93
17 10 93
14 11 57
15 10 85
17 16 63
18 14 67
12 15 95
20 11 86
15 11 70
10 20 92
12 17 58
15 15 56
13 20 62
20 19 55
16 19 98
15 15 69
15 18 86
13 16 79
12 17 85
10 10 83
17 12 53
10 11 85
10 19 98
17 17 97
10 20 79
19 18 83
16 11 73
16 20 89
10 16 54
14 19 53
11 17 95
16 16 88
11 14 63
10 17 90
11 14 85
12 20 91
18 11 68
19 18 93
16 19 50
11 16 96
13 12 73
16 15 97
11 13 56
14 11 89
16 12 85
16 19 83
20 16 74
17 14 87
18 17 97
19 19 88
12 20 85
19 15 61
15 10 83
19 16 97
20 16 69
11 18 80
16 13 88
15 18 99
15 11 63
12 12 65
20 10 75
10 10 92
10 10 63
20 19 55
14 19 65
15 15 58
19 15 97
11 20 97
15 13 97
16 17 71
16 15 90
11 12 89
14 19 81
19 17 89
12 10 94
14 12 79
12 17 93
18 19 61
18 20 56
13 10 69
13 20 83
16 11 53
16 16 52
20 17 88
14 13 55
20 15 75
13 14 73
15 20 70
17 11 80
15 18 54
15 15 77
11 11 56
11 10 57
12 18 88
11 14 82
18 13 59
12 18 84
18 19 82
15 17 94
20 15 68
18 13 59
10 18 53
12 11 100
20 18 72
13 12 64
16 15 75
20 19 54
19 18 54
12 11 60
11 15 59
14 13 59
16 16 82
12 17 70
19 15 85
10 17 82
16 15 67
17 15 79
15 12 96
10 12 57
19 11 98
20 12 100
19 18 88
16 20 53
20 13 88
13 13 88
10 18 56
15 20 90
13 10 54
11 12 75
19 14 98
15 10 94
18 17 83
11 16 67
16 19 67
12 20 84
14 10 94
18 11 57
17 12 92
11 11 76
11 15 51
11 12 77
10 16 71
16 12 53
12 14 95
19 16 60
12 10 57
13 18 71
18 18 69
14 13 89
20 20 89
20 17 80
18 11 62
17 11 93
13 18 97
17 13 71
14 17 50
15 20 63
19 13 71
16 10 71
15 15 80
10 15 63
16 10 92
13 10 53
16 12 92
18 16 97
13 15 82
15 19 68
18 19 51
20 12 94
16 17 55
12 17 75
15 11 94
11 12 58
11 11 81
14 15 86
13 13 96
16 17 100
13 15 65
18 19 77
13 17 88
16 20 90
17 10 69
20 15 58
17 10 64
17 15 69
16 18 59
13 12 92
16 20 68
16 17 90
17 15 68
15 16 87
15 18 74
18 16 87
15 18 99
10 17 63
13 17 66
18 16 64
19 18 98
17 19 66
18 15 100
18 14 63
20 17 63
10 10 91
10 17 76
12 15 50
20 20 64
10 17 96
17 15 87
10 17 94
11 15 57
17 19 50
11 10 84
18 15 63
10 20 61
16 14 51
15 14 84
10 16 83
10 16 68
14 17 66
15 15 78
10 16 73
16 19 97
14 20 76
16 11 76
13 19 86
15 10 61
16 12 66
15 13 59
16 17 84
16 19 55
15 10 83
10 11 83
19 11 78
10 17 55
14 17 62
17 19 100
17 19 53
20 16 83
11 10 52
15 20 93
16 16 79
15 14 90
15 15 70
15 10 62
19 18 66
19 11 87
18 18 84
11 14 52
16 17 88
12 12 95
20 18 53
16 18 55
15 20 94
14 13 81
12 13 85
18 11 61
10 16 67
19 17 83
12 10 60
11 10 84
20 16 100
14 18 51
13 11 71
13 18 88
19 10 98
10 19 81
12 16 99
19 12 67
14 17 74
20 20 73
17 17 61
10 17 67
12 15 89
14 11 65
18 16 97
18 15 72
17 19 88
18 20 59
13 19 78
13 17 85
14 17 70
12 14 96
16 19 80
11 15 92
13 11 56
16 18 84
19 12 77
11 12 97
18 18 72
15 11 98
13 17 96
12 11 69
13 19 60
18 11 60
17 17 85
16 13 88
11 15 62
18 19 57
17 17 80
15 11 53
10 10 67
11 18 52
19 14 59
12 17 91
11 18 75
10 19 90
11 12 86
10 11 98
11 11 92
15 18 94
13 10 65
19 12 99
20 10 72
15 11 70
14 18 89
20 20 63
20 15 83
19 14 88
12 19 75
10 18 71
19 17 53
20 13 71
10 10 55
18 12 83
17 14 58
10 19 68
16 12 95
18 13 75
11 18 56
18 18 97
13 10 97
10 13 78
16 18 81
19 17 51
18 10 59
12 19 85
17 11 73
11 19 80
19 11 69
18 17 62
20 12 65
17 13 61
14 20 69
10 18 80
12 19 100
14 12 71
15 17 80
12 13 84
14 19 74
18 16 62
19 18 71
13 16 100
14 13 79
12 20 67
16 16 59
16 20 82
14 13 60
19 19 54
13 14 99
18 14 53
15 13 79
12 19 65
18 14 98
12 18 64
12 15 74
18 15 80
12 10 77
12 11 55
15 17 65
11 13 83
11 13 84
10 17 59
18 13 70
20 10 89
14 11 51
19 10 64
14 18 61
18 15 68
12 16 94
11 14 82
17 12 60
17 11 73
14 17 72
12 12 59
13 20 74
19 18 55
13 19 71
17 15 82
12 10 94
19 18 50
11 14 83
15 20 59
18 13 67
11 20 64
14 19 75
17 17 71
10 15 51
12 15 54
18 18 66
14 14 67
19 18 91
14 12 60
16 15 59
10 18 79
10 13 60
18 16 64
18 14 84
14 16 83
14 19 89
15 15 98
11 16 93
20 19 54
10 10 74
10 13 89
16 14 62
15 17 75
11 13 87
11 14 98
14 15 74
14 10 92
20 14 52
10 13 96
12 15 88
11 10 61
12 18 88
14 10 77
11 11 84
14 11 92
20 16 99
15 15 99
19 16 90
11 17 68
15 10 98
18 16 60
18 15 74
16 11 90
18 19 89
16 17 92
18 15 50
12 20 50
11 15 57
12 17 77
13 11 85
19 18 52
15 19 77
15 11 98
15 15 61
18 10 75
20 16 68
10 15 53
14 11 95
14 10 60
15 14 83
16 17 93
18 10 63
11 12 54
13 11 63
20 10 70
17 10 84
19 11 76
13 11 72
17 10 72
19 18 74
13 17 66
15 13 76
13 13 98
20 12 86
12 18 52
13 13 66
17 16 92
15 17 88
14 18 73
10 19 50
16 13 50
11 17 59
14 14 77
19 15 97
15 13 73
18 13 89
11 10 86
17 13 80
18 12 97
20 12 69
14 15 100
16 12 90
13 11 79
16 10 96
11 12 51
16 15 82
16 17 77
19 17 64
14 16 96
18 16 54
10 15 59
15 14 61
20 14 94
10 20 74
14 13 79
15 20 80
19 20 84
11 20 84
19 11 87
11 14 79
14 11 76
11 11 93
16 10 63
11 20 89
15 19 80
13 11 97
18 13 95
14 20 66
15 17 93
18 11 87
13 13 62
20 10 76
19 14 75
19 11 80
13 12 88
18 20 84
13 11 82
15 10 71
10 10 55
15 18 80
16 18 100
10 13 85
19 19 53
16 11 95
12 20 77
17 19 98
19 20 88
20 13 98
17 11 67
17 18 66
10 15 83
20 10 96
11 12 67
16 13 100
16 16 83
17 20 52
16 13 84
20 10 65
12 15 53
13 20 70
16 10 80
12 10 50
13 16 68
15 11 70
12 15 89
20 17 52
20 19 86
13 20 53
15 19 96
14 13 95
12 12 95
13 10 61
16 11 57
13 13 80
16 19 63
15 19 76
20 17 57
13 18 95
14 20 54
17 18 74
18 13 82
19 12 73
16 16 66
14 11 69
13 18 100
20 19 50
17 14 92
11 10 68
16 19 82
16 15 65
19 18 56
10 17 71
15 19 66
16 13 99
10 12 92
13 14 87
10 20 52
13 14 95
12 20 71
17 15 75
17 14 51
11 10 94
16 11 57
15 10 52
17 17 68
18 14 83
15 13 56
11 11 65
13 10 86
18 18 97
11 18 55
15 17 81
15 11 51
15 20 83
14 15 83
13 19 53
19 19 80
14 14 81
14 20 89
10 18 96
12 19 62
15 13 67
19 17 87
20 18 96
13 16 72
14 11 61
11 10 76
15 17 84
20 10 62
12 10 92
19 15 78
19 13 79
13 17 78
12 10 72
11 20 90
12 14 65
12 20 68
12 15 81
18 19 64
16 15 64
11 10 65
14 17 81
13 16 59
12 10 72
15 19 70
10 11 57
18 11 55
12 15 69
20 14 72
15 18 66
19 11 71
13 18 50
11 17 100
16 19 83
15 19 97
13 12 86
12 12 52
15 13 65
19 11 62
13 16 96
11 15 66
17 20 61
20 20 65
20 19 77
11 20 82
16 19 58
12 15 71
13 16 65
19 15 89
17 12 75
19 18 85
10 14 90
20 20 79
18 18 64
16 17 91
18 12 73
10 20 73
13 17 70
16 16 69
17 18 61
20 15 50
14 19 65
19 12 91
16 10 82
19 11 69
15 13 73
17 19 71
16 14 76
16 18 83
16 17 61
13 13 89
18 12 87
18 11 96
18 13 51
20 19 87
18 11 89
13 11 63
19 20 85
20 16 95
19 15 74
17 17 64
11 12 96
20 12 98
19 19 91
13 14 69
20 12 63
13 10 94
15 15 73
20 19 96
16 16 72
14 10 98
18 19 96
13 20 56
14 17 86
19 10 97
17 17 61
11 10 90
16 15 68
15 15 78
18 12 100
18 12 82
16 14 68
14 13 99
19 14 96
20 15 63
11 13 72
18 11 74
11 17 98
20 10 92
10 16 58
14 14 98
16 12 91
18 13 88
18 11 76
10 10 70
16 11 98
11 19 91
19 16 87
19 18 63
20 13 71
13 12 58
17 20 98
18 16 85
16 13 64
17 20 76
11 11 74
13 11 88
17 14 99
18 13 96
18 17 59
15 10 65
11 20 90
12 17 56
12 12 85
16 15 79
10 10 100
15 19 100
19 12 78
18 17 68
20 12 58
20 20 74
18 10 90
17 20 70
13 12 53
15 16 53
20 16 85
20 12 53
14 15 85
13 12 77
17 17 56
20 10 55
11 19 81
16 20 74
14 10 95
15 16 90
14 19 57
10 12 100
14 14 78
17 15 89
13 12 69
14 17 66
16 18 98
14 17 53
14 13 84
16 18 55
18 10 94
14 20 68
17 10 97
14 11 78
17 14 87
16 14 98
20 11 67
17 15 88
20 10 85
18 19 63
16 14 66
16 13 99
19 19 81
16 14 55
12 20 63
19 16 94
19 20 75
15 11 90
18 19 76
15 16 76
18 20 63
12 14 63
10 14 64
13 16 65
11 20 69
12 18 64
15 17 80
20 10 58
11 12 80
19 13 58
15 13 94
18 12 59
11 12 88
16 15 89
10 17 87
17 12 59
12 16 66
10 19 82
15 11 84
20 17 92
14 11 85
12 12 63
16 18 97
19 14 88
18 12 51
18 16 51
12 14 64
13 10 98
16 12 81
13 15 56
15 10 74
11 20 60
16 11 60
18 13 97
12 12 63
19 12 78
12 18 61
12 12 80
15 11 81
20 18 97
20 16 80
17 10 93
20 17 83
11 19 67
16 13 87
17 10 89
17 19 78
15 15 75
20 11 85
12 19 100
20 11 97
20 17 74
16 15 51
11 10 52
16 14 98
12 15 98
17 19 68
13 14 92
18 12 86
16 15 50
15 18 66
15 14 95
15 18 79
19 11 82
12 18 65
11 11 54
16 14 66
19 17 50
15 12 75
14 20 53
13 15 94
18 13 89
10 10 93
20 16 53
17 14 74
12 12 71
14 18 56
18 13 81
19 12 94
13 18 52
18 17 78
17 11 63
13 20 87
15 13 63
15 10 65
20 18 73
20 14 92
15 10 73
19 15 79
10 12 64
13 13 57
10 18 94
12 16 84
14 15 74
14 13 88
17 15 57
11 10 78
17 14 77
11 20 75
13 18 76
16 12 82
14 13 88
11 14 52
15 15 68
13 10 89
12 17 55
12 19 72
10 15 97
17 14 76
18 14 92
14 19 57
15 13 76
12 18 80
17 11 57
11 15 84
18 13 87
16 14 61
18 13 75
13 11 70
15 10 76
13 11 63
19 17 82
18 15 58
20 19 91
17 14 71
15 12 85
14 19 66
12 17 51
18 14 77
19 15 80
20 13 56
19 11 52
12 16 91
11 12 92
14 16 73
18 19 78
12 19 62
14 17 74
11 16 81
13 20 60
10 17 88
18 18 77
12 17 69
13 15 76
11 19 71
17 13 87
19 15 68
12 19 51
14 13 61
16 16 89
14 17 68
17 15 67
10 13 92
13 20 87
15 15 82
10 11 64
20 15 71
14 10 75
18 15 96
13 20 61
11 12 79
12 15 89
16 17 77
19 15 98
17 16 97
12 13 71
20 20 80
20 12 81
14 10 75
10 10 62
17 16 92
17 12 71
19 15 56
13 12 54
10 11 55
15 13 80
19 20 92
18 11 69
15 14 68
13 11 94
18 14 90
16 14 73
13 19 59
19 18 63
12 16 51
17 12 67
13 19 77
10 16 88
14 13 81
11 20 74
19 14 51
19 12 68
17 17 59
18 14 70
12 13 67
14 20 91
11 10 58
13 11 87
18 14 67
18 20 65
13 20 61
19 10 92
15 17 50
10 10 92
14 20 57
10 12 56
10 16 68
10 13 64
11 14 88
11 17 86
18 14 56
16 16 86
10 17 64
16 11 99
17 10 95
16 11 97
10 15 75
10 13 72
18 15 53
10 10 64
11 13 81
17 20 70
11 13 73
15 12 57
19 15 68
12 20 91
13 18 73
12 20 89
15 14 59
20 11 61
16 19 100
15 16 80
10 20 75
11 10 92
15 20 64
14 16 95
10 12 100
15 16 62
19 17 100
12 19 87
18 11 93
20 13 93
18 19 91
11 10 53
16 15 98
18 13 91
19 16 76
13 19 87
15 19 85
12 13 62
13 12 68
18 14 68
10 10 82
20 20 80
16 13 54
11 14 64
12 19 68
17 13 70
10 18 69
18 17 58
12 13 69
15 20 51
18 17 58
16 17 87
15 11 78
20 19 82
17 18 54
13 10 95
15 13 73
18 10 54
11 17 95
10 12 74
16 14 54
16 10 82
10 17 90
12 11 78
13 11 96
20 16 68
19 10 69
18 11 65
15 11 73
11 14 74
14 18 67
16 11 99
13 12 61
14 16 63
16 19 81
10 19 66
17 17 53
11 20 76
13 19 52
14 14 86
12 10 63
18 12 64
11 14 65
19 14 53
17 13 58
18 16 76
11 16 61
11 20 75
20 12 53
11 12 56
19 13 65
11 11 57
14 13 68
10 16 50
15 11 84
19 14 69
19 20 84
14 13 89
15 13 63
12 20 65
14 18 81
14 13 85
18 17 90
15 12 55
19 11 67
15 15 95
15 20 62
12 15 82
10 14 88
18 19 52
15 19 94
18 16 85
17 18 75
18 18 51
19 14 75
12 16 73
18 14 65
10 17 74
13 11 70
16 13 90
17 11 100
13 16 99
16 15 97
12 17 74
18 15 54
20 17 94
18 20 76
16 18 90
16 16 61
16 20 69
11 20 93
18 11 54
18 10 55
19 16 87
19 19 71
18 16 56
14 12 87
11 16 81
17 11 69
17 19 98
19 17 64
19 13 97
14 12 74
13 16 85
14 17 98
10 16 95
10 14 88
11 17 51
10 10 75
16 16 71
15 13 63
10 17 81
15 11 99
12 12 52
20 19 59
20 19 88
15 19 98
20 14 69
11 16 71
14 15 92
17 20 86
16 12 64
16 17 56
12 12 85
20 12 92
14 20 67
12 12 67
15 12 97
10 19 89
13 11 98
15 16 73
19 14 56
14 16 77
12 20 87
12 17 57
16 13 85
20 14 82
16 16 89
11 12 86
15 20 81
18 10 93
13 18 79
12 13 82
11 12 92
11 13 50
17 14 73
15 12 60
11 15 65
13 16 55
19 20 98
20 15 65
15 12 50
17 18 76
18 17 88
16 11 74
19 13 83
14 17 76
15 11 95
12 16 96
15 20 71
11 15 92
14 12 89
16 14 60
11 12 90
18 16 51
11 12 60
10 15 98
20 15 80
15 14 100
17 14 92
20 19 50
12 10 52
17 11 66
14 11 75
14 11 63
18 10 55
13 20 71
18 13 57
15 10 61
16 10 50
10 15 73
20 20 59
18 15 61
19 16 67
14 17 92
13 18 50
10 13 94
16 11 86
17 15 80
17 11 94
17 17 78
16 14 91
16 18 51
20 13 94
10 14 97
13 20 63
20 18 79
11 17 86
19 18 63
19 17 91
12 17 86
12 18 93
20 17 66
14 19 63
19 10 72
14 12 63
10 19 94
14 17 97
13 13 69
20 14 86
18 19 62
10 19 95
11 12 58
15 18 83
12 16 98
12 15 90
11 12 71
18 18 81
13 12 99
10 20 77
11 13 98
15 18 66
16 15 60
16 20 50
10 15 68
20 15 64
10 16 67
17 14 63
11 20 91
13 15 94
15 11 65
15 20 79
12 19 60
11 12 62
19 19 91
19 14 98
19 15 94
19 19 65
13 16 98
18 18 77
19 14 94
19 20 54
17 20 72
12 10 74
19 15 86
20 20 53
10 14 94
15 12 81
16 14 57
18 18 59
10 17 86
10 18 88
10 12 58
10 10 73
19 17 73
10 17 60
13 15 59
16 14 94
11 15 84
17 17 91
20 17 70
19 13 91
10 16 61
15 19 88
17 15 61
13 16 59
17 15 91
10 20 69
11 20 58
10 16 80
17 12 83
14 13 62
17 19 82
16 11 62
18 16 72
16 10 70
11 11 82
18 11 79
15 10 82
10 13 55
17 17 84
10 16 79
18 17 78
10 11 84
12 14 94
15 20 95
12 13 97
10 16 54
17 13 89
16 14 93
14 18 99
14 14 73
13 18 97
19 16 90
20 12 62
14 15 90
12 13 62
12 18 90
10 12 58
17 12 81
13 13 51
10 14 85
19 13 85
17 20 100
18 20 73
15 20 91
17 12 79
12 20 51
11 14 78
17 11 99
16 18 76
19 15 83
17 18 56
20 13 100
20 18 70
16 20 89
14 11 51
11 19 94
20 16 63
12 19 67
13 15 100
16 13 67
19 19 50
19 15 51
11 20 66
19 15 53
19 17 68
17 14 78
20 16 93
17 16 50
20 18 92
17 16 74
11 10 86
13 20 55
12 13 94
16 14 90
11 16 60
14 16 75
13 10 92
20 14 50
16 10 93
18 16 78
15 18 96
10 11 76
15 10 54
15 19 66
15 14 51
10 15 75
14 20 100
17 19 70
17 13 95
14 11 54
14 20 73
10 13 51
20 17 62
15 13 73
10 19 96
19 13 69
18 16 86
19 13 79
13 11 80
10 20 65
15 19 67
17 11 61
15 15 73
20 20 97
14 20 84
18 14 55
20 16 56
17 14 68
18 10 99
14 19 56
12 16 91
20 15 91
14 16 62
10 18 55
14 12 79
10 12 66
12 14 60
15 10 73
11 17 77
19 18 71
16 11 58
16 17 96
18 14 86
10 18 92
20 12 57
12 19 57
11 15 74
20 13 74
17 18 77
12 19 74
20 10 66
17 18 71
13 12 77
15 20 83
11 17 55
15 12 96
16 13 75
14 13 89
14 10 96
10 10 98
12 18 87
16 17 89
19 11 54
15 17 69
16 20 88
13 16 88
16 14 88
16 15 60
15 15 76
14 14 69
14 10 84
14 10 51
19 11 90
17 13 50
12 12 72
12 20 56
10 17 65
10 16 69
17 15 91
13 19 62
11 20 75
10 12 80
16 18 53
11 17 77
15 20 67
11 20 50
10 14 88
14 14 89
10 10 97
10 12 75
15 16 76
11 13 69
20 13 67
12 18 96
10 10 88
20 13 54
18 20 85
19 16 78
17 10 88
10 20 80
11 17 63
17 10 67
11 16 96
20 14 90
17 15 96
15 18 63
20 18 70
14 17 84
12 15 70
18 13 98
12 16 61
18 14 59
10 17 66
13 18 70
13 10 96
19 14 50
17 11 51
14 20 85
20 13 79
14 15 58
12 15 57
19 20 69
19 12 67
10 12 52
20 20 95
19 11 89
10 13 82
15 10 62
11 18 84
20 10 71
15 14 91
13 11 50
11 16 68
16 11 55
16 12 74
10 20 50
15 13 93
10 14 89
15 14 83
16 12 81
14 18 89
16 13 75
12 15 63
13 20 93
11 19 83
13 11 97
13 14 68
16 16 85
10 11 82
15 10 72
13 16 75
10 20 63
15 14 73
16 12 57
16 16 93
11 11 88
19 18 66
19 20 62
11 13 55
17 10 64
11 18 78
12 20 91
20 12 86
12 13 94
19 13 71
18 17 65
17 17 100
12 18 96
19 19 99
12 14 58
14 19 52
12 17 85
16 20 52
13 10 89
16 12 65
15 13 88
11 10 51
12 11 100
13 11 85
19 12 68
14 18 75
18 15 83
12 12 71
12 11 83
17 19 56
19 11 53
11 19 70
18 17 91
15 17 58
20 20 91
19 12 55
17 19 82
17 14 95
12 19 89
12 14 52
19 11 92
13 19 81
16 16 75
19 10 98
20 20 67
14 19 70
19 13 53
10 10 77
10 18 64
12 13 98
11 15 95
14 16 60
18 17 71
12 15 68
15 12 82
11 17 59
11 14 87
18 18 76
13 13 62
15 17 50
13 10 74
19 14 55
14 19 90
14 16 56
19 15 69
11 12 59
19 18 100
11 19 95
18 19 78
14 13 68
13 12 64
15 16 60
20 19 56
15 20 77
18 12 63
18 16 56
12 20 65
19 16 84
14 17 51
19 16 99
12 10 61
11 13 56
15 10 52
13 10 99
17 15 69
12 11 78
13 16 77
13 13 55
18 19 69
12 20 55
20 15 64
17 16 96
16 12 88
13 19 53
14 13 51
10 11 86
16 12 85
18 12 64
10 15 78
16 18 68
20 16 96
18 16 86
15 18 86
14 18 55
15 18 94
11 13 86
18 12 66
19 16 87
12 14 91
13 15 70
11 10 95
10 19 60
12 20 61
10 13 56
17 20 69
20 10 87
10 12 72
20 16 79
15 16 53
16 16 68
10 17 70
12 14 88
13 19 52
10 11 76
12 19 82
13 17 78
11 13 51
11 13 90
16 17 79
16 10 70
11 14 82
15 16 63
16 10 77
16 14 59
14 10 98
18 20 78
14 16 96
19 18 54
10 17 80
12 12 55
20 14 61
10 12 60
14 16 58
14 16 52
17 16 76
12 13 70
13 12 66
14 10 78
18 10 73
17 12 69
19 12 63
19 19 91
17 13 87
20 18 93
12 11 98
19 14 80
12 14 55
18 18 60
17 18 90
12 18 67
19 20 91
17 14 60
20 11 68
13 12 77
11 11 69
18 20 76
13 13 74
17 11 85
16 13 50
16 13 88
19 11 87
13 15 70
16 17 61
18 10 55
17 10 60
13 13 62
17 20 75
10 20 88
17 12 72
16 17 71
15 15 76
19 20 51
20 15 74
14 16 71
12 11 62
19 15 56
11 17 90
20 10 53
10 13 55
19 12 65
12 20 73
14 20 99
13 19 97
13 15 56
10 10 83
10 18 86
14 12 58
17 20 75
20 18 50
18 13 67
15 20 64
20 12 72
10 16 87
14 18 78
17 13 53
15 11 96
19 19 97
12 14 86
14 20 67
14 19 97
16 15 82
12 15 99
15 20 71
15 18 75
18 18 55
20 13 91
16 14 62
17 11 73
20 13 77
13 11 82
20 13 52
13 18 76
18 13 52
17 10 87
20 14 89
17 20 63
16 12 75
13 13 71
16 13 58
13 19 52
12 12 58
16 18 57
18 14 53
11 19 73
11 19 70
10 12 74
13 13 52
10 20 58
20 10 69
13 16 65
17 14 55
10 13 74
19 11 80
18 14 55
16 12 66
10 11 79
14 15 66
17 20 72
12 20 53
16 15 99
19 20 58
20 16 96
18 18 52
19 11 61
16 14 64
14 10 54
17 16 79
14 11 52
18 13 80
20 15 89
13 19 88
17 10 77
15 16 62
13 19 83
20 20 74
12 14 59
20 11 62
12 13 55
14 19 64
10 20 85
18 10 89
13 19 86
14 15 90
10 11 95
14 11 50
17 12 95
10 13 74
19 14 72
13 16 88
15 18 70
19 18 56
15 12 83
18 11 67
15 15 67
12 17 53
12 20 99
13 11 82
15 13 54
19 12 72
10 19 89
20 10 90
14 18 94
15 19 86
10 10 89
11 10 62
18 19 98
11 15 61
19 20 98
16 19 69
15 15 57
11 13 56
19 19 93
14 20 90
12 19 50
13 19 56
10 13 64
10 15 95
18 20 71
13 20 70
14 15 63
14 20 74
10 15 98
19 20 53
18 19 85
18 16 92
17 16 56
13 15 78
19 11 96
19 20 80
13 19 62
14 19 68
20 12 71
10 14 100
13 15 73
14 15 51
17 20 83
10 11 58
20 19 65
13 16 64
12 17 69
10 10 96
12 10 85
18 12 74
11 10 66
15 19 66
16 15 58
18 14 99
18 13 69
19 14 97
13 11 68
18 18 55
18 11 81
20 11 61
15 19 81
14 16 66
12 14 86
17 20 88
15 10 97
19 18 59
20 20 67
10 16 86
20 18 80
13 11 80
20 16 84
17 12 94
10 12 57
19 16 68
14 19 87
15 20 67
10 15 58
10 15 80
10 15 84
10 15 74
19 16 73
20 11 63
19 13 77
16 13 57
10 10 98
16 12 96
16 18 87
17 15 98
17 20 77
17 18 87
17 11 58
12 15 89
17 16 51
16 20 53
11 16 98
11 16 70
19 15 79
15 13 80
16 10 68
18 18 88
14 17 90
17 11 57
10 16 69
14 14 61
19 17 51
11 20 95
11 10 58
11 11 97
16 15 52
11 15 54
17 13 88
15 15 86
12 10 95
14 18 100
20 17 55
16 16 70
11 14 74
13 14 81
10 14 59
11 10 60
17 18 58
11 15 93
19 15 61
17 16 51
14 12 64
18 15 74
14 15 81
15 16 91
13 19 59
16 12 72
20 20 53
16 17 76
15 15 92
18 17 86
12 10 58
11 19 64
19 19 67
20 11 59
12 12 55
19 19 88
11 20 51
16 14 65
16 18 89
10 12 55
16 14 98
15 12 72
14 13 75
12 20 98
14 10 95
16 12 82
12 10 51
15 15 79
16 17 54
16 19 95
16 13 54
20 13 67
10 18 54
14 20 89
15 15 97
12 12 70
16 19 59
18 13 96
15 12 96
10 15 89
19 10 67
15 14 91
20 15 92
13 13 75
19 17 64
13 14 51
12 13 57
17 13 89
18 10 82
18 18 54
20 16 73
14 18 98
16 14 80
20 17 64
16 13 100
13 12 100
12 17 54
17 10 52
20 15 94
19 13 97
17 13 75
17 14 64
10 20 59
10 16 60
14 19 66
10 16 79
18 16 52
11 17 71
12 16 56
17 20 70
20 20 95
17 16 63
16 19 81
14 13 100
17 17 90
10 13 50
12 16 76
11 18 69
16 11 85
12 20 77
16 20 59
12 16 62
10 20 65
16 20 60
14 13 64
12 14 68
11 20 91
20 11 81
14 19 51
13 10 73
14 14 68
18 20 78
18 17 82
13 10 52
10 16 90
20 14 71
18 10 53
14 14 80
14 13 84
14 10 90
17 10 85
17 16 80
20 10 57
15 12 94
11 19 82
11 19 83
10 15 66
11 10 68
10 14 91
15 15 94
14 18 94
17 19 99
15 20 50
15 12 54
11 14 92
19 19 84
20 14 67
12 19 59
12 18 99
12 20 87
13 13 95
14 18 80
17 20 78
18 20 54
14 18 100
19 15 100
16 11 55
13 11 90
19 15 64
18 13 58
18 16 61
12 16 98
12 18 86
12 18 51
18 13 83
19 19 73
11 13 93
13 16 58
20 12 74
10 11 94
20 19 75
10 18 63
17 15 52
13 18 91
11 16 83
14 18 87
11 13 54
14 18 78
11 17 68
17 14 74
15 19 75
20 17 53
13 18 85
15 13 85
19 13 86
17 14 91
16 16 54
10 17 100
18 18 98
20 18 72
13 14 80
17 17 70
11 19 92
17 19 64
20 16 80
13 14 60
12 16 91
10 16 64
14 20 55
14 15 59
20 12 61
10 15 70
15 18 87
12 19 97
15 12 94
11 17 62
17 16 96
19 19 99
13 20 57
14 13 61
19 20 89
16 20 72
18 11 57
14 11 92
18 14 83
16 11 76
20 18 70
20 13 89
14 12 82
14 11 70
16 16 64
10 16 70
16 15 78
11 10 69
10 13 75
10 11 58
12 16 77
14 18 77
20 15 61
10 15 70
20 17 67
20 11 72
20 11 71
16 12 99
12 12 70
15 15 98
18 14 64
15 14 70
11 10 96
20 18 60
20 14 96
15 20 90
10 18 69
14 16 70
19 15 98
20 15 56
20 12 65
13 13 77
18 10 83
15 11 57
11 17 89
13 17 51
13 13 95
11 12 68
20 14 79
20 11 92
19 12 91
17 20 92
20 11 56
19 17 51
11 19 71
10 17 84
17 19 92
14 16 91
12 11 70
12 18 52
18 17 69
17 14 52
18 11 70
12 20 69
17 19 83
13 12 94
11 15 69
18 11 80
20 16 91
20 11 53
12 17 82
15 11 56
11 12 65
18 16 66
17 20 97
13 19 99
11 19 95
17 10 92
15 11 98
11 18 94
13 15 97
17 11 67
12 15 60
15 12 77
15 11 93
10 19 71
13 20 88
12 17 98
19 12 94
19 17 67
15 19 82
17 13 61
13 16 64
20 19 81
14 10 82
12 13 97
18 18 86
14 13 67
20 13 84
11 20 100
20 19 88
13 14 64
20 15 97
18 10 73
11 14 85
14 10 79
14 13 62
15 15 57
15 19 71
19 13 78
16 19 98
19 11 53
14 19 100
19 12 89
20 18 74
