850 1700
9 1
1 9
5 4
2 4
6 3
6 1
3 5
6 6
2 9
3 9
10 8
1 7
5 7
3 9
2 4
6 2
8 3
5 9
7 4
6 1
3 3
8 1
6 10
2 9
7 5
4 1
1 6
3 8
5 10
8 7
2 8
6 4
3 1
5 2
1 1
5 2
6 3
8 3
5 8
1 6
6 7
6 7
8 10
3 10
9 1
10 7
3 8
1 6
10 9
2 2
8 10
6 8
5 7
9 1
5 7
6 3
10 10
5 1
3 3
10 4
2 1
7 3
2 4
9 9
7 7
9 5
10 5
10 2
10 5
8 6
4 6
6 6
10 3
5 1
6 7
5 5
9 3
3 10
5 9
1 9
1 4
4 7
8 9
2 1
3 4
1 2
10 2
5 1
6 7
7 4
8 1
3 6
4 3
4 5
10 7
8 1
6 4
5 8
6 6
5 8
4 1
6 8
7 3
4 4
5 5
3 5
3 4
2 4
9 3
5 4
9 1
2 3
5 8
3 5
8 4
4 3
10 2
5 8
2 4
4 10
10 1
1 9
9 10
7 6
5 6
8 4
3 1
8 5
7 7
7 3
1 10
10 4
9 2
8 8
6 1
5 7
4 8
8 2
5 2
4 8
9 5
1 5
9 10
9 1
5 5
1 4
2 10
3 6
9 1
2 6
9 4
9 3
10 5
8 10
8 10
8 5
3 7
5 4
8 5
6 9
3 5
7 8
3 4
10 3
5 8
6 10
5 5
9 1
4 5
10 8
1 7
8 8
8 5
1 6
10 5
4 5
8 4
6 7
2 7
7 1
4 4
4 8
2 7
6 10
7 4
8 7
9 4
7 7
8 4
2 10
10 7
1 9
2 8
2 9
1 1
6 1
7 8
6 1
4 2
3 6
8 7
1 9
7 1
10 1
6 8
10 7
6 3
5 7
4 7
6 9
4 2
7 6
4 7
7 10
6 2
6 6
1 2
1 1
5 3
2 6
1 7
8 9
3 10
8 8
10 2
1 5
10 1
4 5
9 6
6 3
3 6
10 3
7 5
7 4
2 1
8 4
9 9
8 6
10 4
5 8
3 3
1 2
1 9
3 2
4 6
2 10
8 1
5 2
9 6
9 2
9 3
9 5
7 8
3 5
7 2
6 7
10 2
7 10
2 7
3 5
9 8
6 10
1 7
7 2
4 6
5 10
2 5
9 8
4 2
6 3
9 6
8 1
5 4
6 9
5 7
3 7
10 10
3 4
7 4
1 8
4 6
3 3
8 3
3 6
4 6
1 6
7 1
10 1
6 7
3 8
2 8
7 9
3 10
10 5
2 8
5 9
1 1
6 10
1 8
7 5
10 4
2 7
8 5
10 1
7 2
10 3
2 6
9 8
1 8
3 4
2 3
2 6
5 7
1 8
8 4
2 7
3 5
7 8
9 6
5 1
2 9
2 8
2 6
6 8
1 9
6 1
3 3
3 8
6 2
7 1
1 7
3 8
1 4
1 5
2 6
6 10
6 1
4 5
1 1
10 4
8 4
7 5
6 10
5 4
7 2
1 9
7 1
9 7
6 9
9 3
9 6
2 5
1 2
10 10
4 10
4 1
1 8
1 3
1 2
5 2
4 6
7 10
2 3
8 5
10 8
3 4
6 4
5 7
3 8
5 10
8 1
7 1
6 9
7 4
10 8
2 4
5 2
5 1
9 3
9 6
8 5
9 1
5 6
10 2
9 6
5 1
7 3
5 4
3 2
4 7
6 4
6 2
1 3
4 9
1 8
1 7
10 6
6 9
3 5
4 5
10 9
3 9
1 1
2 8
7 8
1 4
8 9
1 1
5 4
6 10
4 9
7 8
1 10
8 9
10 9
7 2
2 5
10 7
7 10
6 4
9 2
4 2
3 10
10 9
5 4
6 10
5 3
9 3
2 8
7 1
2 10
7 4
6 6
5 3
3 4
3 10
6 6
2 10
5 5
2 3
5 6
6 10
6 5
3 3
7 8
10 5
5 10
6 9
5 10
4 10
8 6
7 10
9 9
10 3
10 3
10 2
3 8
3 7
9 9
9 9
3 1
3 7
9 9
4 1
5 2
1 1
2 7
9 10
5 5
3 8
3 6
1 8
9 5
6 10
6 3
2 1
4 4
8 4
1 7
7 1
1 2
4 7
8 8
7 3
1 1
3 2
4 1
6 7
5 6
7 5
10 10
10 6
10 6
6 7
4 4
10 10
3 1
6 5
9 3
3 4
5 2
3 4
8 7
7 5
1 7
3 7
8 7
10 4
6 10
3 6
1 6
6 8
6 1
5 7
8 7
3 6
1 4
9 1
1 6
5 6
6 10
9 9
5 2
1 7
7 4
1 6
6 2
8 8
10 4
4 9
3 2
9 7
7 8
6 8
1 2
5 9
3 2
1 7
3 10
8 10
4 5
9 2
9 4
5 8
7 7
7 9
1 7
3 2
9 6
4 8
9 5
9 9
3 3
10 5
10 5
5 4
5 8
8 2
4 7
7 7
8 10
8 8
7 3
10 6
4 3
8 7
9 7
9 10
7 1
4 8
2 6
6 8
9 9
7 8
10 7
6 8
7 5
3 2
2 5
6 2
7 7
10 3
8 1
5 6
8 6
10 10
10 3
1 7
1 3
2 2
2 4
8 2
2 7
5 3
1 3
9 6
8 5
1 6
10 6
9 9
10 10
4 3
1 10
6 6
7 3
6 8
3 9
7 8
2 2
8 7
8 7
9 4
5 4
4 8
1 4
6 1
7 5
9 4
2 10
10 8
3 8
3 9
7 9
3 7
3 4
4 9
1 4
3 6
6 10
6 4
10 6
6 4
5 7
3 2
6 1
4 1
2 6
8 2
2 2
8 7
4 3
9 4
9 8
5 10
3 5
4 5
1 3
4 2
6 5
5 8
7 7
8 6
8 4
8 4
3 4
5 9
9 6
4 7
10 1
8 8
4 6
8 2
4 8
8 1
6 10
2 2
4 9
6 10
8 1
2 9
1 10
3 5
1 3
2 10
10 3
6 7
7 2
8 10
4 10
5 5
7 4
2 10
6 1
4 6
8 5
10 10
9 8
9 10
4 3
4 6
4 1
7 10
6 6
7 8
9 4
8 9
6 9
4 2
10 3
5 4
4 3
8 10
4 7
1 3
2 6
5 4
4 10
6 5
8 7
8 4
7 10
5 10
7 4
9 7
3 9
9 10
5 10
3 3
3 8
8 8
4 6
3 5
8 2
4 7
7 4
7 8
4 10
6 7
6 3
9 4
5 1
5 2
8 2
10 8
8 5
10 1
1 6
1 10
1 8
1 1
2 2
9 3
3 6
9 9
10 5
6 9
9 6
7 2
3 8
4 7
5 1
4 6
7 6
6 8
7 9
7 8
8 3
3 8
10 4
4 9
10 5
10 10
9 9
6 3
7 1
9 9
10 7
9 9
7 2
10 4
5 6
3 5
10 6
6 4
3 7
8 1
5 7
10 9
8 6
8 4
8 3
4 2
10 3
6 9
4 7
6 1
1 7
3 9
10 2
9 7
9 10
10 3
7 6
2 5
2 2
9 2
7 3
1 1
2 8
6 8
2 10
5 4
5 1
9 3
1 8
8 3
10 8
7 9
2 3
5 8
3 1
4 1
7 10
9 4
3 5
7 4
8 9
10 9
6 1
1 8
8 10
2 8
5 3
7 9
7 5
3 3
2 3
3 5
8 5
6 5
3 3
7 9
5 2
5 9
5 10
8 3
9 2
10 4
4 4
4 10
2 2
10 3
10 8
10 10
3 2
7 8
7 3
9 1
1 9
4 7
18 14 77
12 16 97
15 16 50
18 11 78
18 20 61
10 17 57
13 10 85
18 13 64
17 14 90
18 16 54
13 11 58
17 16 95
17 13 57
16 10 70
20 20 80
14 18 52
19 12 54
16 16 91
19 19 94
12 14 75
20 10 91
15 14 85
19 10 96
15 14 78
11 10 98
12 10 71
17 19 50
11 17 87
15 17 78
15 19 83
17 17 81
15 14 55
17 10 93
20 18 54
18 20 81
11 15 59
13 12 86
17 20 99
16 15 73
15 11 83
15 19 69
14 12 84
20 11 61
15 14 84
10 18 53
18 18 75
13 17 70
12 15 95
11 18 71
11 13 64
10 12 99
20 15 85
17 16 84
18 11 79
14 11 56
20 18 56
20 18 77
19 10 59
13 12 96
17 12 83
19 10 81
20 14 80
20 12 98
15 17 52
17 14 68
13 15 97
17 20 70
11 15 65
19 19 77
19 19 99
15 13 96
17 18 90
13 19 76
19 18 100
15 15 87
17 13 75
15 13 82
12 20 65
14 14 63
20 10 74
13 19 55
13 16 59
11 17 81
10 11 89
10 12 83
16 19 50
11 15 63
11 14 74
16 11 64
11 18 84
18 17 71
19 16 82
15 18 90
16 18 59
19 10 89
11 13 97
11 12 75
15 12 87
17 18 71
10 17 55
16 12 89
18 11 88
15 16 85
13 20 95
11 15 96
17 13 75
10 11 77
12 19 70
10 14 96
12 20 72
13 15 67
15 13 72
14 15 99
17 14 89
13 14 59
20 17 68
13 14 82
18 19 100
18 15 52
18 13 52
17 14 64
14 13 78
15 11 66
11 16 86
11 12 57
13 12 52
16 19 93
17 14 81
16 15 71
20 11 78
16 17 70
12 13 79
19 12 72
13 16 91
18 18 87
10 14 99
20 19 79
14 14 72
11 12 58
16 11 96
18 18 72
12 10 74
16 20 59
20 12 63
11 20 65
14 13 83
20 17 59
16 11 68
16 13 57
18 12 64
11 12 82
13 17 78
20 20 77
15 17 84
16 10 93
12 15 95
17 20 63
16 14 51
10 16 80
16 10 60
16 17 94
19 18 75
14 13 90
13 18 75
16 10 96
15 15 58
15 16 69
16 16 85
15 19 78
10 10 98
19 12 86
14 10 93
20 15 56
16 12 75
11 20 73
16 14 60
20 15 74
16 10 85
19 16 54
14 14 93
15 16 83
14 17 66
14 10 78
19 13 82
20 17 84
14 12 54
11 20 64
19 19 60
11 17 87
19 12 91
12 10 81
20 13 89
20 12 73
14 19 63
14 10 57
16 12 65
10 20 67
10 19 87
17 11 74
18 15 85
15 13 54
17 20 64
12 11 91
12 12 59
16 11 87
17 11 74
17 10 98
19 14 58
11 12 58
19 16 55
19 14 84
13 12 56
17 12 90
15 10 65
18 20 64
16 20 65
16 19 57
20 19 65
11 18 54
12 20 97
17 10 56
12 16 60
15 20 75
11 16 91
13 10 89
16 17 89
14 10 100
20 15 77
11 12 66
16 10 74
12 19 64
18 15 61
18 15 93
18 11 92
20 12 91
12 13 63
13 10 53
16 19 89
20 10 60
17 11 56
20 14 84
12 18 79
16 16 56
14 17 92
12 16 64
17 15 55
13 14 59
14 14 58
18 10 71
13 10 89
14 11 92
16 10 56
14 20 65
15 13 99
11 16 59
20 10 68
15 10 58
14 17 96
17 17 82
19 16 97
11 17 71
11 15 56
19 11 90
20 10 60
13 19 66
16 18 52
19 20 50
13 16 73
11 11 92
15 16 86
12 16 56
17 20 51
11 14 54
16 14 98
16 18 56
14 17 76
13 14 64
20 10 66
10 18 86
11 10 83
20 10 57
11 16 50
20 14 68
13 12 51
13 18 76
16 13 75
19 10 93
18 13 56
14 11 60
20 10 61
11 10 80
18 17 71
20 17 65
10 15 94
20 19 87
13 14 100
20 10 99
20 14 63
13 12 62
12 14 64
11 12 83
17 12 51
14 11 65
13 10 62
14 15 83
15 19 78
18 16 97
20 11 76
12 14 100
10 16 74
19 15 64
20 13 75
18 19 63
13 15 72
11 12 55
15 14 90
13 15 100
10 12 60
20 14 96
12 14 52
12 13 99
12 12 66
12 15 88
19 18 83
17 18 89
16 10 66
16 14 70
15 14 64
14 19 56
13 20 79
20 12 50
16 17 80
19 10 50
11 18 80
19 16 73
11 17 53
20 12 68
13 19 92
16 20 56
11 13 81
10 11 76
20 11 97
17 12 72
15 20 70
20 16 72
13 15 75
13 11 65
11 20 88
12 14 55
20 10 95
20 17 91
17 11 87
10 12 86
14 13 57
11 12 61
18 11 69
11 10 58
15 19 51
16 19 98
20 18 63
20 16 58
14 10 63
16 12 70
17 17 74
16 15 89
10 18 94
15 20 51
18 16 58
13 16 77
11 15 95
14 16 61
18 13 100
12 18 98
16 20 72
18 20 50
11 18 54
10 20 70
10 12 64
11 20 50
13 15 66
11 15 63
17 13 87
14 19 66
16 18 59
20 19 77
14 20 65
19 15 64
13 17 78
19 11 59
18 20 72
15 17 70
15 16 65
14 14 78
12 13 62
15 17 76
17 14 87
19 14 98
12 18 90
14 17 99
11 10 94
16 14 56
11 10 52
15 10 82
16 10 87
17 16 72
15 14 72
18 12 70
14 15 86
13 14 61
13 18 93
10 11 74
18 11 51
14 16 64
14 17 65
14 15 72
19 18 94
13 20 54
20 20 90
13 14 87
20 10 61
12 15 55
10 16 90
16 13 54
12 17 78
11 12 71
14 10 97
18 11 77
17 15 92
20 16 73
10 17 91
15 11 63
11 20 91
19 16 52
10 15 90
11 14 92
11 15 56
20 18 75
11 17 83
19 14 55
13 10 78
16 18 53
12 18 52
11 20 76
19 17 70
18 20 99
11 11 100
15 18 61
13 17 78
18 13 88
20 14 95
18 20 95
19 18 90
14 18 81
14 19 74
11 19 77
12 16 97
13 19 83
20 15 58
20 11 52
19 11 95
18 17 51
14 15 93
11 19 72
16 16 72
20 10 61
10 15 93
19 10 56
19 11 66
14 16 54
12 20 73
13 19 70
17 15 54
10 11 76
17 12 55
14 19 82
12 13 86
19 13 67
16 19 78
19 13 64
15 10 50
15 10 50
15 11 67
12 20 98
17 15 65
12 17 86
14 20 67
13 18 75
19 15 83
17 10 71
14 10 83
16 18 87
10 10 97
18 13 100
13 14 52
16 10 91
15 12 75
19 10 61
18 15 93
20 13 97
19 12 56
14 20 94
10 12 86
15 11 81
10 14 51
14 13 71
20 20 100
13 15 100
10 20 93
13 12 50
17 20 84
18 13 68
12 16 88
14 16 80
19 11 63
18 12 86
17 10 98
14 18 91
12 11 78
15 19 96
15 19 75
20 11 62
14 13 100
11 17 81
17 15 81
18 14 54
14 20 84
16 14 73
11 15 63
11 16 91
18 14 91
15 17 91
13 11 82
19 17 55
18 15 54
13 18 53
13 17 52
12 17 97
13 11 89
20 11 75
17 20 80
17 20 57
19 11 93
18 18 88
10 16 67
20 10 67
15 10 67
15 18 56
10 17 80
12 10 61
11 18 85
11 17 66
20 11 72
17 11 81
19 20 76
13 13 50
17 11 87
20 15 87
15 16 63
11 15 95
13 11 94
14 12 77
13 14 75
11 19 59
15 18 98
14 20 68
15 14 90
12 10 94
20 20 51
11 10 99
12 19 58
20 16 98
11 11 55
14 18 98
19 10 78
16 14 93
13 20 51
15 11 75
19 17 65
13 12 69
17 16 87
19 20 93
18 11 80
13 17 87
20 13 82
19 18 69
16 13 100
16 20 72
16 12 89
18 11 67
17 19 93
19 16 86
15 11 81
19 14 50
14 15 71
18 19 74
17 15 98
20 17 66
18 18 63
13 11 92
20 20 100
20 17 81
18 14 62
18 11 52
13 13 51
17 16 76
17 14 84
12 12 90
11 20 82
15 15 76
18 10 83
19 20 51
14 12 76
18 12 61
19 11 53
17 15 54
11 11 75
13 13 79
10 20 98
19 12 94
12 19 52
15 16 83
12 14 87
19 11 53
11 16 67
15 19 73
14 16 69
11 14 74
14 14 93
13 13 93
12 19 94
11 14 81
12 10 82
13 16 86
10 17 54
18 10 74
17 19 67
12 12 100
19 14 81
13 13 54
15 12 74
20 20 54
16 15 97
17 10 85
11 14 60
19 17 97
11 16 81
13 13 75
10 12 91
12 11 97
16 11 62
10 18 91
16 10 62
12 15 60
19 20 80
19 15 62
15 17 83
13 15 54
17 15 55
18 18 85
18 16 74
17 10 92
19 10 55
12 19 81
11 19 65
14 17 79
13 11 77
20 14 58
15 14 96
16 16 54
11 18 51
18 11 95
15 14 60
16 20 64
15 19 82
10 18 100
13 14 66
17 11 83
20 17 86
11 18 96
19 15 90
12 14 64
14 20 93
12 20 61
18 12 85
11 10 65
18 15 64
15 18 88
16 19 69
16 18 53
12 19 67
12 20 50
16 17 78
17 13 76
16 13 51
10 15 85
12 10 57
11 10 51
15 18 85
16 20 78
16 12 95
18 20 57
15 11 82
13 19 62
12 13 64
16 17 54
15 18 75
10 16 76
13 11 77
19 14 67
14 10 73
18 14 94
15 10 76
20 16 87
16 15 54
15 17 62
10 16 55
14 12 73
17 17 72
20 15 76
19 10 56
15 16 54
15 13 92
12 10 82
16 20 65
15 16 87
18 18 93
17 14 58
15 17 86
15 15 75
14 15 60
10 12 51
11 10 53
16 16 98
13 10 81
14 18 87
18 18 84
13 13 79
14 18 60
11 12 68
14 16 78
17 15 78
10 19 54
18 14 60
14 13 91
13 10 83
16 12 84
13 15 71
15 14 67
18 16 53
18 17 75
17 19 86
20 11 54
19 14 92
11 18 65
13 15 86
11 18 79
17 14 90
12 15 72
17 16 79
14 12 59
12 15 97
16 15 74
20 17 99
10 13 79
13 18 65
13 14 61
20 15 68
17 20 95
20 13 60
18 20 93
12 14 99
11 18 90
13 15 98
11 18 80
14 11 59
18 19 77
12 20 99
12 17 55
16 18 82
11 18 83
19 19 97
14 19 90
13 12 56
17 15 96
17 13 100
20 12 89
19 17 54
12 12 68
14 13 87
16 13 61
11 11 60
18 20 74
19 19 60
19 19 97
15 18 99
19 17 77
20 14 75
19 17 63
11 18 58
14 13 59
15 18 75
12 17 84
15 15 97
11 16 90
15 13 69
12 12 85
20 10 52
15 19 84
10 14 97
12 15 80
11 19 61
10 13 91
13 17 94
13 11 90
19 17 79
17 16 88
18 14 98
13 10 94
18 12 97
14 12 83
14 11 99
10 13 97
19 13 68
16 10 94
10 10 93
13 17 62
15 11 67
16 15 68
19 11 62
10 10 63
12 18 74
19 15 88
17 15 99
12 17 79
13 18 82
16 17 89
15 16 52
18 17 54
17 12 51
19 13 93
18 18 79
11 12 74
12 10 81
10 11 79
17 12 99
20 12 81
11 14 53
12 13 78
11 14 56
16 17 80
11 14 73
13 18 66
19 16 63
16 13 94
16 13 61
19 11 100
10 12 54
15 18 56
13 13 100
15 11 58
18 16 84
12 20 96
18 18 68
12 11 79
14 16 96
10 14 61
18 12 85
10 15 92
18 11 57
19 11 89
15 13 93
16 13 57
13 20 97
16 20 72
11 18 65
17 18 84
18 19 70
17 10 87
18 12 80
10 13 80
12 17 62
11 10 50
14 11 58
18 10 52
12 16 59
17 17 89
20 15 78
12 20 73
14 20 66
11 14 96
18 19 77
16 16 63
11 14 73
15 20 51
13 17 91
10 17 68
20 12 69
11 20 74
16 16 60
13 14 68
20 13 74
15 13 100
16 14 98
10 15 68
14 11 61
14 20 57
16 19 91
12 15 73
13 17 98
20 15 64
20 16 67
20 15 81
17 17 75
14 10 73
13 11 81
15 15 77
16 16 60
18 20 78
10 16 58
19 10 86
14 16 88
17 20 56
18 15 84
12 17 60
16 10 54
19 15 84
12 15 91
10 17 53
14 13 78
12 14 57
17 14 71
14 17 83
17 12 70
15 16 98
11 11 57
18 19 66
15 16 57
12 12 52
12 17 59
17 17 54
14 20 81
10 18 64
11 14 76
13 19 79
19 16 59
19 14 100
11 11 59
13 12 89
10 11 56
16 17 93
13 11 98
16 16 64
17 19 63
11 15 55
15 15 97
15 10 64
12 13 72
14 15 85
12 12 98
15 14 91
10 14 74
15 20 62
20 14 66
12 10 68
12 11 68
11 20 51
18 13 62
15 14 87
20 18 80
10 20 67
12 14 61
18 20 76
12 12 70
12 17 57
16 10 99
14 14 71
17 15 71
17 11 80
18 10 81
11 14 100
16 14 85
10 10 88
16 15 60
17 13 87
17 15 55
20 14 89
17 20 98
12 14 88
17 15 85
11 16 79
10 17 52
17 13 57
18 14 85
19 12 92
19 14 58
15 16 76
17 18 76
11 19 72
12 10 65
18 11 61
20 19 63
14 12 68
15 18 83
12 15 94
19 14 71
10 15 72
15 11 96
19 18 89
14 15 92
20 11 80
11 11 67
17 16 95
10 13 75
20 10 57
16 13 51
10 12 92
17 17 96
17 14 54
15 17 83
13 20 70
19 11 96
20 18 92
18 11 50
19 15 50
20 17 88
16 20 56
20 14 59
15 17 53
11 17 93
13 17 65
14 17 60
20 14 52
16 11 73
12 11 53
14 10 78
16 12 94
12 13 91
18 20 94
15 14 64
19 18 76
18 17 73
10 13 78
13 16 86
20 18 94
20 14 82
10 11 67
12 16 68
13 14 96
11 11 87
17 11 64
17 18 82
17 13 66
13 12 88
14 12 86
12 12 68
20 20 85
17 15 84
11 19 95
11 11 94
16 10 66
13 13 60
16 11 57
12 10 52
18 15 96
20 19 73
20 14 97
18 14 82
17 17 88
10 20 59
11 12 92
20 11 77
20 17 56
11 20 60
14 12 59
10 14 87
10 19 75
13 16 56
12 10 93
12 14 69
13 10 67
19 19 77
20 14 54
14 11 72
14 10 81
16 18 89
20 10 100
20 19 94
13 13 93
20 17 90
14 19 62
18 11 59
16 12 86
17 12 72
13 15 89
17 11 96
12 14 88
11 12 54
15 11 53
16 20 52
19 12 59
16 10 92
17 13 81
10 16 63
10 14 86
12 15 94
15 10 84
12 10 70
10 15 70
18 18 93
18 10 89
11 14 77
19 11 75
17 11 84
14 15 62
15 13 61
16 15 98
16 11 61
16 13 84
11 10 56
14 16 55
13 12 92
19 18 81
14 12 53
13 10 76
13 11 79
17 11 58
15 19 90
12 10 60
19 12 91
20 10 55
14 19 99
20 15 98
10 19 84
10 19 99
17 19 98
13 18 95
11 19 89
11 15 88
20 16 94
19 13 94
11 11 84
17 11 57
20 16 71
10 15 87
16 13 73
14 18 92
11 16 51
10 10 93
20 10 87
18 15 69
14 17 85
16 12 77
12 19 84
14 18 51
19 17 87
11 14 62
13 19 63
17 10 57
16 15 83
12 19 76
18 20 92
18 16 81
11 18 98
19 17 74
10 18 98
12 13 86
12 11 80
17 12 82
17 19 97
10 10 57
14 18 67
15 15 94
17 13 70
20 16 71
14 19 59
17 17 98
15 19 86
11 15 56
18 15 85
10 10 95
18 17 68
11 14 56
14 11 95
15 12 84
19 15 90
14 20 92
12 10 67
12 20 67
12 11 53
17 13 97
17 16 54
18 19 62
15 16 53
15 14 75
16 10 51
12 14 75
10 13 76
12 12 52
16 19 86
16 19 58
19 19 99
14 11 95
19 20 75
19 18 92
20 20 66
18 17 100
19 12 97
18 13 79
13 10 67
14 10 52
11 11 72
13 10 75
11 12 99
12 16 74
18 20 75
11 16 62
19 14 68
12 12 81
18 10 71
13 10 54
11 20 96
19 12 93
20 11 71
19 17 82
15 13 65
17 12 67
18 18 82
19 10 75
17 19 69
18 18 56
19 20 61
18 12 63
11 10 58
14 10 96
13 11 54
12 20 66
11 16 70
18 18 75
16 19 65
15 20 93
17 13 80
10 10 56
11 20 61
19 14 51
20 13 89
11 20 51
19 16 72
20 10 50
13 12 63
13 11 89
11 19 50
12 19 89
10 18 89
10 15 65
12 17 52
12 16 97
11 12 71
12 18 83
16 18 53
20 11 96
13 10 60
20 14 82
11 16 52
20 17 91
20 14 74
13 14 65
19 20 99
18 18 55
16 13 70
18 12 72
11 12 97
18 10 57
17 16 69
20 20 96
12 16 50
11 14 92
16 16 71
14 16 100
15 17 93
15 10 89
19 13 97
17 14 56
13 14 76
13 18 100
18 18 80
10 11 57
16 13 61
11 12 58
10 18 96
15 13 81
13 11 60
11 11 98
14 13 92
18 17 72
13 19 71
18 19 62
15 11 56
20 18 96
11 10 85
17 12 66
18 17 72
12 19 84
20 14 52
16 14 72
19 13 68
15 20 73
17 13 51
18 10 100
19 20 55
10 13 57
10 13 95
11 16 93
16 17 83
15 10 78
17 18 98
19 20 99
11 11 59
10 18 51
20 15 77
16 18 57
11 10 53
16 14 70
15 19 50
11 11 83
16 12 90
14 12 87
13 16 85
10 18 78
14 14 87
18 13 60
11 16 60
18 11 59
19 14 59
17 17 58
13 17 94
15 16 97
17 11 94
17 20 77
10 20 62
10 14 68
12 18 63
17 11 60
18 20 91
13 15 64
17 20 89
15 12 50
11 18 89
17 17 81
16 13 92
14 11 55
20 17 56
12 11 93
16 17 69
13 12 58
19 18 76
13 12 68
18 16 63
16 15 71
10 14 80
18 14 50
12 14 62
11 13 97
17 15 81
19 11 81
15 17 99
13 15 86
10 10 91
10 16 100
16 14 58
17 13 74
20 15 73
14 16 91
12 10 53
19 10 53
12 17 91
16 18 79
16 14 89
13 12 88
15 11 84
20 10 71
10 17 94
18 20 64
10 17 59
19 15 65
11 10 88
15 16 77
15 11 51
15 17 83
15 17 61
18 16 51
14 11 93
15 16 65
17 19 96
11 17 61
13 11 94
13 14 65
18 19 69
15 10 88
12 13 53
20 13 99
10 20 72
20 10 93
16 13 87
20 10 55
20 19 78
12 17 52
19 19 88
14 20 58
20 10 55
14 11 98
20 11 53
10 18 61
15 11 81
20 19 82
15 10 53
12 19 52
20 12 54
19 15 57
12 10 92
14 17 96
13 10 92
17 17 91
10 19 82
19 17 74
13 15 94
12 14 59
17 13 54
19 13 88
12 14 72
13 17 65
12 11 99
13 20 69
19 18 63
15 16 88
16 17 68
16 16 61
20 12 57
18 16 74
20 11 77
14 15 61
11 18 70
15 10 76
18 18 65
11 12 85
17 16 72
15 20 50
14 15 89
19 16 68
14 10 95
13 17 91
15 20 81
19 15 96
20 14 80
19 14 70
13 18 75
13 15 63
18 13 52
19 11 61
13 19 63
15 14 81
11 17 88
10 11 56
17 20 78
20 19 89
14 14 80
11 13 69
14 11 75
20 16 66
11 11 63
19 12 97
14 19 66
19 19 80
12 12 66
11 20 76
13 17 97
13 19 61
11 20 87
12 20 88
17 20 50
11 19 99
15 14 72
14 14 82
15 14 72
12 18 77
16 14 86
17 12 68
11 20 91
15 10 56
17 11 92
15 12 74
12 17 80
20 19 94
10 15 59
15 18 70
18 19 84
18 19 84
18 17 60
16 20 87
19 19 59
11 12 54
10 13 77
11 12 60
13 20 75
12 20 91
14 16 78
12 16 85
20 14 77
16 12 70
17 19 67
11 16 66
13 18 63
19 10 88
19 18 71
18 20 53
19 12 72
11 16 58
10 20 65
10 19 90
14 11 100
10 17 55
14 20 98
16 10 91
17 18 63
14 10 50
18 14 96
17 20 71
15 14 60
13 12 73
14 10 55
19 11 83
18 16 92
16 12 76
12 20 50
13 20 75
11 11 80
13 19 61
19 14 94
11 10 64
17 10 74
18 10 56
19 18 63
13 20 98
11 11 97
12 15 75
18 14 84
14 15 99
15 10 98
10 12 63
15 18 60
16 13 84
11 13 73
10 20 95
11 14 89
10 12 52
20 10 63
20 10 68
20 17 61
14 18 69
11 15 74
11 16 68
13 14 82
17 19 84
12 20 76
18 16 52
19 13 54
16 14 85
12 10 72
11 20 66
17 19 69
16 16 65
13 19 89
19 17 79
11 17 81
12 19 78
11 15 62
10 16 82
16 20 81
16 15 68
13 18 88
18 15 79
17 11 89
10 16 96
18 14 75
14 20 83
18 19 80
18 14 94
17 10 73
17 16 83
11 19 86
19 14 80
20 13 93
10 12 76
12 18 67
13 13 68
17 17 94
15 13 75
13 15 81
15 11 79
16 19 100
13 15 73
11 17 71
15 16 70
20 19 99
20 11 85
20 18 76
12 18 79
11 13 94
17 14 98
12 10 65
19 17 73
12 16 89
20 16 80
10 17 72
20 11 70
17 12 61
16 15 89
20 16 98
19 19 92
18 19 54
15 12 66
12 17 97
16 12 57
18 11 69
19 15 55
18 17 97
12 18 57
17 18 91
18 15 63
14 16 78
10 20 69
18 20 96
19 18 91
15 13 74
18 20 53
10 16 77
16 10 50
14 19 79
16 11 88
12 16 55
11 12 68
17 10 94
13 13 100
12 19 77
10 14 61
19 13 86
12 15 77
19 17 87
14 14 55
17 14 72
13 13 96
18 19 90
18 16 97
14 18 72
10 14 98
19 15 72
14 11 80
18 11 88
19 15 61
17 15 54
19 10 86
13 18 76
16 18 83
15 12 75
16 14 67
15 19 52
19 13 66
19 20 60
10 18 50
13 13 88
14 17 99
18 10 57
15 11 88
15 13 62
12 13 82
12 13 82
19 12 51
10 11 80
16 16 66
12 18 80
10 17 60
14 17 58
16 17 72
19 19 70
19 16 98
11 17 53
17 20 89
18 14 77
18 20 67
11 18 81
13 17 95
16 10 62
17 10 98
13 20 93
17 14 81
19 13 58
11 16 87
10 12 80
17 17 53
14 14 85
17 16 70
