90 180
5 4
2 2
4 1
4 9
2 2
4 8
9 1
1 10
7 5
10 4
2 4
7 8
8 8
3 6
8 3
9 8
5 8
3 7
6 9
10 9
5 8
3 7
4 7
8 6
8 9
4 7
1 10
1 3
3 6
2 6
2 6
5 2
4 2
3 4
2 9
6 8
3 6
6 5
4 8
5 6
9 1
5 10
1 6
8 4
8 9
6 2
2 3
7 10
4 10
3 10
1 3
10 5
7 9
7 5
3 6
1 6
8 6
8 5
3 1
9 4
3 7
5 6
8 9
10 2
9 7
1 5
2 7
8 5
3 9
8 5
2 7
2 9
7 3
5 5
1 1
9 7
9 8
10 2
4 9
7 8
7 8
1 8
10 8
7 6
5 3
5 7
6 1
8 7
9 3
8 3
20 12 66
11 12 54
16 17 72
18 15 83
19 16 80
20 16 60
12 19 88
17 12 74
18 18 98
19 18 85
20 14 93
19 11 93
16 15 75
10 16 88
19 16 95
16 18 50
11 14 52
15 18 68
13 15 97
18 12 98
13 20 53
15 14 60
16 19 97
20 17 98
17 10 84
12 12 74
16 14 67
12 11 64
11 13 87
17 15 86
19 16 67
15 11 58
14 13 55
19 11 86
14 19 87
14 10 68
12 20 53
18 11 100
20 13 73
15 13 56
18 12 65
13 13 64
18 18 89
19 14 93
19 14 95
18 11 62
13 13 63
18 15 50
12 10 88
10 12 67
12 16 67
20 12 63
15 10 61
11 14 53
12 11 75
16 20 62
15 10 81
13 11 66
18 15 61
19 18 91
10 12 74
16 19 95
17 19 99
17 11 61
15 18 94
19 16 99
17 14 65
14 17 85
13 14 75
10 20 78
14 10 80
13 19 86
18 19 72
15 13 68
13 12 93
20 12 63
17 12 62
10 12 88
19 15 94
20 10 69
12 14 51
15 17 92
11 18 87
15 18 56
19 15 87
14 13 71
20 17 71
13 16 91
13 18 52
15 18 64
17 17 80
14 13 55
13 13 72
18 11 67
16 15 75
19 10 53
12 11 52
12 13 85
11 15 93
15 15 93
15 10 81
17 15 92
17 11 68
16 10 54
10 10 99
16 17 75
10 15 100
18 13 93
10 12 56
12 17 62
19 15 56
15 13 85
10 17 70
12 14 73
14 14 74
19 10 95
16 20 86
11 14 74
15 17 52
16 17 63
17 13 56
11 14 52
11 15 57
17 12 70
13 14 76
18 20 64
19 12 91
20 18 62
10 15 83
20 13 73
17 20 75
18 10 98
11 15 97
11 18 88
17 14 96
14 20 59
10 19 69
11 20 65
16 16 65
15 15 94
12 13 91
16 17 71
12 10 57
12 12 57
14 13 57
18 14 60
19 20 76
15 15 91
11 11 89
12 17 70
16 17 84
12 15 52
20 10 60
10 16 62
18 15 78
12 17 76
15 11 98
20 10 57
15 19 78
16 10 59
11 12 90
14 10 78
19 11 65
18 16 96
10 16 56
13 17 70
10 17 57
12 20 79
13 13 52
16 11 80
16 12 51
15 11 58
20 18 88
20 11 67
15 19 61
19 16 77
18 13 79
20 19 70
13 12 51
13 10 89
