900 1800
1 3
1 2
6 7
6 5
8 4
3 2
4 1
7 7
3 10
5 1
1 9
8 3
2 7
10 3
8 10
10 1
4 10
4 8
3 5
6 9
1 1
2 2
7 8
4 9
7 5
9 4
1 1
4 3
1 3
8 6
2 7
7 9
10 1
7 5
8 8
8 3
1 6
5 2
4 4
2 8
1 4
1 5
5 1
5 1
10 1
10 3
6 6
7 8
9 6
7 10
5 7
2 4
10 1
5 6
2 1
9 9
4 9
9 1
7 2
3 3
6 1
10 3
6 8
4 9
10 1
5 1
6 10
10 4
1 5
1 9
6 5
10 7
3 5
4 3
8 4
8 5
10 6
7 9
6 10
6 7
2 7
4 6
1 4
9 5
5 8
10 10
9 4
2 6
5 7
10 4
10 5
3 4
1 8
8 10
1 6
9 10
9 6
10 5
8 10
10 10
8 9
10 9
1 3
8 9
4 2
8 2
3 7
1 10
3 4
8 3
3 5
3 10
7 3
5 5
3 2
7 2
5 4
8 7
7 6
2 8
6 4
6 4
4 8
4 6
8 1
8 10
4 1
1 1
2 3
4 7
2 7
8 5
9 10
8 9
9 2
5 2
9 1
6 8
6 7
9 7
2 8
3 6
3 8
6 7
9 3
7 5
7 8
7 5
7 3
8 4
9 7
7 3
7 8
5 8
2 8
3 6
10 6
1 8
5 4
5 3
9 3
1 2
8 7
2 7
2 10
9 2
3 5
10 6
5 10
4 2
5 9
6 9
1 9
2 3
9 4
9 7
7 9
2 5
5 4
9 3
10 6
10 9
8 2
7 9
1 9
9 1
10 2
1 9
7 9
7 10
1 3
9 6
1 5
2 1
9 5
6 9
2 8
10 10
7 9
3 7
8 4
8 8
6 1
6 5
9 2
7 7
9 6
3 7
2 3
6 5
4 1
6 10
2 9
7 2
5 10
6 2
10 1
6 3
4 2
6 6
1 6
2 4
6 4
6 8
7 5
9 6
10 1
6 1
1 10
3 6
3 3
4 6
7 1
6 5
1 1
7 1
7 3
7 8
1 3
1 3
5 10
7 3
7 5
6 2
3 6
8 4
6 1
10 8
3 8
3 8
2 3
10 6
5 4
6 10
4 4
2 7
9 6
3 6
5 2
7 1
8 5
7 9
1 10
2 2
6 2
6 1
5 4
7 4
2 7
7 10
6 9
4 2
6 9
5 7
2 3
7 3
1 3
3 4
7 7
2 7
5 4
3 10
5 2
7 2
7 2
2 1
7 9
2 6
2 4
3 6
8 1
7 1
3 5
6 7
8 3
3 9
8 10
10 7
6 9
6 4
6 1
4 3
8 8
5 7
5 3
4 9
1 7
5 9
1 4
8 9
2 2
8 4
1 3
6 4
8 5
10 1
1 5
4 8
4 9
7 1
6 9
6 5
9 1
6 1
4 7
5 4
9 6
10 5
5 2
3 3
2 1
2 10
8 6
7 9
2 6
10 9
1 1
6 9
6 9
8 3
3 8
1 6
5 9
9 3
8 2
4 9
4 4
10 2
9 6
9 3
2 2
7 9
2 4
10 10
6 7
8 2
2 6
1 3
4 9
5 5
3 6
10 8
9 7
7 3
9 1
10 9
1 3
10 3
9 10
9 2
1 2
10 6
8 7
7 9
6 2
8 2
3 1
6 4
7 8
8 9
9 4
9 1
7 1
7 1
5 10
1 4
10 6
9 2
10 6
1 7
4 7
9 7
10 1
10 4
4 3
5 1
6 7
10 8
9 4
7 2
7 4
4 6
4 7
10 6
4 4
9 9
7 8
6 4
9 10
6 2
1 2
5 3
5 8
10 6
2 8
9 9
6 4
1 1
1 8
6 9
9 6
10 7
5 5
4 5
2 4
5 6
9 8
8 8
4 9
2 8
10 10
10 3
2 10
2 7
9 2
4 10
4 4
8 3
7 2
3 4
7 2
8 1
5 7
7 6
3 3
8 1
8 5
6 6
2 6
4 7
2 6
10 5
5 1
3 7
4 9
2 1
2 4
8 5
2 5
3 1
2 6
4 8
9 8
6 7
8 1
8 3
3 2
2 3
6 9
8 4
9 1
5 8
6 10
8 2
2 7
9 9
6 2
9 1
1 5
3 7
2 1
8 1
4 8
3 3
6 1
4 8
2 10
1 4
9 7
4 2
1 2
7 1
5 6
6 10
2 7
1 5
4 8
9 10
5 4
9 10
6 3
7 7
9 1
5 9
6 10
8 6
6 4
3 6
10 6
4 2
4 2
4 7
1 5
5 9
5 10
3 9
3 2
8 4
6 10
7 6
6 1
8 2
8 5
4 6
8 3
6 6
1 8
3 1
4 2
6 1
7 3
9 3
4 6
9 7
1 5
9 8
9 5
9 1
8 6
7 7
1 2
10 10
2 6
4 7
6 8
5 5
3 7
3 7
2 3
10 9
2 6
9 1
8 4
9 1
5 10
2 9
8 6
6 3
9 5
10 6
2 6
2 6
2 5
3 5
3 9
2 1
8 4
7 3
2 8
2 3
5 9
9 2
2 1
8 7
4 6
5 6
2 2
10 8
8 4
8 5
9 5
8 3
4 3
4 1
9 9
3 3
5 7
1 7
5 9
8 7
9 2
9 1
9 2
9 2
2 10
8 8
10 2
7 2
10 8
2 5
4 3
8 2
7 8
2 5
9 6
8 6
5 4
3 4
2 5
3 7
3 9
5 1
7 8
2 10
10 7
2 5
3 7
10 8
7 10
5 2
7 10
6 8
7 5
2 1
1 6
2 4
10 2
1 7
5 8
8 2
4 9
6 7
2 6
7 3
3 1
5 8
7 10
5 2
7 2
6 6
4 2
6 6
1 10
9 6
10 8
5 6
7 6
2 8
10 10
7 5
2 3
4 2
2 5
5 9
8 7
1 5
8 9
1 6
3 10
1 10
9 3
1 5
1 7
10 10
4 1
5 8
7 2
9 7
9 7
3 7
9 10
2 2
4 6
2 5
6 4
8 2
3 9
3 9
5 9
3 5
5 4
9 3
7 8
9 1
5 7
8 2
2 1
2 8
10 7
6 10
9 3
1 1
7 5
2 8
5 8
10 5
7 9
1 7
7 6
10 8
10 9
5 7
6 1
6 3
3 1
6 8
5 8
9 6
3 8
5 4
5 1
5 10
3 3
3 2
2 6
8 5
1 5
4 9
5 4
6 7
6 8
8 2
3 1
8 3
7 3
4 9
1 9
10 2
9 1
5 8
8 3
6 6
10 6
9 6
7 10
10 1
9 2
7 4
9 9
3 3
9 4
6 5
1 9
9 2
1 1
9 9
9 9
8 3
4 8
7 10
5 3
2 9
9 5
3 2
9 4
8 9
2 10
1 9
8 9
10 3
7 3
7 8
3 3
1 3
4 9
2 4
6 9
3 8
9 6
2 8
9 7
4 10
5 2
1 2
4 4
1 6
1 1
2 5
5 10
7 1
2 5
8 3
8 7
1 7
3 1
6 1
4 2
10 8
2 5
10 5
1 3
10 7
6 10
10 10
8 6
6 1
6 9
5 4
1 9
9 10
5 1
4 10
8 2
10 10
3 4
6 5
8 8
6 9
7 8
6 2
8 4
2 10
8 1
3 1
2 10
2 5
2 4
7 2
5 6
2 3
4 5
7 4
3 5
9 4
9 7
4 9
6 10
8 7
7 7
10 6
4 1
6 1
2 4
1 10
9 1
6 3
6 5
2 2
1 2
9 9
10 5
9 5
9 5
10 3
10 3
8 8
9 6
1 7
5 4
3 5
2 1
1 1
3 1
7 4
1 7
4 7
7 10
4 3
6 1
6 1
9 6
5 2
1 5
8 9
2 3
7 4
9 3
7 3
1 9
5 6
2 7
4 5
3 9
6 9
1 5
8 4
3 10
10 6
4 1
7 3
3 1
5 9
10 1
7 9
2 9
1 2
4 3
1 3
1 1
8 2
5 1
10 3
9 3
5 2
10 2
1 7
1 7
7 5
7 1
8 7
19 18 100
18 10 84
16 16 95
12 18 61
12 19 99
20 17 54
17 13 74
12 12 72
20 10 82
13 19 54
17 15 69
19 15 66
18 16 59
11 13 78
10 20 75
18 12 60
10 16 91
18 14 56
18 14 77
11 19 86
17 12 78
14 16 86
18 17 61
15 17 69
17 18 61
20 17 56
13 20 98
14 19 62
20 16 90
13 18 94
20 15 77
11 10 51
14 15 60
11 12 81
12 15 90
13 11 56
14 14 79
17 20 58
17 19 77
12 14 76
13 20 66
13 12 71
13 19 58
12 19 66
17 17 89
19 12 99
19 11 100
16 11 97
14 18 52
18 15 72
20 15 92
17 13 88
12 14 98
13 10 99
10 16 79
13 14 88
18 12 72
13 15 60
10 20 90
11 15 73
20 12 89
18 13 82
15 19 50
14 18 96
20 19 52
13 10 100
17 11 83
18 11 66
18 10 85
12 19 88
19 13 50
20 15 67
13 13 77
10 15 73
18 20 100
10 16 58
18 10 99
20 11 74
14 11 75
17 19 99
15 12 51
20 20 60
10 19 68
17 20 78
13 10 56
15 17 59
11 15 71
19 17 86
19 13 73
14 11 95
10 14 66
17 15 67
12 18 76
14 16 90
20 18 70
12 13 73
14 17 63
18 18 90
14 20 63
11 15 91
20 16 79
19 18 91
13 12 62
16 10 60
20 13 70
16 13 77
12 15 66
20 18 53
17 14 98
14 19 78
16 16 85
19 18 81
19 20 76
14 10 83
12 18 81
13 10 53
19 20 59
16 17 67
10 16 74
17 19 59
20 18 100
18 18 66
14 12 64
18 11 69
12 10 67
19 13 89
12 17 63
16 20 93
15 11 63
11 13 88
10 20 96
15 19 83
17 18 90
16 14 67
15 11 85
13 19 86
19 13 65
11 13 51
19 20 72
19 18 77
17 10 72
16 19 61
16 10 99
16 16 88
11 10 59
10 12 82
20 10 55
12 19 63
10 13 50
18 20 63
18 12 62
18 13 94
12 19 80
16 18 51
19 14 100
12 19 72
14 14 53
14 19 52
14 12 53
18 20 77
11 19 59
11 19 84
19 12 79
13 15 88
14 11 51
15 15 62
13 12 88
11 14 77
17 14 50
15 13 78
11 15 81
16 19 69
16 19 95
13 19 67
14 14 76
16 20 60
13 18 67
14 11 65
19 17 56
20 20 88
20 20 87
10 10 80
20 20 88
13 11 71
19 15 96
18 14 89
12 17 90
19 15 83
17 14 79
12 18 86
13 11 88
15 19 71
15 11 69
10 17 52
15 12 62
10 11 72
19 11 78
19 19 89
18 15 67
10 20 68
19 17 97
15 19 63
12 14 51
17 12 66
15 15 56
17 12 83
13 20 95
10 16 63
16 11 77
19 16 67
14 15 53
14 18 81
18 10 72
10 20 68
20 12 50
12 15 50
13 14 94
15 11 51
15 10 85
12 10 62
15 18 95
12 18 76
19 11 97
18 12 83
20 18 57
16 12 51
19 19 64
15 11 76
16 18 73
16 11 87
17 15 70
17 14 78
11 17 98
14 10 88
11 17 76
20 17 84
10 11 66
16 12 64
19 14 76
13 17 68
16 11 57
15 16 74
16 17 96
15 18 100
12 18 87
19 18 53
14 18 71
15 15 83
18 10 92
13 11 73
16 13 63
18 10 55
17 18 75
14 11 73
19 19 56
10 14 96
14 17 62
12 13 56
14 10 59
12 15 55
20 12 100
20 12 92
19 17 80
19 17 62
14 11 65
16 13 100
13 15 57
19 14 61
17 14 83
20 10 98
11 10 86
20 19 51
17 16 99
12 19 55
11 20 93
14 15 81
20 16 82
12 10 94
18 11 60
12 15 66
20 13 72
13 13 86
12 18 80
14 17 74
15 16 73
14 19 69
11 17 58
19 16 64
15 18 83
11 20 58
13 10 85
14 20 53
15 12 68
11 14 85
18 12 78
14 14 56
17 18 70
17 11 57
15 15 62
15 13 87
18 13 79
12 18 61
12 14 62
16 17 58
11 17 91
12 15 66
19 17 55
10 11 99
11 19 93
17 13 72
12 16 82
13 15 51
20 13 100
17 14 50
16 14 88
10 15 73
15 13 99
14 15 97
16 14 61
11 17 63
10 12 51
20 13 60
14 14 62
17 18 82
16 14 100
11 18 51
10 19 81
10 13 78
12 12 88
13 15 95
19 13 81
11 11 71
14 14 87
14 13 76
12 13 79
20 14 85
10 14 76
19 12 69
13 18 60
14 11 52
15 11 89
15 14 72
14 18 82
11 11 66
20 17 99
11 18 50
12 10 58
10 11 92
14 18 98
14 11 66
15 12 93
10 17 100
18 18 58
19 19 94
15 17 58
20 12 94
20 14 61
16 19 72
10 16 88
14 13 52
19 19 90
13 17 76
15 18 95
12 14 97
20 19 94
13 18 60
19 17 57
15 10 87
10 18 91
15 11 53
12 19 57
13 18 57
19 17 95
19 13 66
17 16 64
14 13 70
16 18 86
18 10 100
10 12 93
10 13 63
14 17 77
17 12 85
20 13 79
16 11 90
12 12 76
15 11 65
12 16 65
12 18 66
11 20 82
11 20 92
13 18 81
10 15 81
18 16 77
17 17 65
16 12 97
15 20 59
11 17 98
17 12 52
12 20 61
14 12 54
12 14 90
10 10 74
14 10 53
14 15 68
13 16 100
19 12 61
16 10 52
16 20 83
14 11 99
13 16 55
11 16 72
16 20 84
13 12 71
15 15 64
20 14 77
11 12 82
19 15 50
12 16 68
10 11 57
14 20 52
19 13 52
17 14 70
13 16 99
13 17 84
18 14 64
11 20 58
16 13 82
15 19 77
17 15 92
19 13 99
13 12 67
17 10 79
15 15 98
18 16 83
11 13 90
18 15 63
11 16 78
10 14 74
10 10 55
19 19 66
11 18 95
19 15 71
16 17 67
18 19 91
13 17 67
16 20 86
17 12 65
14 10 81
20 13 88
18 12 52
17 12 59
18 10 62
19 16 57
16 18 65
14 14 93
20 15 57
19 18 86
14 20 50
18 19 71
13 18 75
19 11 67
12 15 95
16 15 50
12 11 100
18 13 97
10 19 100
19 12 77
16 10 68
10 10 82
13 15 57
19 10 96
12 20 52
15 15 59
17 14 64
15 14 86
10 16 57
15 18 83
12 11 92
15 13 74
11 18 89
10 17 56
12 13 75
17 10 82
15 19 93
15 14 52
19 20 98
11 11 53
20 11 58
16 16 62
17 20 89
16 19 83
16 10 97
12 13 55
19 12 73
17 14 75
11 20 60
17 16 87
10 11 89
19 18 69
19 18 75
18 19 59
13 10 71
16 20 79
18 11 52
17 11 58
15 20 75
19 13 73
11 15 91
14 16 85
13 20 53
13 17 66
18 16 82
18 10 67
13 14 99
17 10 64
14 18 55
10 12 63
16 20 89
20 12 63
17 14 52
12 11 83
10 13 71
16 10 95
16 17 56
15 13 77
14 19 99
11 11 62
10 19 92
19 14 65
19 19 65
13 11 99
12 17 55
12 16 56
10 12 70
20 15 96
11 19 95
11 15 74
18 13 54
10 11 51
20 18 63
12 14 86
12 10 83
14 12 54
10 10 71
18 16 61
13 20 74
17 15 54
19 11 88
13 18 87
11 13 84
17 10 77
17 19 67
10 12 91
12 11 86
17 15 76
17 13 74
17 10 74
13 16 55
12 19 85
17 19 50
16 15 70
17 18 97
13 20 54
13 19 92
13 20 70
10 17 80
12 20 54
17 18 91
14 10 74
11 17 81
20 14 72
13 11 81
20 13 55
15 12 86
17 15 63
15 10 96
18 12 51
19 10 95
20 17 68
18 12 89
15 18 64
16 12 84
16 13 61
15 13 51
20 11 91
19 12 57
20 12 65
10 16 76
19 18 98
11 17 86
10 20 87
17 14 63
10 14 88
13 18 69
11 10 63
20 19 72
19 15 53
15 17 75
10 15 83
10 12 53
17 16 77
16 10 61
13 16 79
11 12 55
16 15 80
19 13 95
15 13 79
14 19 57
10 16 61
12 18 54
11 12 79
14 12 61
18 13 83
11 19 74
11 15 92
19 16 65
18 12 74
18 17 90
11 17 68
20 16 51
19 12 94
11 16 51
12 13 84
11 12 99
18 18 71
20 19 61
18 16 93
13 17 60
20 12 82
12 16 62
14 14 67
10 19 72
19 13 72
17 11 99
10 12 52
12 14 56
15 18 72
14 11 56
18 14 100
20 17 70
11 15 77
13 15 98
16 13 78
14 13 67
19 17 53
11 14 61
15 14 69
19 17 84
20 20 70
18 19 67
19 14 57
13 17 96
10 13 74
11 10 69
13 14 87
11 20 62
15 20 54
20 20 93
13 11 57
19 10 90
16 16 90
19 12 73
19 13 71
11 17 99
10 10 53
14 17 69
17 12 51
19 13 74
11 18 58
14 19 77
20 18 96
11 13 63
11 13 70
11 12 54
12 15 84
14 15 69
17 16 94
16 10 50
13 13 68
11 20 58
14 19 99
19 16 92
18 13 64
18 11 80
13 19 77
18 12 71
11 11 70
15 13 73
12 19 55
18 13 70
17 17 95
13 20 52
12 19 71
14 13 97
20 20 63
11 20 99
11 16 68
13 16 87
17 15 70
16 17 97
20 16 95
15 13 69
18 17 57
14 10 67
13 18 51
14 11 89
17 16 61
13 11 86
16 15 84
14 19 72
10 19 78
11 14 77
18 13 68
13 11 68
16 13 59
12 13 57
12 13 65
20 11 63
20 10 86
14 15 64
17 10 65
13 10 85
12 18 50
12 15 63
10 12 63
13 18 85
13 15 51
15 16 92
20 17 71
19 14 59
16 18 52
20 15 85
16 10 90
20 14 84
12 11 54
13 13 61
15 10 99
11 12 99
10 16 87
12 18 66
17 15 90
11 11 56
12 20 99
17 16 100
18 19 76
15 15 84
11 12 97
18 20 100
10 18 62
15 11 80
15 16 68
14 15 94
17 20 75
19 12 60
18 20 55
12 17 66
18 17 50
19 10 59
20 20 61
11 14 96
18 19 58
18 18 98
15 20 80
13 16 73
14 10 53
15 16 85
18 11 95
17 18 63
10 11 80
15 20 77
10 17 89
14 18 88
13 16 71
14 15 89
14 15 91
11 17 92
18 18 98
19 15 88
12 17 91
20 11 53
10 15 86
14 19 84
12 13 89
11 18 99
12 17 60
14 13 58
16 16 60
11 12 94
18 12 67
13 18 72
14 15 62
14 14 62
14 19 70
10 14 75
17 11 88
15 16 74
16 10 64
14 17 75
12 10 52
13 12 57
16 11 79
11 20 77
13 19 50
12 15 78
14 13 85
12 11 53
17 18 83
14 12 82
11 19 73
20 18 99
14 16 88
15 13 70
18 12 92
13 18 51
12 15 78
13 20 69
16 14 86
15 13 98
18 19 69
19 14 93
18 12 68
12 12 82
14 19 76
15 18 76
17 10 89
14 14 83
10 17 53
12 20 95
13 14 92
17 17 76
13 14 71
18 13 96
17 15 97
13 15 97
15 11 91
15 20 90
13 10 74
15 18 96
16 17 64
20 20 57
12 13 66
18 16 88
13 17 78
15 16 50
15 18 79
14 18 70
13 14 72
18 11 75
16 18 54
20 11 61
12 16 51
14 15 70
11 11 84
14 13 84
17 10 96
16 18 74
17 11 71
18 15 93
17 15 59
19 16 88
15 15 74
16 17 73
19 12 93
14 14 71
15 16 56
15 17 51
17 16 80
16 10 76
17 10 79
14 16 57
11 17 53
11 19 59
10 15 53
13 12 87
11 16 68
13 12 73
11 20 90
14 13 56
15 19 67
15 18 96
16 15 86
13 14 65
11 16 65
10 20 93
11 18 90
15 20 100
16 16 90
15 15 54
13 20 57
18 18 70
16 10 86
20 12 99
19 20 72
10 13 90
18 18 63
14 16 93
19 19 91
15 18 96
12 15 89
12 10 50
14 14 82
17 14 78
10 17 62
20 12 76
10 17 59
19 13 65
11 18 70
18 14 52
10 16 95
11 14 68
15 18 60
13 19 73
11 17 95
12 11 53
19 11 53
14 20 100
17 18 94
14 15 59
18 19 69
16 12 69
16 17 94
18 12 91
11 14 97
20 14 80
11 11 99
13 19 72
17 16 72
14 17 97
12 11 65
14 13 62
10 13 86
20 15 73
12 14 75
12 15 93
16 11 55
18 10 71
19 11 96
17 17 82
18 19 89
19 12 64
17 16 64
13 14 58
16 10 63
14 13 69
12 12 84
17 12 73
19 11 62
17 20 82
17 18 64
14 14 58
16 14 82
13 12 81
12 11 82
14 13 73
18 12 83
20 16 77
12 17 60
15 20 74
11 20 90
18 12 84
19 16 71
19 11 89
18 10 50
11 14 96
14 14 66
18 18 67
14 16 59
12 16 52
13 17 89
15 10 60
18 17 95
17 14 98
11 15 71
16 15 92
11 20 62
19 10 79
10 12 80
15 14 79
16 16 85
17 14 81
17 14 81
19 17 58
14 20 94
15 20 71
10 10 60
12 17 79
16 16 69
18 19 82
11 11 83
12 11 85
11 18 89
12 15 77
12 18 83
20 11 52
17 15 88
10 14 73
10 20 100
14 17 85
17 12 50
12 12 62
15 15 73
19 16 73
19 20 91
12 18 63
12 10 75
17 15 80
15 15 69
17 15 82
16 16 75
16 12 71
13 15 69
16 11 100
15 16 64
11 11 79
10 10 80
15 12 74
12 14 80
13 14 90
12 14 71
16 11 51
13 19 66
16 11 81
14 16 91
16 11 100
13 10 97
16 20 53
12 10 79
19 17 54
14 10 100
19 16 84
20 13 62
19 15 94
10 18 94
18 15 66
10 11 50
12 10 83
16 10 97
18 16 59
11 16 73
15 19 90
12 20 78
10 16 88
13 10 74
15 15 66
10 16 65
12 14 56
14 11 65
12 11 90
10 12 52
12 10 79
19 11 53
14 16 75
20 17 80
15 17 58
18 19 99
12 13 92
17 13 69
15 11 98
10 12 88
17 11 68
20 18 63
16 11 77
16 15 61
15 10 64
14 16 54
11 14 81
17 10 56
17 14 87
10 12 73
16 19 67
15 15 80
11 16 93
12 18 70
18 11 64
10 19 80
14 20 54
20 13 68
20 18 50
18 11 75
16 17 83
17 15 55
18 12 99
19 17 82
20 17 95
12 11 55
13 11 80
18 11 57
11 18 100
18 19 91
17 10 82
10 10 79
20 20 67
20 20 62
10 18 71
14 20 80
10 20 82
15 18 94
13 10 54
11 15 92
14 15 68
11 14 87
11 15 100
10 17 87
16 16 51
10 14 94
15 16 64
12 13 96
14 18 72
17 15 63
11 20 94
12 13 94
13 15 57
15 13 55
16 20 65
10 19 76
10 17 59
10 19 60
11 12 67
10 17 60
15 19 85
20 16 83
12 13 72
20 19 78
11 14 50
20 11 53
17 10 75
14 19 85
14 12 57
10 19 57
10 19 89
20 15 61
17 12 96
19 15 97
15 16 72
20 18 79
13 12 94
11 19 80
15 19 54
19 14 52
20 13 92
16 10 51
14 17 58
19 17 75
19 18 60
18 20 61
10 10 71
19 14 69
11 10 71
17 14 77
18 17 52
20 20 77
20 16 68
13 18 53
14 12 63
20 12 93
10 14 64
16 15 96
12 16 73
12 17 75
13 13 92
11 11 84
14 12 78
20 17 79
14 11 63
11 12 51
11 10 92
16 19 87
18 16 53
17 15 84
14 10 57
10 20 100
15 14 64
16 16 55
14 11 67
11 17 96
10 19 61
12 17 55
13 19 74
12 19 54
12 11 56
18 15 76
19 13 71
13 16 98
17 10 61
15 10 84
19 12 76
16 10 95
11 15 88
10 13 90
11 16 67
18 19 54
17 13 99
15 14 87
19 12 58
19 15 95
13 14 73
18 12 72
16 19 76
11 18 65
12 12 96
20 19 69
15 13 71
13 12 57
14 15 62
14 10 60
19 11 77
19 11 74
11 19 69
20 10 56
17 13 87
12 20 63
11 18 77
19 16 94
14 17 96
15 13 50
17 10 51
12 10 72
11 17 52
18 11 61
15 10 57
14 12 88
14 15 66
15 17 67
18 18 98
19 17 96
20 11 66
14 10 50
15 19 57
13 17 98
13 13 94
17 18 61
10 17 84
16 13 94
17 20 61
18 16 58
17 20 80
18 14 93
17 12 63
12 14 95
12 13 55
18 18 50
16 16 51
14 12 78
17 15 95
11 13 99
10 15 97
16 14 63
20 17 77
19 20 93
15 11 66
15 18 73
14 18 90
16 18 83
19 13 53
11 18 81
16 15 83
19 12 56
15 10 85
11 15 86
19 10 97
12 12 99
18 12 59
13 10 68
18 11 79
14 18 61
10 10 98
12 17 88
19 11 77
15 18 64
18 17 92
20 18 78
13 11 64
14 15 65
11 20 50
12 12 90
20 19 99
15 19 56
16 10 78
10 14 58
20 12 76
16 18 53
11 14 59
13 20 82
10 11 75
15 13 69
19 16 61
14 18 92
17 11 91
14 13 65
14 20 52
19 14 93
11 20 55
12 14 61
19 16 80
10 13 73
10 15 93
10 18 73
15 17 64
20 14 77
17 14 51
17 19 87
17 10 54
20 17 86
20 16 54
15 11 66
10 15 98
16 12 65
15 13 53
20 20 82
15 19 75
13 10 68
15 10 59
16 14 71
12 14 65
20 14 81
13 15 70
18 20 81
18 17 72
17 12 91
13 11 82
10 10 86
13 19 60
13 16 56
14 16 55
17 17 86
14 19 94
15 10 100
17 13 83
12 16 75
16 19 87
10 18 89
20 11 73
20 16 85
10 17 84
18 17 67
20 17 77
10 20 68
20 13 99
17 16 99
14 16 50
11 13 59
15 13 57
16 15 84
10 15 97
13 15 82
13 20 68
10 11 86
10 18 92
19 16 100
18 13 99
11 15 55
16 19 74
10 15 99
18 19 70
16 12 59
12 11 58
11 13 69
12 19 81
19 17 84
15 11 56
14 11 98
18 13 75
18 11 98
17 19 82
13 19 51
19 15 69
17 17 59
10 15 80
17 20 52
13 19 80
19 11 90
14 12 51
17 18 68
14 13 96
17 11 64
20 11 96
12 18 86
18 18 61
18 17 90
13 13 57
13 18 76
10 18 69
14 12 62
11 14 78
17 20 84
18 11 87
10 13 97
15 14 52
16 19 78
17 19 74
18 13 51
16 13 86
17 15 92
11 11 97
16 18 56
13 16 91
11 11 97
10 20 51
19 20 76
14 10 76
14 15 81
11 11 86
20 11 99
14 15 53
19 15 60
15 14 51
17 15 80
19 14 56
12 11 61
17 10 70
14 18 65
15 12 63
15 10 68
11 11 92
18 17 82
11 15 64
20 13 86
11 20 92
19 18 80
20 19 50
14 16 86
11 19 65
10 11 64
19 11 63
14 18 64
19 17 93
10 11 72
20 20 72
14 10 83
20 12 59
10 16 67
20 12 82
19 11 51
11 15 72
20 20 59
15 16 82
10 10 59
10 19 100
16 14 68
17 10 69
18 15 68
16 20 55
10 18 95
11 19 64
19 14 86
18 17 59
14 18 69
18 16 82
11 16 90
16 12 99
16 16 62
11 20 71
14 19 77
10 10 62
17 13 95
10 12 80
13 13 53
19 18 82
17 12 79
11 12 85
12 16 87
17 16 52
14 18 83
11 13 90
15 17 94
13 18 56
20 18 60
10 19 89
15 17 59
14 13 93
14 19 84
11 11 86
20 11 59
16 19 98
20 16 80
17 18 76
12 11 80
20 13 78
13 18 94
16 14 81
15 11 67
13 18 58
12 14 91
19 12 58
12 11 92
13 16 99
11 12 50
15 13 71
14 16 99
18 18 82
16 18 50
10 17 90
10 12 78
16 17 67
10 14 78
15 19 80
11 15 50
18 14 63
18 12 76
11 15 85
13 15 57
13 19 89
18 13 50
10 18 50
18 18 82
14 14 84
17 20 62
15 14 50
19 14 63
14 13 86
16 13 52
10 17 80
12 17 86
10 10 90
11 13 51
11 14 72
16 20 60
15 14 62
10 17 68
15 14 78
13 10 72
16 10 70
12 11 76
19 20 98
12 14 90
10 17 77
18 17 70
12 11 54
13 12 88
14 14 74
17 19 78
15 12 56
14 19 50
14 19 64
16 17 99
17 10 96
13 16 78
12 16 63
12 11 85
10 12 93
12 19 53
18 19 78
10 10 94
15 16 80
10 19 95
10 11 93
12 16 98
14 20 85
18 15 53
13 18 82
12 10 94
20 19 61
17 18 59
11 14 66
14 19 61
13 19 61
20 19 74
19 14 58
17 17 51
15 12 82
12 11 94
20 13 84
13 14 83
17 19 73
11 13 62
18 17 71
14 18 53
16 20 79
20 19 60
14 10 71
17 11 83
16 11 91
17 11 99
13 20 52
12 11 63
20 15 82
20 13 88
13 12 82
12 14 87
14 13 60
11 13 96
20 13 63
19 17 88
18 18 72
20 19 72
18 13 68
10 20 80
14 16 73
13 11 74
11 17 83
13 12 65
17 12 83
12 13 54
15 11 83
13 15 77
15 17 77
10 16 78
18 15 63
20 16 84
12 20 64
17 16 59
10 18 56
20 11 95
15 16 61
15 16 76
16 15 68
11 10 54
14 19 93
16 20 58
15 18 59
17 10 68
11 19 84
20 14 52
12 15 95
18 14 71
11 18 86
18 10 52
20 18 77
16 14 96
14 11 67
19 16 67
14 15 54
20 20 98
20 11 56
13 12 58
16 11 76
15 18 60
19 13 54
17 19 90
10 11 59
16 19 70
17 13 60
18 13 92
13 15 78
11 15 98
14 17 97
16 15 81
19 10 79
19 20 60
13 19 68
10 14 91
16 15 85
18 12 78
15 19 99
19 17 83
18 11 95
18 15 73
17 14 84
14 13 60
11 12 91
19 12 51
19 19 100
12 13 53
11 16 70
15 19 73
15 16 57
18 11 91
19 13 90
12 10 94
11 14 54
13 11 62
17 19 99
17 18 88
20 14 84
14 13 60
20 10 76
16 12 74
11 11 53
11 17 65
16 13 91
20 12 63
11 10 100
16 16 81
19 13 92
19 18 85
19 20 65
20 14 81
12 15 96
15 20 52
15 18 57
18 18 84
16 12 70
20 12 67
12 10 74
13 16 82
13 18 95
13 12 72
17 20 53
18 10 69
19 18 62
20 13 100
14 13 86
20 16 88
14 20 89
18 20 62
10 10 65
15 15 61
17 17 88
20 17 80
19 13 91
14 11 50
10 11 73
20 15 100
16 15 56
15 13 56
20 11 98
14 12 68
15 17 51
15 11 59
20 10 83
16 18 72
20 15 95
15 20 99
16 17 61
11 12 71
16 20 71
18 18 54
11 16 76
18 19 78
19 20 69
15 19 77
19 20 87
10 14 76
13 11 71
20 14 62
16 18 99
11 17 54
17 11 98
10 14 72
10 11 70
13 11 72
20 14 84
19 12 88
19 10 78
12 19 100
20 12 60
18 16 96
11 12 50
16 18 96
11 17 97
11 12 58
16 13 80
16 18 75
11 11 51
19 20 94
14 14 100
15 12 62
17 17 82
16 12 69
10 19 85
20 19 50
12 19 73
20 13 99
14 16 68
11 14 53
17 12 65
13 17 64
16 13 71
11 10 90
15 18 95
17 16 97
12 13 77
16 13 73
13 10 76
10 19 72
12 12 57
19 10 85
10 11 75
19 15 83
17 20 77
18 10 70
13 10 80
10 13 72
20 16 76
18 20 91
16 19 59
12 19 77
10 12 69
11 13 62
13 14 56
13 17 80
16 10 71
13 20 65
19 16 51
12 19 68
11 20 81
11 14 72
10 14 63
20 13 65
16 16 100
15 11 79
18 14 95
12 16 72
14 10 54
13 10 88
19 19 70
16 15 54
12 15 88
16 20 94
10 16 86
