9000 3000
10 1
5 2
10 7
9 10
2 7
2 1
9 1
10 3
5 6
3 2
6 9
4 4
3 8
2 8
9 6
1 10
9 1
1 3
7 3
10 3
8 7
6 4
7 4
5 1
9 4
3 4
1 8
9 4
9 2
2 9
8 1
9 5
7 4
6 6
10 2
4 4
1 7
6 2
3 9
3 5
1 9
8 4
8 8
8 6
1 6
6 8
2 7
6 9
10 4
3 1
4 4
1 1
4 10
2 6
9 9
1 9
4 2
7 7
7 4
5 10
6 5
6 9
4 4
10 5
2 8
10 9
8 7
3 9
8 2
6 1
8 6
4 8
6 7
4 8
10 6
4 7
5 3
9 5
1 10
3 8
9 10
7 3
5 1
1 1
7 9
7 10
2 9
1 4
7 3
5 7
5 7
7 5
9 7
4 10
4 1
7 1
6 7
1 3
1 10
3 3
1 3
5 4
2 6
5 6
7 7
7 7
8 2
4 10
6 5
1 5
3 5
3 10
7 4
1 8
8 8
2 5
7 2
10 1
3 10
7 10
4 2
1 6
6 3
6 7
7 2
8 5
2 6
9 10
6 2
7 6
6 3
6 1
5 6
9 1
4 1
7 10
2 1
3 6
2 5
8 2
2 5
10 9
9 9
9 3
9 2
1 10
7 10
7 1
5 2
8 9
6 1
5 6
9 7
9 6
3 2
4 5
9 7
4 8
5 4
8 8
4 10
8 6
5 5
6 7
8 5
10 9
2 1
3 6
4 1
9 5
8 2
10 5
10 3
7 1
2 2
7 10
4 3
9 6
10 9
7 7
9 8
2 5
9 3
6 6
4 7
1 10
8 10
5 10
1 6
7 10
6 3
5 2
4 1
2 6
8 3
6 5
8 8
2 8
9 1
10 4
4 1
4 2
8 7
1 3
10 5
2 4
10 6
5 5
6 10
9 9
2 2
10 2
3 8
7 6
8 5
1 6
4 5
4 2
3 6
2 6
1 4
10 6
8 1
8 9
3 7
6 8
10 10
4 3
8 10
4 8
10 7
3 7
4 1
1 2
3 9
6 3
8 8
4 6
1 4
7 5
10 9
1 6
4 4
10 4
7 3
7 2
10 10
5 8
10 2
2 10
4 5
4 2
1 10
2 1
3 6
3 2
3 2
3 4
9 2
8 4
10 5
10 2
3 4
2 6
10 5
8 4
2 2
7 8
6 8
6 1
9 8
6 9
7 6
4 10
9 1
8 4
5 7
2 8
6 7
1 8
2 1
3 5
5 4
7 1
2 4
3 1
3 9
2 5
1 5
6 7
10 7
7 3
6 6
5 2
5 1
10 4
3 7
8 9
8 3
3 9
4 10
8 6
3 8
4 7
6 10
2 4
4 2
8 6
8 7
4 2
9 9
10 9
6 9
4 8
1 3
3 5
5 4
5 2
7 3
9 6
8 5
9 4
6 4
5 10
5 10
10 10
8 10
5 10
3 10
1 4
9 4
4 2
8 1
2 10
2 10
9 7
1 8
10 4
1 5
10 3
5 4
7 2
6 4
2 7
5 10
9 4
9 1
3 5
8 10
10 8
5 7
9 2
4 1
7 10
3 4
6 3
3 1
6 8
4 6
3 1
1 10
10 8
1 2
9 9
7 4
6 8
10 5
7 6
10 3
10 5
7 4
8 3
8 1
2 7
4 2
4 1
2 7
10 7
6 9
2 8
3 1
5 1
10 4
4 6
1 5
5 2
6 1
10 2
7 4
2 8
6 4
6 6
4 4
10 8
6 6
3 6
10 10
6 2
3 1
8 8
3 1
10 7
4 8
6 7
2 8
4 8
10 1
9 6
10 8
2 7
6 3
2 7
4 9
1 7
5 8
2 10
4 3
9 8
8 10
7 10
10 5
9 4
6 5
4 3
3 8
3 4
9 3
6 9
3 7
4 5
3 9
7 3
8 3
3 3
1 1
7 5
6 9
4 6
6 5
5 4
2 6
2 4
9 3
3 4
6 1
9 9
4 2
8 1
5 6
4 5
1 10
6 9
5 6
2 7
3 6
3 10
7 4
4 4
5 10
4 4
4 9
1 4
10 5
2 10
7 8
10 3
2 8
9 5
8 3
6 9
5 8
3 4
7 10
2 6
5 2
10 4
7 2
1 5
3 4
5 3
5 10
4 4
7 1
3 4
8 4
6 10
10 7
6 9
6 5
10 4
4 3
3 8
2 6
10 1
3 5
9 10
1 7
5 2
8 4
2 4
4 1
9 2
9 10
9 1
2 8
4 3
6 4
1 1
4 7
7 8
2 9
7 1
7 8
6 2
6 1
5 3
9 4
5 4
3 8
6 8
8 2
1 8
9 4
10 2
8 6
8 1
7 4
5 3
6 3
8 5
7 10
10 8
10 4
5 5
8 10
4 10
6 6
10 2
7 5
4 1
6 7
3 4
7 1
9 4
5 7
4 4
9 7
4 3
1 10
7 7
3 10
7 10
5 2
8 3
7 3
3 1
9 4
9 5
9 2
1 1
5 1
8 6
5 6
1 3
10 3
4 3
6 6
2 4
5 8
4 2
10 6
1 8
1 4
8 5
7 2
3 9
10 1
7 4
1 3
10 10
2 8
4 5
1 7
8 5
6 7
1 7
9 9
9 7
7 5
7 8
6 2
9 2
5 4
1 4
6 8
7 7
8 5
3 1
5 4
2 2
5 3
3 3
5 3
10 6
7 8
5 10
6 2
1 1
1 3
4 9
5 3
4 3
8 2
5 1
5 5
2 1
9 7
1 3
8 10
4 4
7 1
9 4
7 1
1 1
6 7
8 10
8 1
8 3
8 6
9 6
3 7
8 9
1 5
2 7
7 6
8 5
5 8
4 6
7 1
4 8
10 2
10 3
6 3
9 1
9 7
7 8
2 6
9 10
1 10
7 8
10 4
1 8
6 10
9 2
3 4
8 10
3 1
9 6
5 2
9 6
8 3
7 1
6 6
6 6
10 9
6 9
7 7
3 3
2 8
2 10
10 3
10 4
9 3
2 7
10 3
10 3
8 4
5 1
4 7
9 10
2 1
5 3
5 5
4 6
4 6
8 5
3 5
10 9
2 2
1 4
3 7
10 3
10 8
5 4
4 5
2 7
3 8
8 2
4 2
2 4
1 6
1 10
6 2
9 4
4 7
9 6
1 9
8 3
1 9
2 6
3 4
7 2
10 2
9 3
3 7
10 1
4 7
9 6
8 4
9 10
10 6
4 1
6 10
4 6
7 7
7 8
2 8
1 9
2 1
3 6
2 2
9 5
5 5
4 10
9 5
7 3
10 5
6 3
3 2
8 1
2 2
5 7
9 6
9 5
10 4
1 4
10 8
5 8
2 10
2 6
7 5
4 6
6 6
7 1
10 1
1 5
7 10
4 7
1 5
10 1
8 6
8 2
6 1
10 7
2 2
8 2
1 8
8 7
7 4
1 10
2 2
5 5
7 10
4 7
1 7
3 5
4 5
1 6
7 5
5 5
3 1
1 10
2 3
5 9
5 3
7 2
7 2
8 2
2 7
9 5
1 10
8 2
2 2
5 2
6 6
8 5
2 5
4 5
1 4
9 4
4 1
5 8
6 10
5 1
1 10
10 3
10 5
2 7
8 5
2 8
2 5
3 8
9 7
5 8
2 9
1 5
10 8
2 9
6 6
2 5
10 9
2 2
9 5
3 10
9 7
5 1
10 2
9 3
4 3
4 6
4 2
3 6
2 2
8 4
4 10
4 6
10 3
6 3
6 4
8 6
9 1
3 3
5 10
4 1
6 3
2 5
1 8
4 9
10 2
1 4
10 1
9 9
5 10
4 5
8 2
1 7
1 5
9 4
1 2
6 10
9 10
9 3
7 8
9 1
8 1
7 7
8 9
4 8
7 5
8 9
2 9
3 8
7 6
5 2
2 2
7 8
9 7
5 2
5 10
5 6
2 10
4 10
10 1
8 1
9 3
2 2
10 4
2 9
7 8
8 10
9 2
5 5
4 7
2 3
2 6
5 9
6 2
3 8
9 7
2 2
8 4
7 2
7 8
6 9
5 1
3 2
3 1
10 8
1 9
7 6
3 9
2 3
1 10
6 8
9 3
10 3
4 8
9 1
6 9
5 4
6 3
4 1
6 7
7 7
9 8
6 1
3 3
2 3
2 7
7 4
1 8
9 1
9 6
8 3
4 1
5 2
4 10
1 4
4 1
8 8
10 3
10 9
2 1
4 2
7 8
6 3
1 4
1 3
8 10
5 9
4 9
1 3
6 3
2 9
9 7
10 10
9 8
8 8
1 5
6 2
3 3
4 3
7 2
10 7
1 4
2 7
9 7
1 3
10 7
5 7
10 3
6 5
3 1
9 7
3 6
8 2
8 10
3 4
5 8
4 8
9 4
5 4
8 4
3 8
10 4
1 7
5 4
6 10
1 2
8 9
8 1
10 7
8 10
9 2
8 1
7 3
2 2
1 8
9 3
10 8
8 2
3 3
7 8
3 3
1 2
1 5
2 4
7 6
1 9
7 2
4 8
8 3
2 6
10 5
4 4
2 8
8 7
10 5
1 5
9 8
4 4
8 10
4 7
6 9
6 7
5 6
5 10
10 7
9 4
1 8
1 6
10 10
1 7
6 8
10 9
4 3
2 5
6 4
10 7
9 1
7 6
3 5
2 10
5 3
10 10
4 3
1 3
6 1
7 5
9 5
7 10
10 10
1 7
9 4
10 5
6 10
3 3
10 9
10 1
1 6
10 3
4 8
2 2
3 7
2 2
8 8
1 7
9 10
1 9
1 6
9 5
6 5
9 4
9 8
6 7
6 8
5 1
10 1
7 9
7 1
2 7
5 8
5 10
2 4
7 2
9 4
6 9
3 8
1 3
8 5
7 10
5 7
1 7
5 6
5 9
7 10
7 2
2 6
1 10
8 8
2 5
8 6
1 1
3 9
10 1
1 10
4 8
5 5
8 4
4 3
5 5
8 2
8 3
2 3
6 6
7 2
9 9
4 10
7 10
9 8
6 1
5 9
6 3
8 9
9 2
6 4
1 8
9 8
5 1
8 9
1 8
2 1
9 7
9 1
8 4
4 3
1 3
4 3
10 5
4 2
9 7
6 3
5 4
9 10
10 4
10 2
2 7
4 1
4 4
6 1
10 2
5 3
5 3
9 4
7 2
9 6
9 8
5 7
7 10
7 6
10 1
6 4
3 6
2 2
9 10
8 10
8 3
7 4
5 5
5 5
10 9
9 10
10 6
1 6
4 4
10 2
5 10
8 3
9 6
6 8
9 9
3 4
3 4
2 6
3 2
2 6
2 10
4 1
8 8
9 2
1 10
3 5
4 10
4 7
1 8
10 5
6 1
6 8
7 4
10 8
6 10
2 2
5 6
10 8
10 9
1 6
8 7
3 1
1 2
8 5
10 3
2 4
2 8
10 3
3 3
1 4
3 4
2 8
2 9
8 7
7 10
2 10
10 9
5 4
8 1
5 10
1 9
8 6
5 1
9 2
1 4
8 8
2 8
4 9
10 6
4 5
9 9
4 5
3 9
8 7
9 10
4 7
10 8
7 4
7 5
6 3
4 4
1 2
3 5
4 3
5 10
9 9
8 2
5 10
6 3
7 6
8 5
6 10
6 2
7 8
4 1
6 6
4 3
3 8
7 7
4 7
6 8
5 6
9 3
10 7
3 4
9 2
10 8
2 10
10 6
4 8
9 5
4 10
6 6
10 6
8 10
9 2
2 2
7 9
1 10
10 4
1 6
2 7
10 10
3 9
9 6
3 8
10 2
6 6
4 3
2 5
7 6
7 2
6 2
2 5
4 10
1 5
9 3
7 2
2 3
8 9
1 1
7 8
3 9
10 5
2 8
4 2
3 2
5 4
1 9
6 5
8 5
9 2
7 1
4 7
1 2
3 10
7 8
4 8
1 8
9 5
10 1
1 2
1 1
5 5
1 5
9 4
9 3
9 4
4 3
10 2
4 1
1 9
4 7
8 8
9 6
8 7
6 5
10 7
2 3
9 4
5 1
3 9
2 7
9 1
6 2
1 9
1 1
5 7
7 10
5 6
7 2
10 7
6 1
7 2
7 10
6 8
6 10
3 3
1 6
10 5
9 2
1 5
5 9
6 7
10 6
9 3
8 8
5 8
8 8
4 5
10 10
3 2
10 7
7 10
9 8
9 9
8 10
6 6
7 8
9 4
9 5
1 3
8 2
10 1
10 8
7 2
8 9
9 5
5 4
1 10
4 8
4 7
7 7
2 3
8 2
10 6
2 3
9 9
6 4
2 10
5 9
2 5
5 10
3 8
3 6
3 7
9 10
2 6
6 3
6 3
1 9
5 5
2 2
9 2
7 3
8 10
5 1
7 8
4 10
5 1
10 4
5 6
5 8
3 7
7 8
2 9
8 3
7 8
4 4
1 6
7 4
5 1
9 6
7 4
6 1
6 9
4 4
2 2
8 9
6 9
10 8
1 6
4 6
3 7
1 5
10 1
3 1
6 8
7 3
8 9
6 6
9 5
10 1
8 8
1 1
7 2
5 2
9 3
6 8
5 4
8 5
9 7
2 10
3 3
7 6
9 2
8 5
1 9
8 10
5 8
6 8
7 4
6 1
10 3
5 2
2 4
6 10
2 7
10 1
7 2
7 4
7 3
2 10
3 9
6 8
6 9
5 9
9 4
4 9
9 5
5 6
6 5
1 3
8 5
9 8
3 7
8 1
9 1
7 3
4 8
5 3
5 2
10 9
10 9
8 10
4 2
5 6
10 6
2 10
2 8
3 2
9 6
2 4
5 4
1 4
5 6
8 7
3 6
10 9
1 7
4 9
3 3
6 7
7 2
1 10
7 8
7 2
2 5
1 6
5 7
3 2
4 9
8 3
2 6
8 5
3 1
3 3
2 7
6 3
7 4
3 2
2 8
2 2
3 10
8 5
9 2
8 10
4 10
8 10
6 10
6 6
3 10
4 7
4 9
3 3
6 2
6 2
7 8
2 2
3 2
6 8
5 5
7 8
4 7
6 9
10 4
9 8
3 10
10 9
10 9
10 9
5 5
7 3
9 5
6 2
4 6
7 9
10 2
5 1
5 9
7 10
9 9
4 5
7 7
8 1
2 3
10 2
9 3
2 4
7 10
9 4
10 6
8 10
4 1
9 9
4 7
9 5
4 3
3 9
9 1
7 8
7 2
2 8
2 5
8 9
4 2
3 4
3 5
6 9
3 9
1 8
6 7
10 8
1 4
2 3
8 2
6 5
7 3
5 7
5 8
3 10
5 2
6 2
4 7
8 2
9 8
1 5
7 6
6 2
3 10
2 8
8 10
1 10
2 7
2 8
5 4
5 5
2 5
5 10
5 8
5 7
1 8
6 5
3 1
5 7
8 3
1 7
10 3
4 6
6 4
5 8
7 5
4 8
2 7
9 1
3 3
9 6
8 10
4 6
9 3
6 5
4 4
6 7
10 3
6 8
10 5
1 3
10 10
3 1
9 2
6 1
7 1
8 5
10 5
5 10
10 1
4 7
7 2
6 10
10 4
3 3
3 3
1 9
4 1
3 8
1 5
7 6
8 10
8 3
3 3
8 5
3 1
7 7
2 5
7 1
5 6
7 5
5 7
7 10
6 1
5 8
2 2
5 4
6 6
8 5
1 5
6 5
4 10
4 2
7 7
4 10
3 6
1 9
7 1
9 8
7 3
1 7
9 4
10 4
10 4
3 10
8 8
8 10
1 4
6 8
4 10
5 2
7 4
3 1
9 7
1 10
5 7
7 8
1 4
4 7
7 7
3 4
8 8
6 3
7 6
3 7
1 7
2 9
3 8
8 7
10 8
9 8
9 4
4 4
5 9
2 4
3 2
1 9
7 10
10 7
2 3
9 8
3 3
10 10
3 2
9 8
2 6
8 10
8 1
2 5
3 8
1 10
4 5
6 5
2 4
3 6
9 3
10 1
6 1
6 1
3 6
3 7
7 2
9 6
5 2
2 2
3 1
9 9
4 9
3 7
6 3
4 9
4 9
2 2
7 6
2 9
10 1
3 1
5 9
6 6
3 10
3 7
4 3
8 1
9 10
5 7
3 1
7 10
8 4
1 10
9 5
5 2
8 2
4 3
8 8
10 2
2 4
3 2
10 4
2 6
9 6
8 7
9 3
3 6
6 9
7 4
8 9
4 2
5 5
4 2
6 9
10 3
1 5
8 7
1 1
4 10
5 3
4 6
10 2
3 1
10 4
9 8
9 4
2 2
8 1
10 9
10 6
5 6
8 9
10 4
8 1
3 7
7 8
2 6
4 3
7 6
2 9
10 2
7 8
3 5
1 2
7 4
8 6
4 7
3 7
3 3
1 4
6 9
10 9
2 5
3 6
10 5
5 7
2 10
2 5
1 8
1 3
3 9
1 8
8 8
5 1
1 10
4 4
5 8
8 3
7 9
6 5
3 7
4 7
1 8
1 6
2 10
6 6
6 7
10 5
2 9
3 9
3 8
2 1
5 6
3 8
7 2
9 3
4 5
2 4
3 8
10 4
9 7
4 10
3 10
8 8
1 1
8 6
10 8
4 3
6 5
1 1
4 4
1 5
4 6
8 3
8 2
9 4
5 1
4 10
5 10
6 1
4 8
1 4
10 6
7 9
3 4
8 8
3 7
7 1
2 4
7 2
4 3
10 1
10 3
7 8
8 8
3 7
7 10
9 6
9 10
8 2
3 7
5 10
5 10
4 7
10 3
1 2
7 10
3 1
4 1
7 9
1 9
9 5
5 5
2 7
5 8
9 4
8 9
7 2
7 7
10 4
8 7
10 6
7 6
2 4
1 1
3 4
9 5
3 7
6 3
10 4
4 8
7 1
2 6
5 3
8 10
9 4
1 2
6 5
9 7
3 3
3 10
2 8
5 8
8 5
1 5
4 1
10 1
6 5
1 3
6 9
4 3
5 5
6 5
2 4
3 3
4 6
9 7
8 2
2 2
9 4
6 10
9 1
3 10
8 10
3 7
5 9
6 6
6 2
5 10
1 3
3 10
9 6
6 9
4 2
1 9
4 4
3 2
7 3
10 8
5 6
9 4
2 7
4 1
5 5
9 2
5 1
5 6
8 5
1 3
7 1
10 10
5 7
8 6
5 8
7 10
7 10
7 3
1 8
3 7
9 4
3 6
3 5
9 2
8 7
8 8
10 4
7 10
4 10
9 9
8 6
6 9
9 6
8 6
7 6
10 7
9 5
7 10
8 4
10 10
10 9
4 10
2 3
4 6
5 1
4 6
3 6
5 8
2 2
3 8
7 10
1 3
9 10
10 5
4 9
5 8
5 9
2 8
8 3
8 6
4 4
1 6
5 7
10 8
3 5
3 7
1 5
6 1
10 7
8 2
6 3
1 9
7 3
7 8
5 1
7 3
4 2
10 2
5 2
9 5
9 7
4 6
4 8
5 6
2 10
3 3
7 1
1 1
4 1
9 10
4 7
6 9
4 10
5 9
10 1
3 8
2 10
5 7
5 1
7 10
9 1
3 5
9 10
4 6
2 10
10 9
4 4
5 1
8 7
6 7
4 9
10 7
1 1
2 8
1 1
1 8
9 1
10 4
5 8
9 10
7 1
8 6
5 6
9 2
3 8
10 7
6 2
4 4
4 4
1 5
9 1
5 5
2 9
4 6
2 2
8 2
6 8
4 8
4 5
10 3
9 7
3 9
7 3
7 4
2 4
5 1
7 5
7 2
1 8
6 6
4 4
6 7
5 8
9 7
6 10
4 3
9 9
4 1
8 1
10 10
5 4
7 6
6 8
6 6
7 6
5 4
5 8
1 4
4 1
9 2
1 6
10 2
3 10
10 10
4 5
9 8
7 10
10 2
8 8
10 4
1 2
7 8
8 10
4 7
4 8
8 8
10 8
1 5
3 4
4 2
9 9
10 4
8 2
4 10
5 8
10 8
3 7
3 1
9 10
3 3
10 5
3 3
2 9
5 5
2 1
9 9
2 1
7 7
9 10
8 5
9 5
8 4
4 2
6 2
8 10
9 4
5 4
8 6
9 8
2 1
6 3
1 5
10 7
1 7
1 10
4 5
1 5
9 5
6 5
6 3
4 2
1 7
6 4
2 5
7 7
1 8
10 6
2 2
4 9
3 6
1 7
2 10
1 7
10 8
3 2
9 1
10 4
2 4
8 8
6 1
10 5
1 9
10 8
6 3
2 6
1 6
2 3
4 6
6 6
8 7
7 2
8 8
3 8
5 6
2 2
7 2
9 4
1 3
3 10
1 5
4 5
3 1
1 6
5 6
3 2
1 4
1 1
7 9
4 5
4 4
7 7
2 5
9 1
10 4
2 4
4 3
4 2
3 6
10 9
3 7
5 10
1 4
1 7
9 1
3 8
4 7
4 3
9 5
6 5
2 6
8 1
5 4
9 8
9 10
1 4
10 3
6 7
2 10
6 6
10 2
9 5
9 2
9 9
1 5
6 8
3 4
5 8
5 2
2 5
7 4
9 9
8 10
5 10
10 3
4 2
1 5
9 2
2 3
5 1
9 2
1 1
6 8
4 6
1 2
5 8
6 2
4 9
8 6
9 3
1 5
1 7
10 5
7 1
5 2
6 10
4 7
4 8
7 10
8 2
6 10
3 7
7 3
9 7
5 5
9 8
1 5
5 5
8 7
3 9
10 6
10 3
3 7
9 2
4 10
5 10
6 8
9 7
9 4
7 5
7 8
8 2
8 10
7 5
1 9
9 1
2 4
6 5
3 1
4 2
10 9
7 2
1 10
7 6
2 10
7 1
6 5
6 5
6 1
1 3
8 7
10 3
9 2
10 5
4 10
1 6
5 7
4 8
6 7
2 5
7 9
10 3
7 7
10 1
10 6
6 6
6 10
5 10
1 7
2 2
5 9
10 8
3 5
5 8
2 5
10 7
2 7
8 6
5 1
2 6
1 3
1 9
9 6
6 9
6 4
5 1
9 1
6 5
2 8
2 2
7 5
6 3
8 4
8 5
10 3
1 7
10 4
10 1
7 10
8 7
6 10
8 4
9 10
1 3
8 3
6 10
7 8
7 1
4 1
10 5
5 8
4 2
9 1
3 5
7 2
5 8
3 2
6 5
8 6
4 2
3 2
8 6
1 5
9 9
9 4
4 3
7 9
1 4
8 6
3 3
1 9
5 4
3 4
9 7
3 4
6 1
10 10
4 3
9 6
7 10
5 6
2 3
2 4
9 4
9 1
10 4
8 6
8 2
1 4
5 1
4 7
9 4
7 9
3 3
1 8
9 7
4 6
8 9
5 10
10 10
1 4
2 2
7 8
5 1
3 4
3 10
3 1
7 7
6 8
6 2
2 8
10 7
3 2
3 3
9 1
8 2
9 10
4 8
7 6
1 1
10 5
6 10
7 5
4 7
9 3
10 2
8 7
2 4
10 7
2 8
2 6
7 2
4 7
2 1
2 5
1 3
3 1
6 5
9 5
10 7
2 3
2 6
7 1
7 8
3 7
3 9
5 6
3 7
8 4
4 2
7 2
5 9
1 1
5 8
5 8
5 10
4 8
1 1
8 5
6 10
10 8
2 1
6 2
5 4
8 8
7 5
5 1
10 5
8 1
1 9
6 6
9 4
1 5
2 6
6 7
6 4
6 5
4 2
7 1
4 5
6 1
2 3
1 3
9 1
9 2
1 2
8 7
4 1
10 3
6 8
7 4
7 10
9 4
10 1
4 2
1 1
5 7
2 10
3 2
8 6
1 6
6 2
6 7
8 7
7 5
3 9
4 6
6 5
1 4
3 2
8 2
7 7
1 2
1 3
4 7
1 9
2 6
3 6
10 10
10 10
5 7
6 3
3 10
8 8
5 6
2 2
1 1
3 2
1 4
9 8
4 6
1 6
7 5
8 8
7 10
6 10
1 8
6 1
1 8
2 2
3 5
2 10
2 4
10 7
3 4
5 3
10 7
8 7
2 4
7 2
5 4
1 8
8 10
10 10
7 5
10 4
10 5
10 10
9 6
4 9
4 5
3 10
4 3
10 8
6 4
2 3
2 1
7 1
6 7
2 9
3 5
6 4
4 6
1 7
1 4
3 10
9 9
3 10
9 10
4 9
7 8
8 9
4 10
9 8
6 5
7 6
7 5
7 6
4 10
10 4
2 5
8 10
5 5
6 4
10 5
5 10
3 7
7 10
8 9
1 8
10 6
8 7
3 2
2 1
5 3
7 5
8 9
4 7
3 9
3 6
7 5
5 3
1 6
7 3
2 2
4 10
10 5
8 7
9 3
2 9
7 9
7 4
5 1
7 6
3 4
10 10
3 10
4 9
2 10
6 8
5 9
9 4
7 2
10 4
3 5
6 1
7 3
7 8
6 4
1 1
9 4
6 2
10 9
7 4
2 10
3 6
8 7
5 3
5 5
5 2
9 1
9 5
4 6
3 4
3 3
5 8
5 6
8 7
4 2
9 1
8 7
8 4
2 3
5 3
3 9
7 4
8 5
8 10
4 8
9 6
3 4
4 2
9 4
9 10
10 2
1 9
8 7
10 5
4 4
5 10
7 5
3 8
2 10
8 6
8 1
8 8
1 7
10 7
1 8
5 3
3 9
1 4
9 10
5 6
6 9
6 2
4 7
2 6
8 7
7 8
1 8
9 1
1 4
2 1
4 7
7 7
7 6
7 2
7 6
3 4
7 3
10 10
10 8
6 5
3 7
5 6
6 5
8 7
2 5
4 7
3 8
10 7
9 3
4 8
7 9
6 4
6 3
6 9
4 7
3 10
2 10
4 7
7 10
8 6
9 9
3 10
7 1
9 7
5 10
6 6
3 10
7 9
10 9
7 10
9 7
6 6
5 5
7 4
5 7
4 7
10 6
3 4
3 1
1 3
2 7
6 7
3 5
9 2
5 7
7 9
7 5
10 4
2 10
7 6
5 5
3 5
9 4
5 2
8 7
1 2
4 4
4 9
8 2
9 6
2 10
2 6
2 5
3 5
1 6
6 7
9 10
6 4
3 7
6 6
1 2
3 1
7 4
8 2
6 5
1 4
8 4
1 9
3 6
3 3
4 8
2 7
8 5
10 2
9 7
9 10
7 1
4 8
2 9
9 2
10 2
7 9
9 10
4 7
1 1
5 2
9 7
4 3
2 1
8 4
3 2
6 8
3 4
8 2
2 1
1 4
7 4
4 6
9 5
9 3
3 10
8 10
1 2
4 6
9 2
4 1
6 1
6 4
6 10
10 4
9 3
2 7
1 5
10 3
7 2
9 10
9 8
10 9
2 10
1 1
2 9
3 8
1 4
1 8
4 8
8 4
10 3
3 2
5 2
6 9
6 3
2 6
10 10
8 4
3 9
10 1
4 8
8 7
10 2
6 9
4 7
9 9
1 2
4 8
6 1
5 1
1 1
2 8
7 6
8 2
4 9
2 6
5 10
7 8
6 5
5 4
2 4
1 9
10 10
1 2
3 4
8 4
4 3
5 1
4 4
5 8
2 3
1 6
2 1
5 1
6 1
7 7
4 1
10 8
8 6
8 9
6 8
1 3
9 3
5 2
10 7
1 2
8 10
6 6
10 3
4 5
2 10
8 6
10 1
4 9
7 8
2 5
2 4
7 1
8 3
8 3
1 8
2 7
8 1
2 6
9 7
7 5
10 9
1 9
4 10
6 5
10 2
9 7
5 9
6 8
9 1
1 9
8 3
10 3
3 4
3 6
7 1
2 1
4 10
7 10
1 4
4 4
4 6
3 3
3 3
10 8
10 10
4 8
9 1
6 6
10 5
10 3
9 3
3 10
10 6
2 5
3 4
6 9
7 9
5 8
1 2
9 6
4 3
3 6
9 4
10 8
5 5
7 6
1 10
5 8
4 9
2 8
7 1
7 6
3 9
2 4
8 8
7 1
4 5
2 6
1 4
3 5
4 1
10 10
3 8
8 3
6 3
8 3
8 6
1 9
1 1
4 3
1 6
5 1
1 2
5 8
8 1
9 10
7 3
3 1
2 2
9 10
3 5
1 10
7 10
10 1
4 3
3 2
6 5
5 8
7 8
1 5
4 4
10 9
4 1
3 5
8 2
2 6
7 4
3 5
8 10
10 7
10 5
10 3
5 2
4 6
9 10
3 3
5 9
4 10
9 1
9 9
9 8
2 5
7 10
6 10
3 4
5 9
8 8
1 4
7 5
3 10
7 1
9 10
8 1
9 1
1 8
2 10
2 1
7 10
10 2
4 6
7 4
10 9
1 5
9 10
4 10
6 6
8 2
5 4
6 10
2 4
4 3
9 1
7 10
1 2
5 7
5 3
2 3
5 6
10 3
4 8
4 5
4 6
10 9
2 8
1 7
9 1
7 8
5 4
6 1
6 2
10 4
4 3
5 6
10 7
2 8
2 3
10 10
4 2
7 8
7 9
7 9
1 10
2 4
10 1
4 10
1 5
3 6
10 1
6 3
4 1
7 3
5 6
9 2
2 5
5 10
6 2
9 5
9 1
8 7
7 9
10 8
8 10
7 8
7 6
1 4
10 9
4 1
7 7
10 5
3 8
4 5
5 10
7 7
8 2
3 10
8 7
5 1
4 3
10 9
10 10
9 8
9 3
9 9
9 7
4 5
10 5
1 2
6 7
7 4
7 3
1 8
6 7
8 4
1 5
3 5
4 6
10 8
7 8
8 4
5 1
3 6
3 10
3 9
8 7
6 9
9 5
3 10
6 6
3 6
4 1
8 4
6 7
10 4
2 10
10 1
5 1
4 1
7 10
6 6
2 8
5 6
8 1
1 5
7 2
3 6
2 5
4 8
2 6
2 1
8 4
4 7
6 8
5 6
6 6
2 1
10 4
5 10
5 8
2 7
8 10
10 1
6 10
5 9
4 9
5 5
4 5
10 6
4 2
5 9
8 7
8 4
7 5
1 1
3 8
8 10
9 4
2 10
4 7
1 1
6 7
5 2
8 2
2 3
6 2
7 2
4 5
4 1
6 10
4 8
5 2
8 6
8 6
10 7
7 8
9 10
8 1
3 6
8 7
3 9
4 5
2 8
3 5
7 9
6 3
8 4
2 8
8 6
10 6
6 5
4 3
8 8
4 2
7 2
9 9
6 4
4 6
2 6
8 5
10 8
9 3
1 1
2 4
6 1
6 2
7 6
4 6
8 1
9 3
6 5
6 9
8 6
1 6
4 4
9 1
5 6
10 2
2 6
9 5
4 8
1 1
10 7
1 9
6 8
3 6
7 9
5 10
3 8
1 1
5 1
2 1
1 3
1 2
5 3
9 8
7 1
7 2
1 8
7 10
3 3
4 9
3 9
3 1
7 6
4 6
5 10
2 10
5 2
8 1
4 10
8 6
3 9
1 10
8 5
1 3
3 7
6 2
10 8
3 8
10 9
7 7
5 8
5 9
8 10
3 2
6 4
6 2
10 3
7 7
3 7
7 8
3 10
10 3
3 10
1 1
9 3
9 9
7 7
8 9
6 5
6 6
2 9
3 3
10 6
1 9
7 10
10 4
5 5
3 9
10 10
4 3
3 10
10 9
6 5
5 5
10 6
1 1
9 9
8 6
8 1
8 7
4 3
10 8
1 10
3 4
4 9
5 6
1 8
5 9
5 3
3 6
9 7
3 3
2 9
1 8
3 1
8 4
7 8
8 4
8 9
9 5
1 10
5 10
5 4
7 10
3 6
3 4
5 7
9 6
6 9
4 6
6 10
1 10
10 8
2 7
3 8
7 1
9 4
9 3
9 7
8 10
10 10
7 1
8 9
9 3
4 7
3 1
5 3
3 7
4 4
10 7
6 6
9 4
7 10
7 6
6 9
8 7
5 5
9 2
8 6
7 1
3 2
7 2
8 6
7 7
9 4
4 10
9 10
9 7
7 1
6 1
6 4
3 6
1 6
3 1
10 7
8 10
9 1
4 9
9 4
10 2
9 3
6 2
3 3
1 3
1 10
10 8
8 7
2 7
2 7
4 1
2 4
5 9
1 9
1 6
2 9
2 6
10 1
7 2
8 8
10 1
5 9
5 10
8 1
1 2
8 6
7 8
4 4
9 7
3 7
9 2
2 2
8 9
8 5
7 6
4 10
3 8
4 10
10 3
5 4
6 8
8 3
5 9
4 6
4 4
5 2
1 6
9 9
7 9
1 7
6 5
2 8
4 10
8 3
1 10
3 1
9 6
9 10
2 8
8 10
3 4
8 6
9 1
5 7
5 3
9 8
10 3
5 5
9 6
3 5
6 8
9 4
6 5
8 7
3 8
3 7
3 8
1 8
9 1
10 8
2 5
1 3
5 4
7 7
3 5
5 3
6 2
2 1
3 2
3 5
8 9
9 4
4 5
8 10
2 3
10 7
5 5
5 9
4 3
10 5
3 4
7 4
2 10
7 1
9 3
5 10
2 5
1 6
4 10
5 9
5 8
9 2
6 4
2 2
8 1
4 6
10 2
1 1
3 8
4 2
6 10
6 7
6 5
7 3
7 6
6 1
10 1
4 9
10 1
10 2
4 10
3 2
7 9
4 2
7 3
6 7
10 9
4 3
5 2
5 9
1 2
3 7
4 8
4 9
8 10
2 1
10 9
7 4
8 9
1 5
4 10
10 10
5 3
1 2
8 10
1 4
6 6
1 4
2 1
4 6
4 8
3 10
5 2
7 4
8 4
10 10
6 10
3 4
4 10
2 2
5 8
4 9
4 6
8 9
10 5
10 6
9 6
9 5
6 3
8 10
10 2
4 10
5 4
2 1
8 3
2 1
5 8
1 1
10 6
9 5
2 3
10 3
5 4
8 2
4 5
10 5
5 5
9 7
3 10
7 4
4 6
6 4
6 9
5 1
8 9
9 9
6 4
2 10
9 6
6 2
10 3
7 5
1 5
10 6
1 4
10 7
4 9
4 10
7 3
2 9
6 5
9 1
5 3
2 6
2 10
1 5
10 9
4 2
7 2
2 6
7 7
1 4
3 9
2 4
4 4
8 2
9 10
10 2
1 2
3 1
6 6
9 3
7 5
8 4
1 5
4 6
5 1
9 2
10 3
2 6
9 7
7 2
8 2
1 4
2 1
7 8
8 9
3 1
4 8
9 7
6 8
10 5
9 1
1 7
9 9
2 8
4 8
10 5
9 6
7 5
1 9
3 4
5 3
3 3
5 5
7 5
10 6
5 2
5 10
1 9
1 6
5 3
9 5
4 4
1 9
2 4
8 6
5 4
6 8
2 5
6 8
6 3
6 9
8 4
1 9
9 9
1 10
4 10
9 4
8 10
3 5
1 10
7 2
6 10
6 1
6 4
2 10
6 3
6 1
6 8
9 9
7 10
3 9
2 2
10 4
2 2
7 10
4 3
2 7
7 10
4 1
4 3
3 7
10 10
6 4
1 1
9 6
5 7
1 5
1 7
10 5
10 3
7 6
7 3
8 6
9 3
9 5
3 2
4 10
5 2
1 3
4 10
1 6
4 9
9 9
10 2
2 4
5 7
3 10
6 7
10 4
6 1
10 3
9 2
7 3
4 1
4 8
1 7
4 1
3 9
5 7
1 1
2 5
9 1
9 4
6 4
10 3
1 1
7 9
3 4
2 1
6 2
9 2
1 4
10 2
8 7
4 9
7 2
7 9
10 4
3 5
8 4
3 9
6 7
5 4
8 1
7 5
10 10
7 1
6 9
3 2
9 5
7 7
2 8
10 3
9 3
1 10
1 8
10 4
4 3
8 5
2 2
7 5
5 2
2 9
3 6
3 10
5 2
9 2
6 5
5 4
2 5
9 8
9 1
6 5
3 10
10 2
3 3
8 1
5 8
6 2
9 9
7 3
7 9
9 3
9 5
8 4
9 1
5 7
6 9
2 1
8 1
9 3
3 7
9 3
2 8
4 7
6 6
2 6
10 10
6 8
9 5
5 9
9 6
7 7
4 6
9 1
10 2
10 7
3 2
5 9
10 8
2 6
3 6
9 6
1 8
2 5
2 4
10 3
4 1
8 5
3 4
9 7
1 7
7 9
7 4
9 1
3 5
8 6
5 9
7 4
1 2
7 5
9 10
3 10
10 6
7 7
4 5
5 7
7 9
7 7
7 9
1 9
7 1
9 6
5 10
10 5
10 10
8 4
1 10
9 7
1 7
7 5
8 4
9 2
3 7
6 8
2 2
7 1
2 2
2 8
7 6
9 7
10 2
2 5
9 5
10 5
7 5
9 4
10 2
4 8
6 3
3 9
5 9
1 2
6 1
8 5
3 4
3 8
10 10
3 7
8 3
1 3
8 8
9 4
10 9
7 8
5 2
1 8
4 5
8 9
1 2
2 6
9 7
7 7
6 5
1 5
3 3
8 1
9 2
7 4
4 9
7 5
4 2
3 1
4 9
9 5
7 9
6 9
4 3
7 4
3 2
10 8
10 10
1 2
7 10
8 2
1 5
9 4
7 8
4 3
3 8
5 3
9 2
9 6
8 3
4 10
5 8
5 8
3 7
7 8
8 4
1 5
1 8
8 7
6 2
8 2
4 9
10 8
2 5
7 4
3 2
8 10
3 8
2 3
8 4
8 5
7 6
3 6
4 2
9 3
6 9
1 8
3 9
9 9
1 7
10 9
2 5
10 9
6 7
8 5
1 6
2 6
4 5
2 10
7 3
10 6
4 8
8 1
7 5
8 9
8 7
6 3
1 9
2 7
7 2
5 7
4 5
9 10
7 10
1 1
1 1
6 3
1 1
5 5
10 3
9 7
9 3
2 1
2 5
2 10
6 8
8 5
5 9
6 6
9 2
4 1
7 7
7 2
8 7
10 1
7 2
7 4
6 9
7 8
9 2
5 10
1 10
3 9
4 9
10 10
9 9
10 4
6 6
3 10
9 7
1 8
9 10
5 6
6 4
5 4
8 10
2 10
10 4
8 10
8 9
9 2
8 4
1 1
9 10
4 5
3 4
4 2
7 2
4 2
1 2
6 8
6 5
6 7
9 6
7 8
3 5
10 10
6 8
4 5
10 4
9 1
7 6
10 1
9 2
4 5
2 3
1 1
10 5
4 3
10 10
5 2
2 7
8 1
4 9
2 5
3 3
10 7
2 8
5 5
2 10
5 7
5 3
1 3
1 5
10 6
1 8
8 3
8 6
3 10
8 1
8 3
4 7
3 2
4 8
10 1
6 7
9 3
9 6
7 5
3 5
5 1
2 3
8 8
3 1
10 1
1 6
6 7
5 6
4 5
2 9
5 10
9 10
4 10
6 6
1 4
7 4
1 6
1 7
3 2
1 7
5 6
4 6
6 2
9 10
7 4
3 6
1 1
7 1
6 2
3 2
2 8
2 1
2 1
5 5
8 6
8 4
2 8
8 7
1 7
3 2
10 10
1 4
4 6
1 8
9 3
1 7
3 3
10 1
10 2
6 9
3 7
4 7
1 1
3 7
6 8
9 9
6 3
5 10
7 9
2 1
9 3
9 10
7 2
8 9
9 7
3 1
1 7
8 6
5 4
8 4
9 10
10 6
6 10
3 10
4 4
4 8
1 8
4 3
3 1
4 3
3 9
4 10
3 5
2 10
3 5
10 10
4 6
5 6
10 3
6 4
7 3
8 6
7 8
2 6
4 3
3 4
4 2
5 2
2 9
8 3
1 1
3 7
7 7
3 6
8 3
1 8
2 10
3 6
8 10
10 8
10 7
8 1
8 2
7 8
9 8
8 4
1 4
7 10
1 10
8 7
8 7
1 1
1 2
7 8
7 1
8 8
4 2
9 10
10 6
7 10
4 5
8 6
2 8
3 9
9 9
1 3
8 4
6 5
8 4
3 9
6 7
8 6
8 2
2 4
9 3
7 2
9 4
1 8
9 8
7 10
4 2
10 2
3 1
10 4
7 3
8 8
3 1
10 10
1 6
10 6
6 10
2 6
8 10
6 10
4 1
5 6
5 9
9 4
7 1
4 7
8 5
8 6
1 8
9 9
10 8
4 6
5 2
9 6
8 10
1 6
2 6
3 9
4 9
4 3
5 9
5 2
8 10
5 5
9 1
5 4
1 7
1 8
10 6
5 7
4 1
1 6
1 8
10 5
9 6
8 5
6 1
1 3
6 2
5 3
2 8
7 10
8 8
10 10
5 4
6 2
6 10
9 9
2 7
5 10
10 6
5 6
6 1
7 10
5 3
2 10
3 9
6 5
6 4
6 5
8 6
9 1
10 2
2 6
4 7
7 4
7 7
6 9
9 9
3 1
4 6
9 10
6 4
3 2
7 3
5 3
6 2
5 1
1 3
5 8
3 3
6 10
10 9
9 8
3 5
5 6
10 1
7 9
7 6
7 6
1 5
8 7
6 1
3 9
3 10
3 2
7 5
3 9
6 2
7 2
3 6
5 7
10 8
7 9
7 5
8 6
9 6
3 10
3 10
8 9
3 4
3 5
5 5
7 10
7 5
4 10
2 4
8 7
10 9
10 5
7 9
10 7
6 9
8 1
7 3
1 4
8 5
2 9
2 8
8 3
5 6
5 2
10 6
10 7
9 7
8 5
1 5
5 3
4 3
10 1
1 1
6 10
4 10
10 5
8 8
4 2
3 10
9 10
4 7
9 8
8 8
4 2
5 7
10 2
4 9
5 10
1 7
10 8
2 9
2 6
6 7
1 6
4 5
8 7
3 6
5 7
4 1
7 9
7 8
7 10
6 10
9 7
6 4
5 1
6 9
4 2
8 2
4 4
3 4
5 2
10 6
7 7
6 8
7 2
8 7
1 5
8 1
3 1
7 5
10 10
6 8
10 6
4 10
7 10
4 10
9 2
3 4
5 9
3 10
3 2
9 4
5 4
4 4
7 8
4 5
10 7
4 3
9 4
7 3
4 7
1 9
8 4
9 6
2 7
4 9
5 8
7 2
5 3
10 1
7 10
4 3
4 3
8 2
4 7
1 3
3 6
8 3
2 9
6 9
2 1
8 4
2 7
5 3
3 4
6 2
1 10
2 1
4 1
1 3
6 1
3 5
10 6
9 3
6 6
7 7
7 8
4 1
6 3
3 9
9 10
8 8
7 5
1 6
1 1
9 5
3 4
6 3
2 4
4 8
4 7
8 1
8 6
8 7
9 9
2 1
8 6
1 1
4 8
3 8
3 8
3 3
7 6
1 2
6 9
4 3
7 4
6 4
5 2
8 6
6 3
3 7
4 5
5 9
8 3
9 10
6 2
7 5
1 7
3 8
9 3
5 7
6 8
7 9
5 1
6 8
7 1
9 1
3 7
6 7
3 1
1 10
5 1
1 7
8 4
8 6
5 1
3 4
3 4
10 1
10 7
1 5
8 10
3 7
7 5
4 3
6 7
4 4
10 8
6 10
4 3
4 2
1 8
4 3
4 3
10 2
6 6
9 1
5 7
5 1
6 6
6 8
9 10
2 10
6 9
8 8
6 7
4 1
1 2
9 9
9 9
1 9
6 10
9 3
9 5
7 10
5 4
7 4
4 3
7 5
6 6
2 4
10 7
4 6
2 5
7 8
2 9
7 3
3 3
4 8
9 4
10 1
7 4
5 8
3 9
5 6
3 9
10 8
5 5
2 8
6 3
5 6
7 4
3 5
2 10
9 3
2 9
9 7
9 6
2 7
5 1
5 4
10 8
10 4
5 10
7 10
2 5
4 5
4 9
6 10
10 10
4 5
7 2
6 3
7 7
10 3
8 5
3 9
6 8
3 5
3 10
6 3
5 10
5 5
1 10
2 9
1 8
5 4
7 4
3 5
10 5
6 8
8 2
4 5
10 10
1 9
7 9
4 1
6 2
4 3
2 1
9 4
10 7
5 9
10 7
1 6
6 7
1 3
4 10
10 5
9 10
10 6
5 6
2 10
4 1
4 8
2 6
4 9
6 8
4 4
1 5
6 7
9 3
9 6
9 2
2 1
8 10
6 9
9 7
2 5
1 1
2 1
2 6
5 6
6 9
7 1
3 7
5 4
6 3
6 3
5 2
10 3
1 2
7 1
8 2
8 5
10 3
7 1
6 10
1 1
2 3
4 9
4 6
9 2
1 1
2 4
4 7
1 2
2 9
5 10
4 8
3 9
4 2
3 2
6 2
10 10
9 9
5 3
10 3
10 8
1 2
9 4
10 4
3 10
9 8
5 4
6 10
5 7
7 8
9 1
2 2
6 9
5 4
2 10
5 5
6 1
10 9
1 1
9 8
7 1
1 9
9 9
2 6
7 5
8 10
2 9
9 1
7 9
6 8
10 6
5 7
1 8
4 9
4 8
7 7
4 2
1 7
6 2
7 3
3 7
3 1
3 7
3 5
5 7
8 10
2 10
4 6
6 5
8 10
4 3
5 5
9 6
3 2
5 2
6 3
9 4
9 10
8 2
5 1
2 8
7 1
7 10
10 5
5 2
8 8
8 1
4 2
1 8
9 6
7 8
10 6
3 10
6 1
9 2
4 9
6 1
8 8
6 5
10 7
3 7
3 8
4 7
6 9
4 5
9 1
9 5
10 4
7 1
10 2
9 7
10 2
3 4
6 5
1 3
2 4
7 10
1 2
3 6
7 10
5 7
7 10
7 8
9 8
6 4
10 8
10 1
10 9
2 7
9 7
10 4
6 9
6 6
10 7
1 7
3 5
9 8
4 8
2 10
5 1
1 3
3 1
10 8
9 10
7 10
1 9
9 10
2 5
7 10
9 9
6 10
1 4
5 1
7 7
7 5
4 7
7 10
1 7
5 7
5 5
2 4
2 3
10 7
8 10
3 9
5 4
6 6
8 8
7 9
2 4
1 4
8 6
7 8
5 10
5 3
9 9
4 6
3 10
5 10
2 5
2 9
8 6
2 10
10 2
9 6
1 10
5 3
10 7
7 4
8 3
9 8
3 8
3 8
7 4
5 8
8 2
7 3
8 4
6 6
9 3
7 2
7 10
9 9
8 7
2 8
2 3
10 2
8 7
7 7
3 2
2 5
2 2
5 2
9 9
6 3
3 3
1 4
5 5
9 3
10 7
7 10
7 1
2 1
3 3
9 10
9 4
1 8
3 7
3 2
9 8
3 6
6 6
5 6
8 8
1 7
4 7
7 2
4 4
9 4
5 3
3 10
7 2
3 2
1 7
1 3
8 7
3 3
6 9
3 4
1 10
6 5
4 3
6 1
5 10
9 3
5 1
10 1
5 7
7 3
8 3
8 8
3 8
5 7
6 2
8 5
6 3
7 1
7 5
6 10
2 4
9 5
5 2
6 9
1 9
6 1
10 1
5 1
10 4
5 10
4 7
1 4
10 9
8 4
6 10
2 9
1 1
1 7
4 1
10 6
8 6
3 4
4 10
3 10
1 1
5 3
1 4
8 2
5 4
9 10
10 3
8 1
6 5
10 7
10 1
6 6
2 9
1 9
7 2
3 2
8 1
2 2
5 1
10 5
3 6
2 1
2 3
7 5
3 3
6 3
2 4
7 7
1 7
7 6
6 10
5 6
1 6
10 8
1 5
5 4
1 4
9 2
5 6
3 5
4 8
8 2
9 9
2 3
5 4
2 8
2 3
5 9
4 6
7 9
8 10
5 5
8 4
4 10
1 10
8 2
6 10
6 9
10 5
1 2
3 1
4 6
3 4
2 1
7 6
4 9
10 7
10 8
4 7
9 5
9 10
8 7
10 4
4 8
1 10
3 1
3 4
8 3
4 5
7 3
6 1
2 1
2 2
5 6
1 3
6 5
3 6
3 3
7 6
6 2
8 1
10 1
5 7
5 3
4 8
1 4
6 4
4 1
8 10
7 7
10 4
5 4
3 1
5 9
5 9
4 7
8 7
4 7
7 7
2 8
6 8
10 3
4 8
4 2
4 3
8 5
4 10
5 10
7 7
2 8
1 5
5 9
6 8
8 5
10 5
2 4
6 5
4 10
9 4
6 6
2 3
7 6
4 5
5 8
5 2
6 2
6 4
9 8
7 6
1 8
8 5
6 1
4 3
7 2
7 6
1 6
10 9
2 10
2 3
7 6
8 5
8 4
4 9
4 8
1 1
7 3
3 4
9 10
4 4
6 6
9 7
7 7
6 6
6 10
7 1
1 4
4 10
1 4
1 2
8 5
9 7
2 10
7 1
4 9
4 2
4 1
9 9
7 9
10 1
9 6
9 9
3 7
4 10
10 2
1 10
4 1
4 10
5 1
8 4
7 10
7 10
7 5
4 3
3 10
9 9
6 5
7 3
7 6
10 8
4 4
8 5
2 8
2 9
6 5
6 4
7 7
4 8
6 5
1 1
8 8
2 5
3 3
9 1
1 2
6 1
10 5
4 9
2 10
4 6
5 2
7 4
4 6
1 8
8 6
7 3
7 3
3 5
6 6
9 7
6 3
9 3
1 3
2 8
8 4
3 2
3 4
1 4
8 5
5 2
4 7
5 5
8 3
5 6
5 4
10 5
7 2
2 6
7 6
5 7
1 7
8 7
8 1
7 6
4 1
9 9
4 4
1 7
5 1
8 1
7 6
9 7
10 4
5 3
2 5
4 1
1 5
2 5
2 5
7 7
7 8
5 8
10 9
6 8
7 4
3 6
6 6
2 4
9 4
6 10
5 10
1 6
10 5
6 2
9 6
2 1
4 5
3 8
10 9
5 8
2 7
10 1
9 4
7 10
3 10
10 9
7 4
3 6
4 10
2 2
4 3
1 3
3 7
1 7
4 6
5 6
8 1
8 1
3 5
6 10
5 8
2 4
1 3
7 2
10 1
4 10
4 3
1 4
5 5
2 4
8 9
3 10
7 9
8 8
1 6
5 5
1 7
4 8
3 9
8 1
6 9
4 3
8 7
3 5
7 6
4 3
8 1
10 2
6 9
2 4
3 7
6 6
6 4
4 1
8 2
10 9
3 6
2 8
9 8
2 9
1 8
5 8
3 8
9 5
7 2
9 5
4 4
4 2
6 3
2 3
5 10
7 6
3 10
6 6
8 6
4 4
10 9
3 1
5 2
7 5
7 9
3 1
7 10
9 1
7 5
7 10
7 7
3 1
8 9
7 3
4 1
3 10
3 8
6 4
1 3
7 7
4 1
10 7
10 1
10 9
4 8
10 3
8 10
7 6
7 3
5 2
1 3
9 2
5 2
5 7
6 7
6 1
8 3
10 2
9 10
5 5
6 1
4 7
3 1
5 9
2 3
3 5
9 8
4 1
5 9
9 10
5 3
6 3
7 3
1 7
6 4
6 5
10 4
7 1
5 2
5 4
4 3
3 2
3 8
9 5
8 7
8 1
3 2
5 5
4 7
8 7
1 4
7 8
8 1
10 9
1 3
6 5
6 1
4 9
10 2
6 1
8 7
5 5
7 5
3 8
1 6
10 3
7 3
2 6
6 3
1 4
1 4
2 5
5 8
8 2
7 7
2 8
8 8
10 9
2 2
3 7
3 6
8 4
9 10
7 3
8 4
10 10
8 10
5 10
9 6
7 7
3 10
7 8
6 4
9 3
6 2
2 2
5 3
6 6
7 4
5 8
8 2
5 10
10 7
6 7
3 7
2 6
6 5
6 4
10 6
1 5
2 8
4 6
5 7
1 10
5 8
4 1
10 9
8 3
10 4
2 1
4 3
5 10
1 8
7 3
8 2
3 1
4 7
5 7
9 10
8 1
10 7
9 2
1 1
7 2
7 10
8 6
6 10
9 6
3 3
2 8
1 7
7 8
10 6
1 3
1 6
9 5
5 2
1 3
7 4
4 8
10 5
7 2
4 4
8 8
5 6
8 3
9 3
1 7
5 9
2 10
3 7
10 8
3 1
4 9
8 9
5 8
9 4
10 9
8 8
4 10
8 5
4 3
3 3
2 1
10 9
7 10
3 1
2 8
9 2
5 2
1 4
4 6
5 5
2 8
1 3
6 9
10 1
3 10
4 4
6 10
1 7
6 6
2 4
10 8
8 1
7 10
5 2
6 3
8 5
10 2
2 9
1 1
8 9
4 1
6 10
2 4
8 3
1 5
10 4
5 1
2 5
1 8
1 4
2 8
2 4
1 10
5 9
3 4
1 4
3 10
4 1
3 5
4 8
2 6
7 2
10 4
5 5
1 5
10 9
9 5
1 5
5 7
2 8
4 5
5 7
6 6
4 4
8 2
1 9
7 1
10 7
6 5
5 4
2 3
10 8
9 3
4 9
3 2
1 7
10 5
3 3
1 7
6 7
8 3
7 9
1 10
8 7
4 6
7 6
5 9
8 2
9 10
2 2
10 6
8 4
10 4
4 3
1 10
5 5
4 9
9 9
9 7
3 7
10 6
8 3
10 9
8 10
7 7
4 3
5 2
3 5
1 5
4 10
9 3
3 10
1 4
6 3
7 9
6 8
5 5
5 10
6 8
3 10
7 10
3 9
7 6
2 1
8 3
2 3
6 9
9 1
4 6
8 10
4 2
5 7
4 4
7 9
9 3
3 5
6 4
4 10
5 1
1 3
3 8
4 9
1 10
2 5
8 3
4 6
3 4
7 1
1 1
4 2
7 9
1 8
5 2
7 2
8 3
4 10
9 10
9 2
2 4
4 9
5 2
1 8
8 9
8 8
8 1
2 2
7 6
4 6
3 3
7 1
4 7
1 8
9 1
8 8
4 1
10 10
8 6
1 9
8 2
3 10
6 10
10 8
3 5
7 6
1 9
9 1
3 10
8 6
5 9
3 7
10 4
10 3
10 4
9 7
7 1
5 4
1 9
5 4
2 6
4 3
2 3
5 8
10 2
1 4
2 7
9 7
1 8
6 5
4 4
7 3
8 1
2 8
2 1
8 2
5 6
2 6
5 3
9 3
1 8
7 4
10 6
4 1
7 4
6 1
1 10
1 7
3 5
10 4
10 1
10 10
6 7
8 9
10 2
1 7
10 5
8 5
9 5
1 7
8 7
6 9
6 1
6 3
7 4
1 9
4 3
8 6
9 10
10 10
1 7
6 8
3 8
10 5
2 6
3 3
6 7
4 7
1 2
2 7
1 4
5 8
6 1
4 5
5 7
6 9
4 8
3 2
9 8
7 10
1 7
4 2
3 3
9 7
3 9
6 7
8 6
4 8
5 5
5 8
6 1
4 5
3 4
9 3
6 7
4 8
3 1
4 5
5 8
3 10
10 10
7 6
4 9
3 4
5 6
9 5
4 9
8 9
10 9
3 9
2 8
2 1
7 10
2 3
8 3
4 6
9 2
8 8
9 1
7 7
3 5
1 10
10 10
4 7
5 6
1 9
8 6
6 8
9 6
10 5
7 4
10 6
10 1
3 3
5 5
9 3
9 5
5 10
7 4
10 10
3 8
10 9
7 10
1 1
2 8
8 6
1 8
5 1
2 9
1 5
8 9
4 3
10 2
8 3
10 10
3 9
5 9
10 7
7 7
2 10
5 6
9 6
7 3
8 3
4 10
4 3
7 10
9 3
4 2
7 8
3 5
4 5
1 4
7 4
1 5
8 8
3 4
5 3
9 9
9 4
6 6
2 9
2 7
2 6
6 5
9 8
9 10
2 7
8 3
7 6
6 2
10 4
7 4
7 5
3 5
4 3
7 8
2 1
4 4
5 2
9 3
8 7
6 6
7 1
8 7
8 4
8 10
2 10
7 10
1 5
7 6
5 8
5 4
1 2
7 10
10 10
1 6
8 7
8 7
8 3
8 10
2 2
9 7
7 4
3 1
7 4
10 8
10 6
2 3
7 10
1 1
7 3
1 3
5 5
5 2
9 1
8 8
2 10
10 8
8 5
2 1
7 8
2 2
5 6
1 4
2 10
10 10
3 1
9 1
2 5
10 7
7 3
9 4
10 2
3 5
1 6
1 2
1 10
2 6
4 3
7 9
5 3
10 5
4 7
5 4
8 3
4 10
2 4
8 9
4 6
9 6
4 10
7 1
2 2
10 4
6 10
4 6
9 10
5 1
2 2
5 9
1 6
1 10
4 10
5 8
2 8
10 6
3 1
9 10
6 7
3 3
9 1
1 7
4 2
6 7
3 6
1 6
1 1
10 3
6 7
5 8
7 3
1 7
3 6
3 5
7 9
9 6
7 3
9 5
7 7
4 7
10 2
2 8
4 8
1 4
6 3
7 6
2 2
1 10
8 3
10 2
10 9
4 7
4 5
10 8
9 7
3 7
5 7
4 6
10 5
9 6
5 4
7 7
8 1
5 3
9 1
3 3
3 9
6 10
1 6
4 7
7 4
3 9
7 9
5 4
6 1
6 1
5 2
2 8
2 4
1 6
8 9
4 3
5 6
2 1
9 7
4 4
8 1
7 3
5 10
8 7
4 8
9 10
8 8
7 9
1 10
3 4
1 3
2 1
4 7
1 8
4 2
8 5
9 5
4 3
6 5
5 1
8 8
2 8
2 4
4 1
7 4
10 10
4 9
7 8
8 6
1 4
4 10
9 1
5 7
5 10
9 6
3 8
3 10
9 10
1 3
1 7
1 5
4 4
3 3
1 10
10 10
5 10
10 3
7 5
1 10
10 6
6 5
7 3
9 9
9 7
9 9
7 4
10 10
2 4
5 7
10 1
3 9
1 2
5 8
5 8
4 4
2 8
5 1
5 9
4 9
6 7
1 8
9 2
9 7
9 3
3 10
4 9
2 8
9 4
3 10
6 6
9 6
9 9
7 10
1 8
3 6
6 5
1 5
3 4
9 6
10 9
6 3
7 2
4 7
6 2
3 8
6 10
3 5
5 3
4 2
6 4
4 9
8 6
2 7
3 1
10 8
1 7
2 3
9 8
7 1
3 4
7 8
10 9
8 8
6 1
1 3
10 7
8 8
8 2
2 9
7 2
3 1
5 1
7 2
2 6
8 4
4 5
9 2
3 1
10 8
8 1
7 5
6 4
5 7
10 1
7 4
8 8
7 3
3 1
6 7
6 7
4 3
1 10
2 9
3 3
10 4
7 8
10 5
8 1
2 3
10 1
8 3
4 8
1 10
3 5
9 2
1 1
9 7
6 9
8 3
7 1
7 1
6 7
10 6
5 9
2 6
2 5
2 8
9 3
1 9
6 2
7 6
2 8
4 3
6 5
6 5
10 7
4 3
7 3
6 3
9 5
3 2
3 3
3 7
4 2
2 4
1 10
8 1
3 9
3 6
6 6
2 7
5 3
10 10
3 9
5 3
9 2
4 8
4 10
7 9
3 8
3 9
3 10
10 3
4 9
10 4
1 2
7 8
8 4
1 8
8 8
9 2
9 9
9 7
9 1
6 4
4 7
3 2
9 5
9 1
10 6
5 3
3 7
10 9
7 7
6 10
4 7
3 6
3 1
6 10
10 6
4 9
9 6
1 8
1 5
4 8
10 9
4 7
9 7
5 10
3 4
8 2
1 4
4 9
8 7
8 2
1 10
7 5
9 9
8 1
8 9
10 8
8 5
6 9
9 8
2 1
6 10
2 2
10 5
3 6
3 3
7 4
10 4
2 3
9 4
8 10
6 2
6 7
6 6
4 7
1 9
1 1
2 6
6 3
2 2
5 8
7 2
2 5
7 7
10 5
5 6
4 1
7 10
6 5
4 3
2 8
9 6
2 2
3 9
7 10
3 5
6 6
1 7
10 10
2 1
5 9
6 8
1 4
10 4
1 7
4 1
6 1
7 4
3 6
5 1
4 10
4 5
8 1
10 7
6 10
5 8
7 7
4 3
5 4
4 10
10 5
3 5
8 8
3 2
8 9
8 3
4 7
7 5
8 4
7 3
9 8
1 7
1 8
2 6
4 3
3 1
7 3
5 4
7 2
10 4
5 5
9 2
8 2
4 4
5 5
8 9
4 8
9 5
10 6
10 6
6 7
4 2
6 2
6 8
7 7
10 5
10 5
9 7
10 4
7 7
7 7
4 10
10 9
2 2
2 10
7 5
5 5
5 3
5 10
5 5
6 4
7 8
7 10
4 5
3 2
5 5
2 1
9 6
8 5
10 3
7 1
6 6
10 10
10 9
9 6
2 10
3 10
6 5
9 10
10 1
3 7
7 3
10 4
2 10
9 10
6 9
10 4
9 9
8 9
9 8
1 1
7 1
8 4
1 6
4 5
9 7
3 8
6 6
8 7
1 6
2 1
4 5
5 4
7 7
9 8
6 9
5 5
8 10
1 3
10 4
4 5
5 6
5 7
6 6
2 3
9 6
6 3
10 10
7 3
9 5
7 10
7 7
1 5
2 6
9 9
4 6
5 3
1 4
6 3
5 2
5 6
4 3
5 4
10 8
9 5
7 8
10 9
9 5
8 9
6 5
7 5
2 5
5 3
2 1
1 8
1 8
6 4
9 10
3 6
10 10
3 7
8 8
3 10
5 1
4 1
8 4
8 4
5 9
8 6
1 5
9 6
4 1
7 2
6 4
3 6
3 9
4 4
8 3
1 3
10 6
7 3
8 4
3 2
2 1
9 6
5 7
3 8
2 3
6 3
2 8
8 8
1 7
3 9
4 2
4 8
9 5
4 9
4 9
9 3
5 2
6 2
10 8
3 1
7 7
3 1
8 2
10 5
10 5
5 1
10 3
6 7
4 1
5 10
4 8
1 6
7 7
3 6
9 1
8 8
3 5
1 4
7 3
7 6
2 4
6 3
8 2
8 4
4 9
5 3
5 8
8 10
3 3
8 6
9 2
8 9
2 1
5 5
9 2
1 1
10 8
10 4
9 9
5 1
6 8
7 10
7 9
3 3
3 9
6 5
9 6
9 3
4 1
2 9
10 5
3 9
8 6
8 8
10 10
1 6
5 9
6 10
3 5
7 7
7 7
4 8
7 4
4 8
3 4
4 8
7 1
1 4
8 2
5 3
7 4
10 1
9 4
3 10
7 3
6 4
10 9
3 7
10 5
4 4
4 1
9 2
1 6
1 10
9 2
5 4
3 5
6 5
1 9
10 1
7 7
2 3
10 1
8 8
1 3
1 8
9 3
4 7
9 6
4 4
6 8
1 8
6 9
1 8
1 9
8 7
6 6
4 4
9 5
6 4
6 7
10 5
7 10
5 2
6 7
5 4
6 9
7 7
9 4
3 1
2 7
2 1
2 1
1 1
9 2
2 2
10 9
2 6
6 9
3 7
1 2
5 4
8 3
1 1
8 10
2 1
2 6
7 1
3 2
9 4
6 8
1 6
6 4
1 7
10 8
6 3
9 5
8 2
3 10
4 9
5 10
8 3
10 4
3 8
9 8
8 7
6 9
4 1
2 2
7 3
9 10
7 5
3 10
8 2
5 4
7 3
2 3
1 2
2 3
10 4
8 1
1 9
9 7
6 10
8 6
6 7
8 3
7 1
3 9
10 8
4 6
6 7
4 9
3 9
3 1
9 1
1 7
4 10
8 6
3 9
6 4
10 5
4 1
2 9
3 4
4 6
10 7
4 9
7 1
8 5
7 6
2 8
1 9
2 8
7 4
6 4
6 3
2 8
4 7
1 6
5 10
6 8
9 10
6 5
8 8
9 6
4 1
8 8
9 10
5 10
6 10
8 6
5 9
4 7
6 5
10 3
4 9
3 9
4 1
10 1
7 7
10 6
10 9
6 3
10 5
1 9
3 7
4 6
7 3
8 6
3 6
2 9
8 8
5 4
3 4
2 8
7 5
6 5
5 7
10 5
6 4
4 6
2 3
7 2
8 5
5 5
7 10
1 7
2 3
5 3
7 4
3 2
1 4
10 3
7 3
4 7
8 1
2 10
3 1
5 3
9 3
7 10
1 6
3 4
9 6
9 4
1 6
2 8
4 9
7 4
6 5
2 2
4 3
10 1
6 6
9 9
1 10
5 6
8 4
6 8
10 4
4 4
4 10
7 9
6 6
9 4
9 8
4 8
8 1
6 9
10 1
10 2
5 9
9 6
4 7
9 10
9 6
1 7
7 7
10 5
7 5
6 4
9 1
3 6
3 3
8 5
3 10
9 7
7 3
2 2
9 6
10 4
6 2
7 10
4 7
1 6
3 5
3 7
9 7
4 7
2 2
10 9
3 6
1 3
9 6
9 1
7 5
5 1
1 7
8 1
7 8
7 4
3 7
4 10
3 5
10 7
7 5
3 3
2 10
3 3
9 8
5 9
1 1
9 1
4 1
8 1
2 6
6 8
7 10
5 7
9 4
10 9
7 3
5 10
6 2
3 8
9 6
8 6
1 8
6 5
3 7
1 4
9 9
4 4
5 1
2 6
1 2
3 4
5 3
4 3
8 7
3 7
10 5
10 10
6 7
3 6
2 6
7 6
2 2
4 5
6 3
4 10
4 2
6 9
3 3
8 8
5 10
4 5
8 7
10 2
9 9
8 4
8 5
5 10
2 6
3 5
3 6
7 7
9 8
1 4
3 7
6 9
9 10
1 2
8 3
8 10
10 9
2 8
3 4
4 9
5 8
8 10
5 10
5 1
6 1
1 2
2 7
4 9
2 6
1 5
9 1
7 8
8 9
5 10
2 2
8 5
9 2
3 5
5 1
1 1
1 2
9 4
1 8
9 2
10 10
5 9
5 8
3 5
8 8
4 2
3 3
6 8
8 6
3 1
10 8
6 4
8 1
1 7
3 2
10 3
7 10
10 2
8 5
1 4
2 3
9 6
7 6
3 5
6 2
6 9
1 10
8 2
8 5
5 6
1 5
4 3
8 8
9 2
10 9
2 7
7 10
3 3
10 10
3 4
1 4
2 1
1 2
6 9
9 4
4 8
2 3
10 5
9 10
1 1
7 7
7 2
7 10
7 5
1 8
7 6
6 7
8 1
3 8
6 9
10 2
1 10
7 9
4 9
1 5
5 9
2 4
7 3
7 3
7 4
7 2
8 10
5 9
1 4
7 6
10 7
6 2
5 5
10 3
8 6
10 3
7 9
5 8
10 6
9 6
2 2
6 4
4 4
10 7
4 10
5 5
1 1
9 10
8 5
3 6
7 6
4 9
7 1
6 10
4 7
3 9
9 7
5 5
10 3
3 9
10 5
3 7
10 5
3 3
5 7
1 1
4 2
6 9
4 6
10 8
4 4
7 5
3 10
1 4
9 6
1 3
6 4
10 8
9 8
10 10
7 3
9 8
1 6
3 7
8 2
2 7
7 4
3 4
10 9
6 9
10 2
4 4
3 6
3 6
1 7
4 3
6 3
8 2
2 2
2 5
8 9
2 5
4 1
4 8
9 4
10 7
7 2
8 7
3 10
7 7
3 5
1 8
1 10
2 9
2 3
8 10
8 9
1 5
5 4
2 5
6 10
7 1
7 6
2 8
3 4
4 3
2 10
10 3
1 6
5 6
10 10
5 2
6 3
10 5
8 4
5 10
3 6
5 8
2 7
7 6
10 8
10 8
1 5
7 6
1 1
9 2
4 7
2 2
4 9
6 3
1 1
9 8
6 2
7 1
4 5
10 10
4 9
2 7
9 9
9 2
10 8
9 2
7 7
9 2
7 10
7 3
8 5
2 3
4 4
7 3
5 7
1 5
1 3
4 1
5 3
6 9
8 8
3 10
6 4
8 4
1 2
10 2
9 7
1 4
4 4
1 5
10 4
9 7
4 3
1 5
9 5
6 5
9 1
2 8
7 6
3 4
7 8
1 2
1 6
7 7
10 10
6 10
5 4
2 6
9 3
3 3
1 3
8 3
4 10
4 9
2 4
3 6
10 5
10 4
5 6
6 1
8 8
3 1
6 1
9 6
1 6
4 2
6 9
2 2
7 2
5 6
2 8
2 1
2 5
10 1
2 3
1 3
9 6
9 4
8 4
7 3
6 8
9 4
3 8
7 1
4 2
1 9
1 3
8 2
8 5
10 8
3 7
8 6
6 6
1 1
4 8
6 1
1 4
1 8
1 2
8 4
8 9
2 5
3 10
8 7
7 3
5 1
9 7
9 8
4 9
6 5
2 8
2 9
7 1
1 7
9 4
10 10
5 6
6 6
10 1
1 9
9 4
9 9
9 2
4 7
8 6
4 8
10 3
4 6
4 5
9 9
1 3
3 7
4 3
7 3
1 3
7 3
4 4
6 5
2 7
5 10
8 1
10 7
7 2
6 10
8 4
2 3
3 8
3 10
8 3
9 4
1 5
10 3
7 7
9 2
8 7
5 3
1 6
2 7
4 1
7 3
1 9
7 1
8 8
6 9
7 3
5 5
6 4
3 1
5 4
10 9
3 7
2 8
2 6
7 8
3 4
5 4
10 4
9 6
8 3
5 2
3 10
5 1
6 9
8 4
10 9
7 6
1 4
4 4
4 4
7 6
10 3
5 8
3 4
6 2
10 3
10 9
8 7
7 2
9 3
5 1
2 8
7 5
4 4
4 6
5 10
5 5
1 4
5 6
2 7
10 7
5 2
1 2
5 2
6 5
5 9
7 8
3 10
9 1
8 3
7 7
8 3
10 8
1 3
10 10
5 9
6 5
1 10
7 2
2 6
9 1
2 8
6 5
5 1
8 3
8 10
5 2
8 7
3 1
8 5
4 2
9 9
1 2
3 10
9 6
10 7
7 7
2 10
2 2
6 6
9 4
4 4
10 7
1 5
7 9
2 9
4 5
5 3
1 8
3 10
7 3
8 4
5 10
9 6
1 7
1 2
6 3
10 4
4 9
7 9
8 2
7 5
3 8
10 7
2 9
7 7
6 6
4 8
8 6
1 7
7 1
10 1
5 1
8 3
6 10
9 3
4 2
6 3
2 7
7 4
5 8
2 5
9 10
10 8
10 4
9 9
3 10
4 10
2 2
4 4
10 9
10 9
7 6
8 10
2 10
10 8
7 2
6 6
5 1
4 5
7 8
1 3
2 7
2 10
10 3
3 5
10 8
9 10
1 8
9 10
8 4
2 5
1 1
10 2
6 9
9 2
10 2
8 1
7 2
9 2
10 6
9 1
2 6
6 2
9 1
7 3
5 4
2 2
6 6
9 1
7 4
9 8
10 6
3 7
1 3
3 6
9 6
7 10
6 8
9 2
9 1
10 1
10 6
10 6
1 6
5 9
7 7
4 8
9 7
2 5
8 8
2 5
9 2
6 3
5 8
2 4
3 7
7 8
1 4
10 8
7 2
6 8
6 9
4 7
7 9
8 7
2 1
2 6
9 6
9 5
5 9
5 1
4 8
5 3
6 4
5 6
10 2
3 10
8 7
1 9
1 9
7 6
3 10
7 6
1 4
1 8
8 4
3 9
8 2
5 3
4 2
9 1
9 9
3 2
1 3
2 5
4 7
6 1
5 4
8 4
5 10
5 10
4 1
7 4
7 7
5 5
4 5
9 6
9 8
10 4
10 6
5 9
9 2
5 9
5 7
10 9
2 2
3 4
9 2
3 7
9 9
3 3
3 7
1 2
8 2
3 1
7 5
1 8
8 10
3 5
7 8
10 2
1 8
6 7
7 3
1 8
1 2
2 4
8 3
5 10
8 4
5 4
10 9
5 9
3 9
4 2
7 8
1 9
5 10
10 10
5 10
5 8
2 4
10 8
2 6
8 4
4 3
6 3
5 7
7 4
10 1
10 10
9 4
7 7
1 3
3 6
9 10
7 8
4 6
10 6
9 2
3 7
3 2
10 9
3 1
10 3
4 3
4 4
9 4
10 4
10 3
9 1
4 8
3 10
4 3
3 1
5 7
10 6
9 4
10 2
7 3
4 10
9 6
8 7
9 2
8 7
4 10
8 1
1 4
5 1
10 7
5 8
4 6
10 2
2 4
4 7
5 5
7 6
9 6
5 9
5 4
4 10
3 3
3 6
3 6
4 10
10 6
9 3
3 5
9 2
4 4
10 6
1 8
5 5
7 6
3 10
8 6
1 5
5 8
2 5
2 9
5 7
3 10
7 5
9 3
1 10
4 1
2 5
1 1
3 3
6 6
6 7
6 10
3 6
8 3
9 5
2 1
3 9
4 1
10 2
4 3
2 5
1 3
10 7
4 3
1 9
6 4
10 5
4 3
10 2
10 9
4 8
2 9
8 3
1 8
4 1
7 5
3 6
6 10
10 4
6 3
2 8
6 7
10 4
5 10
7 4
7 3
1 7
5 8
4 2
1 8
2 8
3 4
2 5
2 8
9 9
8 7
3 2
1 9
1 5
10 3
4 6
3 8
9 9
1 10
10 10
7 8
10 9
10 1
8 4
7 5
1 9
2 10
4 1
5 1
10 4
1 3
8 8
3 10
2 3
2 1
1 10
2 9
6 5
9 7
10 2
2 2
5 9
8 4
4 5
5 9
8 8
3 10
7 2
5 10
9 5
4 8
6 8
2 1
2 3
4 10
3 1
3 1
8 6
7 9
3 9
5 5
10 7
3 4
3 6
9 1
10 1
10 3
1 6
7 7
3 6
1 9
1 5
1 9
9 1
3 1
7 3
1 8
2 10
6 3
2 6
5 8
1 7
3 2
3 8
3 8
6 2
9 2
6 4
7 1
5 4
10 3
9 10
1 10
8 1
9 3
1 5
8 10
8 3
4 2
6 10
3 4
5 4
6 8
7 2
8 6
1 8
2 8
2 7
10 1
4 5
1 2
2 3
3 6
9 1
9 3
10 4
7 6
8 8
7 2
3 6
1 7
4 10
8 8
4 8
6 2
5 8
10 10
10 10
9 3
6 7
5 7
3 6
7 1
9 7
10 10
4 2
3 4
6 7
9 6
5 6
4 2
1 1
2 5
5 10
5 10
10 7
5 9
5 4
6 8
8 3
9 3
8 6
10 10
6 4
5 6
5 1
9 8
9 8
3 4
2 3
8 9
3 6
6 9
6 3
6 2
7 1
8 9
2 9
2 10
10 6
7 6
5 2
3 7
8 4
9 8
9 5
6 10
6 3
1 3
2 10
6 5
5 3
10 10
7 3
6 3
4 7
9 9
7 3
6 6
7 1
1 5
9 1
3 10
1 3
7 10
3 7
6 10
6 9
7 9
8 4
3 8
4 5
8 8
7 7
6 9
9 7
8 8
10 9
5 1
6 9
8 6
4 6
1 7
5 7
5 6
10 1
7 4
4 9
6 3
7 10
7 7
10 5
3 8
4 3
6 2
9 10
8 1
6 8
10 2
2 6
9 7
2 5
2 8
6 8
5 8
10 2
6 7
8 6
6 6
6 3
7 8
10 4
6 2
10 10
10 4
4 3
9 4
7 2
3 4
6 1
8 2
1 9
7 1
7 8
10 9
5 5
5 10
2 4
7 5
2 1
2 3
3 5
9 4
10 2
5 2
4 10
5 2
6 6
1 4
10 6
1 3
4 1
8 1
1 6
1 10
5 3
1 5
2 3
9 8
1 1
3 5
2 1
1 1
4 1
4 4
1 3
10 10
6 5
2 7
2 4
6 6
3 3
2 5
1 8
3 10
9 2
2 3
2 1
8 5
7 4
2 10
3 5
8 9
9 3
4 10
2 3
3 3
8 10
9 10
2 8
9 3
1 4
8 8
5 2
5 3
2 10
3 8
1 3
2 7
3 5
6 10
9 1
5 3
2 8
8 10
3 4
6 3
5 3
1 8
2 3
4 4
9 5
7 3
2 7
4 10
6 1
9 5
5 10
10 9
1 3
6 3
6 1
3 9
4 8
1 1
6 5
9 6
10 7
5 2
8 8
9 4
2 9
9 1
6 3
7 10
6 3
8 1
9 2
1 4
9 9
6 2
9 4
2 4
4 10
2 8
2 9
6 3
2 9
5 8
3 4
1 2
8 10
8 1
6 4
10 3
9 10
9 7
2 8
5 3
4 9
1 10
10 1
3 10
6 4
6 7
9 8
5 4
4 3
8 5
1 8
6 1
8 9
4 4
5 2
10 10
2 9
6 4
7 4
9 4
4 9
6 4
2 8
10 1
6 10
2 10
1 4
4 10
2 3
1 10
6 1
2 10
9 8
9 10
9 5
9 8
5 1
1 7
5 4
10 6
6 1
10 1
3 9
2 9
9 6
2 3
6 10
8 4
2 5
8 10
2 3
2 4
7 5
8 6
6 5
3 10
5 1
1 10
7 10
3 9
5 3
10 8
5 8
6 8
2 9
9 5
3 9
1 10
10 6
8 6
4 10
1 4
10 4
6 10
10 1
5 1
3 7
5 2
1 10
7 9
2 7
9 9
1 9
7 5
2 6
7 9
5 9
8 6
7 9
10 9
1 10
3 5
5 3
10 3
7 7
10 5
10 4
9 7
4 6
8 9
6 1
8 10
8 2
2 8
1 7
6 1
7 5
8 5
9 9
9 1
6 6
10 5
1 5
8 1
6 4
2 4
9 5
1 6
9 9
5 8
4 8
10 10
2 9
10 5
5 8
3 1
10 1
1 4
5 3
9 9
9 5
4 1
8 4
3 1
6 3
5 3
5 4
6 6
4 9
3 9
8 10
5 6
6 3
1 5
2 2
8 8
9 10
1 3
7 7
3 9
5 7
7 7
8 1
9 4
9 10
2 5
1 4
7 1
4 8
2 7
10 7
4 1
9 1
10 3
3 5
3 7
9 5
8 9
8 9
8 1
9 10
4 6
2 7
7 5
10 2
1 2
3 9
2 1
3 3
5 8
10 3
1 9
6 1
6 4
2 10
1 9
2 6
9 6
9 6
10 5
1 10
9 1
5 4
1 6
1 10
5 3
10 10
8 9
3 7
6 3
5 3
8 2
5 1
10 7
6 8
10 3
2 6
9 1
7 8
4 4
5 6
7 1
5 7
4 9
6 8
7 8
8 10
5 10
10 8
3 4
3 5
5 8
1 10
1 1
1 5
5 8
8 7
4 4
6 10
4 5
8 9
8 5
6 2
4 1
6 8
9 1
7 2
2 1
10 5
6 8
8 4
5 6
1 10
2 10
8 8
6 8
6 9
10 10
2 10
1 3
3 3
5 10
10 3
5 3
10 6
9 9
9 7
8 3
10 8
4 5
5 9
8 3
3 1
3 8
8 5
8 9
4 6
10 5
9 3
3 7
10 2
9 7
1 2
9 10
3 2
5 2
1 4
5 3
8 4
5 7
6 6
8 6
3 6
3 7
8 1
3 6
2 7
2 8
6 6
3 2
3 3
5 2
10 4
10 5
2 9
2 6
6 3
3 9
1 7
6 4
8 7
2 7
3 2
9 10
1 10
3 5
5 5
6 7
1 10
5 9
3 6
6 1
3 5
6 10
7 3
8 6
8 5
7 6
9 10
10 1
9 10
7 1
9 10
4 5
1 8
6 6
3 5
5 6
8 1
2 6
4 7
3 1
9 8
2 2
9 9
4 1
3 3
6 9
2 5
1 3
3 3
10 8
4 9
4 1
2 8
7 7
10 5
3 9
8 7
9 8
3 10
7 1
5 1
5 1
1 2
1 3
3 10
9 8
3 9
10 6
4 6
8 10
2 1
1 2
7 6
3 4
3 8
4 9
3 3
3 2
10 1
1 3
4 5
6 5
7 2
7 1
3 4
1 6
8 4
4 10
8 7
3 5
9 6
1 10
9 2
1 3
7 4
7 6
3 1
3 8
5 10
6 6
7 9
5 5
7 7
7 9
10 5
8 8
1 5
8 1
7 4
9 1
7 5
8 5
1 1
9 3
10 7
7 2
6 5
2 2
8 10
5 9
1 8
1 1
1 5
6 2
2 6
5 4
10 6
9 3
8 8
4 7
4 1
6 9
8 1
8 1
4 6
3 9
4 3
7 1
3 7
8 3
7 9
4 2
9 5
1 1
8 3
5 8
6 6
4 1
9 10
5 7
10 6
7 6
7 3
2 5
5 6
5 5
10 7
3 1
8 6
1 8
4 2
2 3
2 8
3 4
4 6
3 3
9 3
9 10
4 2
6 6
10 9
1 4
8 9
10 2
9 1
9 2
1 10
10 10
6 1
5 7
7 10
8 6
8 6
9 6
10 5
10 4
3 6
2 3
3 6
8 7
10 1
5 3
6 7
2 7
1 6
4 4
3 1
9 3
4 2
3 1
2 6
1 1
9 8
1 1
7 9
4 8
7 5
7 10
4 4
3 7
4 5
7 10
3 5
8 1
7 3
1 3
2 5
7 3
2 2
10 2
10 7
3 4
10 2
3 6
3 3
9 1
8 3
3 1
1 3
1 9
5 1
7 10
2 7
8 2
2 2
8 2
1 10
9 1
1 5
10 3
8 10
5 3
7 10
5 9
8 3
2 2
8 5
1 3
5 3
2 7
3 8
10 4
9 3
3 7
2 8
7 3
9 10
9 4
2 8
1 4
5 7
10 3
8 7
7 7
9 10
2 9
6 9
5 10
8 4
1 7
4 6
8 7
4 7
10 4
9 9
9 10
5 5
3 1
3 10
8 4
4 5
7 9
4 1
3 3
4 8
9 1
3 10
15 10 74
14 12 94
19 14 91
20 17 91
13 14 55
16 13 51
19 15 72
11 19 93
10 18 67
20 20 84
20 19 83
20 20 72
11 11 92
15 15 83
20 17 88
15 10 85
17 20 71
16 11 70
13 19 53
19 12 70
17 13 85
10 15 54
11 15 93
16 18 59
16 18 79
18 20 66
12 18 67
13 13 91
11 10 61
16 20 73
15 16 91
19 19 66
16 18 96
17 14 58
19 10 78
16 15 98
12 20 64
12 11 87
12 12 89
11 14 58
12 13 74
10 17 92
11 16 51
15 16 78
11 13 92
15 16 64
14 14 88
20 20 58
14 18 59
11 14 90
13 20 98
18 13 62
13 11 79
17 17 82
13 20 81
11 12 50
15 14 89
19 15 86
11 20 93
10 10 61
20 16 77
18 10 98
20 15 60
11 16 53
11 14 93
14 14 87
17 16 80
15 20 96
15 17 97
20 19 60
10 11 89
11 14 72
14 13 54
16 13 54
17 12 90
14 16 68
18 17 63
16 11 51
18 19 77
16 13 71
14 10 98
10 11 83
15 18 88
11 11 89
20 14 53
13 14 96
19 11 82
18 11 88
17 10 77
17 18 78
10 19 73
14 17 75
10 11 50
17 14 53
11 19 85
15 20 81
18 14 99
18 16 74
12 17 89
18 10 84
19 12 82
19 13 99
16 13 75
13 11 76
17 14 73
18 16 83
12 20 89
12 18 92
13 19 51
15 14 66
18 14 88
11 15 52
13 16 79
20 19 50
20 15 95
13 19 86
10 14 93
15 18 66
11 10 50
13 15 92
15 19 51
10 17 83
20 13 86
12 12 81
11 19 67
19 12 90
18 19 55
19 20 59
18 14 56
11 15 89
18 18 100
18 14 99
19 14 84
11 12 52
14 14 72
12 17 100
12 14 59
10 13 84
19 16 87
17 16 75
14 12 61
13 15 93
11 15 64
10 17 81
14 19 75
18 13 56
10 11 83
18 16 99
13 12 97
17 16 59
11 20 67
12 16 90
19 17 83
17 10 100
18 20 79
20 17 82
12 20 62
14 12 99
17 12 71
17 15 58
14 19 54
20 20 57
14 17 63
13 15 83
12 12 84
19 17 97
12 13 66
10 16 73
10 19 67
17 20 71
13 20 62
11 16 84
18 19 86
17 18 74
10 12 61
10 14 53
19 16 90
19 18 58
12 20 81
17 19 57
11 13 81
13 14 63
10 13 73
11 13 84
17 17 75
17 15 99
18 10 52
16 12 53
16 15 100
13 14 90
11 15 92
10 20 72
16 10 74
12 15 95
15 15 94
20 15 75
19 17 79
14 13 67
16 14 67
16 10 80
10 16 57
17 16 66
12 10 77
17 20 67
17 14 74
19 18 87
13 13 58
19 16 59
12 14 75
17 18 76
15 13 54
13 20 71
17 18 84
12 12 72
17 11 78
11 20 71
15 10 69
19 11 86
19 12 63
14 17 97
18 17 81
18 15 66
14 16 90
10 11 90
19 20 93
17 10 90
17 10 91
11 20 92
14 20 73
20 20 68
12 10 98
15 20 51
16 17 90
13 20 95
13 19 90
20 13 63
20 12 80
13 18 90
18 18 65
17 14 55
10 20 58
20 19 61
20 15 92
17 10 62
20 13 92
14 13 60
20 20 55
16 15 61
12 15 79
16 11 67
12 16 56
11 18 51
18 11 70
12 14 70
10 13 90
20 16 62
20 13 67
17 17 66
10 14 81
16 19 61
20 10 60
10 14 99
13 12 68
13 16 63
16 14 79
10 20 84
15 14 61
16 20 80
14 11 60
13 15 62
16 16 97
15 13 96
15 20 100
17 16 73
17 15 95
16 17 79
17 19 78
15 19 81
14 11 53
20 16 99
10 14 78
13 11 52
13 12 90
18 11 54
10 11 91
10 13 93
11 17 83
11 14 56
15 12 59
16 20 87
20 13 88
19 14 74
12 16 96
11 17 55
20 14 67
15 11 75
17 19 86
20 18 93
18 13 100
10 16 53
18 11 52
19 19 72
18 20 58
10 15 88
12 14 71
13 14 81
11 19 71
10 20 66
10 11 69
10 17 88
17 13 71
13 13 52
14 20 52
14 13 63
13 17 67
16 15 73
19 10 52
11 16 86
14 14 100
13 14 62
19 16 86
19 16 92
13 17 80
16 11 86
19 12 51
17 19 67
10 17 77
10 13 50
16 16 58
19 14 83
10 15 53
12 15 59
15 17 66
11 14 63
19 13 96
20 18 93
17 14 57
18 11 57
10 17 99
11 13 61
13 13 51
20 18 60
14 16 81
17 15 60
12 12 76
13 15 84
14 11 62
12 14 67
17 18 75
14 12 67
13 14 64
13 18 88
17 13 54
17 18 76
19 20 81
19 11 69
16 15 78
14 15 99
19 11 76
11 10 73
18 12 62
17 13 58
14 10 92
16 18 69
13 12 98
19 20 65
10 12 85
11 15 82
14 11 53
10 10 63
15 11 83
10 13 65
18 11 71
16 11 76
19 18 82
17 13 98
16 16 83
12 15 65
15 18 77
16 13 68
20 15 82
12 11 53
13 18 92
20 20 69
20 12 51
14 10 76
20 14 58
10 16 98
15 15 61
12 12 80
10 12 63
13 12 53
18 16 55
12 12 87
20 14 58
17 14 63
11 17 91
17 20 96
15 18 86
17 20 85
20 14 73
19 19 87
18 13 93
15 15 67
10 17 56
12 12 60
10 16 85
13 16 84
15 19 89
18 14 60
16 11 86
11 20 100
16 20 77
19 12 99
19 16 54
11 18 88
15 15 78
18 16 83
14 15 53
14 13 91
16 17 54
12 19 90
11 12 68
14 15 93
17 18 80
17 20 72
15 15 56
14 19 80
15 20 60
12 14 62
20 19 66
19 12 71
19 18 75
12 14 97
20 20 72
10 10 58
15 19 93
17 10 62
11 19 52
20 15 98
20 19 60
14 19 83
15 20 64
20 17 77
11 14 70
20 18 50
10 19 52
13 18 78
12 12 98
11 20 74
13 18 94
13 12 90
14 17 65
19 11 75
14 14 100
18 13 67
20 17 62
14 15 54
11 14 86
16 16 74
15 18 70
13 17 96
20 15 86
11 16 82
10 15 67
12 16 57
20 17 97
15 19 77
12 16 62
20 10 59
12 13 87
14 15 81
13 13 74
10 20 72
18 11 95
11 18 79
10 15 54
13 11 84
14 13 81
11 16 70
20 11 100
13 11 52
11 16 87
16 16 99
16 10 86
12 10 78
18 14 72
10 17 71
16 12 100
20 14 71
16 17 78
16 12 71
15 14 52
14 10 50
16 17 86
20 13 95
14 19 81
17 20 50
14 17 56
12 12 77
12 17 89
20 19 74
19 19 90
12 11 86
18 10 86
15 14 93
19 20 87
14 11 96
17 12 72
19 20 98
17 18 85
16 12 61
11 14 59
16 12 63
19 15 95
15 20 87
13 12 69
18 14 72
19 13 74
13 19 55
10 18 57
10 16 66
16 20 51
10 14 54
10 16 52
17 12 71
10 12 50
17 20 55
17 16 87
17 12 65
20 16 96
12 10 78
20 20 82
17 12 80
20 13 83
11 13 71
16 10 100
15 11 83
13 17 89
18 18 75
14 10 73
20 15 69
18 16 67
12 18 66
12 15 74
16 11 94
16 11 86
17 17 63
18 20 79
17 20 82
12 18 80
15 12 85
11 16 99
15 19 87
14 12 94
14 11 92
14 10 96
11 19 82
20 17 78
10 20 67
11 13 61
14 12 73
16 15 52
17 14 70
12 18 91
20 15 73
10 10 73
15 17 59
15 10 84
15 15 51
15 20 52
14 18 69
14 15 94
18 11 100
18 16 55
12 11 57
20 20 67
10 16 64
14 11 100
15 11 56
16 16 81
17 18 93
10 12 69
20 16 69
19 11 75
10 19 96
19 13 90
14 12 93
19 19 56
12 12 85
14 15 65
17 19 72
16 12 85
13 11 94
15 13 57
19 20 61
20 13 94
16 14 96
15 11 74
20 15 75
16 16 84
19 14 63
13 16 54
20 14 56
16 10 75
17 17 91
20 13 74
10 15 99
16 16 54
14 13 50
14 19 78
13 10 88
15 16 59
17 20 78
11 14 62
20 17 74
18 13 81
10 18 50
13 14 94
15 17 98
11 11 66
14 20 77
17 15 97
13 19 54
19 14 71
15 17 79
12 17 59
13 18 64
12 15 61
17 15 89
11 18 56
16 11 71
17 19 82
18 15 98
20 16 94
18 19 54
13 12 52
10 10 53
10 17 65
20 10 79
17 12 93
12 10 86
15 17 87
15 12 76
14 17 66
19 13 80
11 13 53
17 12 71
20 16 75
11 10 57
13 19 84
17 16 67
14 10 50
14 17 89
14 11 92
16 13 92
12 11 94
12 20 90
18 16 87
14 15 51
13 16 97
13 16 84
12 13 55
15 19 88
10 18 50
18 19 89
10 19 97
16 12 86
16 15 98
10 17 87
16 14 100
18 18 58
16 14 70
16 12 61
12 17 73
10 13 96
10 20 52
15 15 90
16 20 52
10 11 90
20 16 77
13 11 82
15 10 75
15 10 82
10 10 82
12 11 71
17 14 53
16 19 89
17 20 61
19 15 80
18 18 51
12 16 96
17 19 65
11 11 68
12 20 72
10 20 99
10 12 60
15 16 90
15 13 64
20 16 87
10 13 97
14 19 92
17 20 85
13 17 79
19 17 78
20 19 76
14 13 53
18 12 63
16 16 59
16 19 80
20 20 88
17 16 66
14 15 87
10 15 100
16 15 99
10 10 77
16 18 99
11 12 53
13 12 58
12 11 85
20 19 92
19 11 87
12 14 86
20 13 54
18 12 52
11 16 61
11 20 52
15 14 94
19 13 73
20 15 72
11 12 97
15 11 67
14 18 77
17 10 86
15 16 50
15 12 62
18 14 73
16 15 78
18 17 50
19 14 70
15 11 74
10 19 79
11 10 80
11 15 97
13 18 88
19 14 86
15 11 60
17 19 92
13 20 81
11 10 69
12 17 100
20 19 100
11 16 65
19 20 83
20 16 71
16 12 99
11 10 50
19 11 70
11 19 65
14 17 96
15 14 95
17 18 53
19 20 62
19 16 60
12 20 57
16 20 81
11 19 67
15 14 95
19 20 73
11 20 91
20 11 90
14 17 53
20 14 76
18 16 54
10 20 91
16 20 91
16 17 82
11 19 78
13 15 54
20 12 84
17 11 93
14 18 97
11 16 88
16 10 98
20 14 88
19 15 79
14 12 72
14 20 93
15 16 86
19 19 81
13 16 65
10 10 66
18 15 73
12 12 54
14 15 57
19 17 75
20 11 97
11 11 93
18 19 67
13 20 94
18 14 54
13 20 95
16 12 81
13 11 51
12 10 92
16 14 98
19 20 95
10 17 86
10 12 74
19 20 91
18 16 81
18 19 68
11 15 95
14 11 64
12 15 79
13 15 83
17 20 93
14 20 87
14 12 89
13 19 51
17 12 62
16 19 55
13 12 75
19 16 72
16 13 100
11 16 76
12 15 52
14 18 76
14 11 58
13 19 88
19 20 99
14 13 85
11 12 57
12 13 88
18 15 85
19 10 82
10 19 57
16 14 62
13 15 98
11 19 76
19 10 76
17 10 61
19 15 83
19 17 91
14 12 76
15 12 95
14 20 81
16 20 57
10 10 96
10 20 94
15 16 84
16 15 77
16 14 57
16 20 53
14 13 96
18 16 74
11 20 54
14 17 90
17 12 94
18 13 97
19 15 90
14 17 58
10 12 61
18 15 81
19 14 60
12 16 89
14 19 76
17 18 76
17 13 95
18 13 83
20 15 82
15 11 89
20 13 52
20 14 83
15 18 79
20 20 83
18 15 65
11 16 100
12 20 93
13 14 74
17 10 83
16 11 57
15 10 75
20 10 96
16 13 76
10 19 75
12 12 80
17 10 67
10 18 60
14 11 80
19 18 61
15 19 94
11 13 85
17 12 76
18 16 72
14 18 85
17 10 88
11 16 89
12 20 88
20 13 84
20 14 75
12 11 66
20 19 67
17 10 67
13 20 92
18 11 75
20 20 100
20 18 61
17 16 50
18 16 60
13 18 70
14 18 81
13 17 54
20 15 74
14 17 84
20 17 96
18 19 69
20 10 61
10 14 96
17 16 71
17 17 87
10 15 67
11 13 97
20 10 74
10 15 70
12 12 77
16 17 91
13 20 90
13 20 98
16 16 67
17 13 83
20 19 65
13 17 98
11 10 65
19 13 77
16 16 93
19 12 59
13 17 71
16 18 91
17 13 59
18 11 79
18 12 58
11 20 96
14 15 87
12 10 75
13 20 57
14 11 84
16 17 69
17 16 97
12 11 59
18 14 57
18 14 68
14 20 70
18 18 86
16 11 56
13 13 65
12 18 76
13 11 92
15 19 57
16 10 85
19 18 90
11 19 77
17 16 69
14 14 95
13 16 55
15 18 60
18 13 96
11 17 82
19 10 58
16 18 89
14 13 60
11 19 94
10 16 55
19 14 55
19 10 60
11 12 55
10 18 62
19 10 53
12 11 53
10 15 89
11 18 64
18 11 100
12 11 86
13 16 94
19 14 60
11 11 81
19 16 59
14 11 54
19 18 70
15 11 67
17 18 57
14 14 96
11 14 73
14 15 86
20 19 72
20 11 52
20 20 75
16 18 83
10 15 93
11 14 70
16 13 77
17 13 70
10 15 54
20 12 84
10 11 76
17 16 84
20 19 95
16 14 69
13 13 78
11 10 96
18 20 80
12 13 71
20 17 79
17 13 65
11 15 50
15 12 61
10 14 92
17 19 81
10 15 59
11 15 66
11 11 87
16 16 65
11 11 50
20 15 78
18 20 74
18 12 55
17 18 97
11 14 97
10 17 95
20 20 56
10 11 57
15 15 73
13 10 61
11 14 98
14 16 65
20 16 78
11 19 60
15 10 92
19 11 63
12 15 70
12 15 56
16 14 92
12 15 70
13 10 53
17 16 67
12 11 71
12 18 99
17 17 92
18 14 88
17 16 65
10 16 67
15 18 99
20 16 64
10 13 60
19 19 96
12 11 55
17 12 91
17 20 62
13 18 50
16 11 82
14 19 59
19 18 73
15 16 61
11 14 98
19 14 94
16 16 69
18 17 93
13 10 81
15 20 76
11 15 80
17 10 97
18 15 97
14 14 54
20 17 56
10 15 65
12 11 83
10 17 88
19 16 65
12 15 88
12 10 65
18 18 88
10 16 78
11 10 87
18 14 55
19 19 50
15 14 58
15 18 54
19 20 59
12 11 88
19 14 95
13 18 79
19 14 79
10 16 96
19 20 59
13 17 68
20 14 91
19 14 92
12 10 91
19 16 64
13 15 63
18 14 64
11 17 69
11 15 80
18 18 66
18 18 68
13 10 96
12 19 50
19 16 77
12 10 82
17 13 56
20 16 55
10 18 84
17 19 87
13 16 90
18 18 71
10 17 95
20 18 71
13 15 50
16 19 77
20 12 82
19 18 92
17 17 58
14 12 57
17 13 55
15 12 90
16 20 66
15 12 84
10 18 90
12 19 89
17 17 62
19 19 97
13 15 64
10 17 76
13 11 64
11 10 54
17 11 80
13 13 62
14 10 95
13 17 98
17 13 66
12 15 84
15 18 88
11 11 73
15 18 61
11 20 56
18 16 66
19 11 87
10 19 88
20 13 68
10 14 85
20 17 88
15 19 83
19 11 78
11 16 68
15 13 87
14 11 62
19 19 53
10 17 93
17 14 62
19 19 77
20 19 68
20 13 51
10 15 78
18 14 63
17 14 69
11 10 77
11 15 73
17 18 83
20 19 66
11 19 51
16 17 70
17 12 89
12 14 90
10 20 56
19 17 56
20 20 97
20 11 94
14 11 74
11 16 58
16 18 97
20 12 80
12 14 86
19 17 75
10 10 84
19 15 60
15 11 94
15 18 90
11 15 91
20 20 78
12 16 67
13 14 55
12 10 81
18 14 72
15 14 66
16 10 71
19 13 53
11 12 90
10 13 85
19 14 54
13 20 90
14 11 74
10 12 100
18 10 96
14 11 83
11 15 87
18 16 84
13 16 67
19 17 50
13 11 72
14 11 68
14 10 55
16 13 89
20 16 90
17 10 54
11 18 75
14 12 62
19 19 70
17 10 63
13 14 64
16 18 78
15 15 84
18 11 58
16 14 74
10 15 81
10 10 66
12 19 91
13 15 76
12 15 89
13 14 70
14 18 78
11 20 83
12 20 52
14 19 75
20 12 90
15 16 99
13 10 63
12 11 66
13 15 98
12 18 90
15 18 65
13 17 91
15 20 96
20 12 74
20 13 97
13 13 81
20 12 63
11 18 52
10 10 75
12 15 96
12 11 63
16 18 69
14 12 67
12 10 52
20 20 75
14 17 63
12 14 58
20 15 64
11 14 53
12 14 50
17 16 56
13 16 94
18 10 87
15 10 70
20 10 59
18 16 77
19 19 98
16 19 76
20 19 98
17 18 86
10 18 52
18 19 89
19 15 83
12 14 87
18 19 85
18 17 61
10 20 60
14 17 94
19 20 94
19 15 79
20 17 66
15 15 75
10 10 94
12 16 51
10 10 98
17 15 90
11 16 51
18 14 97
11 12 82
19 11 97
18 12 76
13 17 72
12 14 63
16 12 74
12 12 65
11 17 60
13 14 62
11 13 71
16 20 56
18 16 98
20 17 72
17 18 57
15 18 82
16 20 60
12 20 82
10 16 64
13 16 78
17 13 77
15 15 99
14 13 92
20 15 94
14 19 90
15 12 93
18 19 89
15 20 53
13 13 69
13 18 95
15 15 50
20 15 58
18 19 58
20 20 59
20 14 93
12 16 99
10 12 60
20 17 56
16 18 73
13 16 85
10 14 89
15 15 50
16 14 90
20 20 62
14 10 51
18 12 72
10 16 64
10 14 80
19 10 79
17 10 83
12 12 70
17 20 93
14 16 54
13 18 85
20 11 89
16 19 61
19 15 55
10 15 52
17 12 56
14 13 87
11 18 95
13 15 99
17 13 87
11 12 91
13 10 67
13 18 99
15 18 59
13 20 61
16 15 63
12 13 98
19 12 85
14 10 80
11 10 71
11 15 91
18 13 86
19 17 80
12 11 53
19 20 50
17 15 81
10 12 89
16 16 61
15 14 88
13 20 97
19 18 76
20 10 53
20 12 79
13 12 62
13 10 77
20 10 83
10 17 66
16 17 88
18 19 77
16 12 88
12 19 88
19 15 63
11 12 58
12 16 82
20 17 69
12 15 83
10 18 62
18 13 87
19 11 74
17 14 51
11 19 60
16 14 74
10 11 57
13 19 80
11 18 63
15 18 64
15 14 84
15 16 69
13 12 69
12 19 69
13 18 72
10 20 97
19 18 92
18 20 100
14 14 54
11 14 86
19 19 54
10 12 53
16 17 84
17 13 63
15 18 72
11 16 99
17 18 89
17 14 82
11 19 86
19 11 85
19 17 57
17 13 72
13 15 65
14 13 86
13 11 58
16 13 52
20 13 66
20 15 80
14 13 86
16 19 71
18 10 59
13 13 71
18 10 76
14 14 51
14 17 80
18 13 73
19 10 75
12 16 50
18 18 57
10 10 51
12 19 57
15 18 82
16 11 88
18 16 74
16 16 74
15 11 67
20 14 75
20 15 71
12 16 95
16 17 88
17 16 95
20 13 71
16 11 65
17 10 51
15 15 59
18 18 98
18 13 82
20 13 50
16 12 58
10 12 65
17 14 51
18 10 76
15 12 51
13 17 98
19 19 88
13 19 80
15 13 57
20 14 70
16 12 55
20 14 77
11 13 75
11 15 83
12 18 88
14 19 51
19 15 78
15 10 66
18 12 82
17 20 93
14 11 99
13 20 64
10 16 66
11 20 91
18 15 57
15 16 71
16 12 75
15 19 65
12 16 65
12 18 96
13 10 100
16 16 81
11 13 76
20 17 66
12 11 82
19 14 83
12 15 62
20 12 86
13 17 99
14 12 75
10 19 80
19 13 79
18 17 52
17 20 54
13 12 57
13 14 51
16 15 60
10 14 71
14 20 74
12 12 90
19 20 87
14 14 85
14 15 76
20 15 100
16 19 58
11 14 81
15 10 53
17 19 63
14 13 94
10 19 88
10 18 82
13 10 75
19 15 51
13 12 76
18 10 62
15 20 77
12 10 72
13 19 77
17 12 85
10 18 61
17 16 80
13 16 66
12 17 91
11 12 97
15 14 56
13 12 91
20 16 80
11 14 73
11 12 96
19 18 87
18 12 70
16 16 65
20 17 87
12 19 50
16 18 60
11 18 85
12 16 79
10 10 85
18 14 59
15 20 57
11 11 53
14 14 93
15 11 97
17 18 52
15 17 99
18 11 91
19 18 64
15 12 64
20 12 99
11 10 78
16 18 63
15 11 55
10 18 52
15 10 62
12 13 70
11 11 56
13 13 91
10 16 65
18 12 87
13 10 73
12 16 51
16 15 92
20 17 76
13 17 87
12 10 59
14 14 90
18 18 74
19 12 52
11 17 90
10 16 76
17 11 51
19 13 85
16 18 70
15 18 88
10 16 63
20 12 80
14 19 61
10 20 53
14 19 52
19 11 86
10 19 76
13 20 73
20 18 52
17 13 56
18 16 83
12 17 74
17 13 95
19 19 56
16 11 73
14 20 67
18 16 75
10 11 77
11 14 63
13 19 58
15 10 83
10 19 92
12 12 74
16 12 80
20 14 91
20 13 82
20 10 77
12 10 64
17 19 96
17 16 90
17 20 51
18 15 72
13 11 97
14 11 52
19 10 86
19 14 91
13 14 60
10 10 77
19 16 67
19 16 87
14 20 65
14 13 53
20 14 81
18 12 81
12 16 85
11 20 73
19 13 82
16 19 51
14 17 68
10 10 66
11 18 90
15 12 70
17 15 82
17 15 69
16 17 98
16 12 91
19 18 73
17 16 90
20 12 71
20 15 90
11 19 69
18 12 86
14 20 51
15 13 54
13 14 97
12 20 97
16 19 66
14 11 65
10 18 66
20 12 73
19 19 82
10 19 98
10 15 77
10 10 53
15 11 78
20 10 82
19 13 65
12 15 68
20 13 88
19 11 70
19 11 72
14 10 56
17 14 79
15 18 80
16 11 57
18 20 99
15 20 53
14 17 85
15 12 53
14 10 65
20 16 60
12 12 54
14 19 55
12 19 83
14 18 87
19 13 86
17 14 71
18 15 77
17 17 61
15 20 82
17 19 51
16 13 63
11 18 93
14 18 82
11 16 67
20 12 59
16 14 81
11 15 78
18 17 98
12 13 87
13 17 94
15 11 86
14 14 74
20 19 56
13 13 97
17 13 54
19 13 54
19 10 52
10 11 63
12 19 85
18 15 53
20 20 73
17 11 93
14 18 80
12 15 76
17 10 79
18 14 94
12 10 73
15 10 76
18 16 97
13 16 77
13 10 88
17 16 68
18 12 98
12 12 82
12 14 100
17 16 63
13 19 73
16 20 79
17 20 77
18 12 67
17 20 90
18 16 99
19 17 77
19 13 83
14 15 80
11 18 89
17 20 84
10 13 80
19 17 91
17 16 51
15 15 98
20 18 80
13 18 71
12 13 76
14 18 95
12 19 93
16 16 98
16 17 94
17 11 60
13 11 82
19 18 86
11 20 90
17 18 79
10 20 84
12 11 59
14 18 80
19 16 94
15 15 75
10 19 54
19 14 85
11 19 51
11 11 72
12 11 82
13 15 75
14 19 56
12 15 94
14 18 56
17 17 74
14 12 66
10 11 95
16 12 71
12 12 60
18 10 50
13 10 50
11 14 70
19 10 68
10 17 61
10 16 94
14 10 65
16 11 81
18 18 78
15 15 85
12 16 67
19 14 64
19 12 79
14 19 75
16 17 57
10 15 54
13 12 85
19 13 56
14 19 63
16 17 56
16 11 77
19 19 71
11 13 54
19 12 64
12 11 88
12 18 51
17 11 69
14 14 86
10 12 64
15 10 78
19 10 55
16 11 78
13 18 58
12 18 68
14 19 58
11 14 81
16 19 53
10 13 66
18 11 63
13 19 85
18 20 66
15 17 85
19 13 75
12 19 91
12 10 58
17 16 53
15 10 91
10 19 61
14 10 74
16 19 74
14 17 57
15 19 60
19 11 77
11 20 99
10 19 59
11 15 82
18 10 72
12 11 63
18 16 85
19 11 94
20 14 82
16 10 57
17 10 78
18 19 94
15 20 73
11 11 96
19 10 65
19 18 85
18 13 77
10 11 72
14 20 57
10 14 52
10 17 72
15 13 53
14 17 54
16 13 95
20 14 57
16 11 79
13 16 95
15 11 81
20 14 91
10 15 69
18 19 88
16 20 76
20 11 91
16 20 78
16 10 71
16 17 53
17 10 81
14 20 74
10 13 89
13 19 96
16 13 90
12 11 66
11 15 84
12 11 99
11 18 57
20 11 74
16 19 98
19 20 72
13 12 79
18 11 59
18 18 96
10 10 95
15 12 86
16 20 50
14 14 75
12 15 71
15 13 69
19 11 86
13 12 90
12 11 52
13 18 69
10 18 71
12 17 78
16 14 52
15 18 96
19 15 68
13 15 97
15 12 53
15 15 97
15 11 58
14 20 69
14 16 57
11 12 56
11 19 80
19 19 93
19 19 56
15 19 93
18 19 71
10 16 66
18 13 60
11 20 93
16 13 55
19 15 53
12 12 72
16 13 99
14 13 98
11 12 63
12 20 90
12 19 89
10 11 87
13 17 91
18 16 50
17 15 61
14 19 61
16 16 76
20 19 57
10 18 75
16 13 59
10 15 69
20 20 72
11 14 76
14 11 76
19 20 90
16 20 84
14 12 79
13 13 58
15 11 95
10 18 96
15 10 85
13 15 69
18 18 94
15 14 77
12 18 84
17 14 54
19 17 73
14 10 65
17 16 86
12 15 51
13 18 68
18 20 85
20 15 77
13 10 75
20 17 100
15 17 97
13 13 93
12 16 59
14 18 87
16 11 77
13 10 67
12 17 57
20 10 92
14 13 79
16 13 54
20 12 79
18 15 88
11 10 51
18 13 61
20 16 51
18 19 74
11 10 62
10 19 85
19 17 53
17 14 77
13 20 98
13 11 53
18 20 90
13 18 67
11 10 71
14 15 71
17 10 75
15 15 57
17 15 82
10 17 51
11 11 100
15 18 89
15 14 52
17 11 77
18 17 75
17 10 54
20 11 98
12 15 73
19 14 67
11 19 98
19 11 61
10 19 53
14 20 96
10 17 73
14 12 66
12 12 67
10 13 82
18 11 58
20 20 79
17 16 76
12 20 91
14 16 93
17 16 68
13 18 70
18 20 73
15 11 85
11 20 99
20 14 59
16 10 70
16 12 85
16 15 88
16 17 53
18 18 69
12 19 99
17 11 100
16 17 67
19 11 96
19 13 55
19 19 62
12 14 73
16 17 92
12 12 55
14 11 71
16 20 73
19 18 76
14 12 53
13 14 62
15 14 81
14 10 92
12 13 99
18 10 73
11 19 58
14 17 98
18 19 90
15 10 62
12 17 84
18 13 96
11 17 76
11 18 77
10 19 64
10 14 71
15 17 62
16 17 76
13 19 95
12 19 56
10 14 70
18 14 54
15 18 50
10 19 80
12 19 74
15 13 60
10 18 56
16 15 72
20 13 77
14 10 78
11 15 62
12 13 100
12 18 77
20 13 79
17 12 66
17 16 79
11 13 66
19 20 97
19 16 85
17 12 51
15 11 98
12 10 75
14 17 56
15 15 63
16 13 93
10 14 68
13 16 98
16 19 51
14 20 94
20 18 94
13 17 68
17 17 85
10 16 79
14 17 73
11 14 67
16 15 91
11 19 89
19 17 59
19 11 93
20 15 64
14 20 84
19 11 91
17 17 98
14 11 80
19 10 76
11 14 69
11 17 61
16 11 86
11 18 52
17 12 87
19 13 62
20 20 77
15 19 85
12 10 61
19 16 51
19 17 85
11 10 76
15 18 76
14 17 69
13 19 98
19 11 59
12 18 100
15 18 86
15 15 75
10 18 55
15 11 73
12 13 60
13 13 50
18 14 52
13 19 76
17 20 90
19 18 50
16 12 98
13 12 87
12 10 80
10 14 81
12 12 86
13 17 74
17 15 82
12 15 72
19 13 55
12 11 51
17 20 59
14 15 50
19 19 74
10 14 79
14 19 60
17 20 92
11 18 70
14 14 55
13 20 72
17 10 96
18 16 62
13 10 65
18 11 53
14 18 91
19 15 77
19 11 62
11 19 81
20 13 95
10 11 78
13 16 96
20 19 93
15 17 98
16 16 91
19 10 61
18 13 65
17 14 72
13 13 98
10 17 75
15 13 58
12 15 52
10 18 90
15 19 89
10 11 98
11 20 70
10 19 60
13 13 64
11 17 76
20 14 97
14 18 61
10 11 50
11 20 78
10 11 78
16 13 54
10 17 68
15 20 84
11 12 92
20 12 63
12 15 54
16 12 72
15 18 65
14 18 54
15 18 84
10 16 79
16 14 67
18 13 86
19 17 62
13 20 53
14 15 70
12 20 96
17 18 72
13 16 64
16 12 92
18 17 69
15 16 85
19 19 99
17 17 59
18 15 54
10 20 92
10 19 59
16 20 53
15 20 87
13 15 72
14 18 87
13 19 62
20 15 69
19 15 83
10 11 54
14 17 71
15 13 84
15 18 86
13 12 77
15 13 94
17 10 76
20 16 62
20 16 54
19 10 51
16 20 78
11 15 84
20 10 83
15 19 53
20 12 81
17 14 62
10 16 100
16 14 54
20 19 67
15 10 100
11 17 50
10 16 67
10 11 77
18 20 94
11 12 62
10 15 87
14 17 92
13 15 56
16 10 68
12 15 79
14 17 65
18 20 65
10 13 89
16 12 99
12 14 67
20 10 99
11 12 61
14 16 74
10 19 88
19 18 54
16 17 100
15 18 55
12 17 85
18 15 68
14 12 72
15 14 56
13 19 65
19 18 76
15 16 68
18 16 72
12 13 60
15 13 77
12 18 59
19 16 73
12 16 71
12 11 69
16 20 67
12 10 73
13 14 62
20 15 65
10 15 64
11 16 99
12 14 62
18 20 89
18 13 62
14 18 82
13 17 64
20 17 80
14 16 82
16 18 71
18 10 85
20 15 84
15 14 74
12 10 64
14 11 68
16 16 53
13 19 78
11 17 92
19 15 76
10 12 81
16 10 81
18 10 52
12 10 85
17 19 69
13 12 52
14 14 88
20 16 59
10 19 53
15 17 59
14 17 64
15 19 83
14 16 85
18 13 78
18 16 99
13 17 74
17 20 76
16 19 84
14 14 74
17 12 72
20 11 78
11 13 81
14 18 86
18 15 73
11 19 97
19 19 68
18 11 90
11 15 61
15 16 79
18 17 93
11 17 68
10 10 80
14 13 56
11 12 73
10 10 77
14 12 95
10 15 92
11 14 58
14 17 55
19 15 90
16 10 97
12 14 77
19 11 61
15 20 57
10 15 68
13 20 84
19 19 53
19 16 54
12 15 64
16 15 50
13 16 64
19 20 90
16 18 74
18 13 84
19 12 87
11 16 65
10 15 80
19 13 61
16 18 74
17 20 57
11 12 77
12 15 58
13 12 94
10 17 86
12 13 94
15 17 88
14 10 86
14 11 55
15 16 86
17 13 73
17 19 89
10 17 99
11 16 69
19 20 74
16 17 69
17 19 52
14 20 59
20 17 75
14 18 88
18 19 70
19 16 95
14 11 90
19 10 64
19 12 62
12 14 62
12 14 91
14 18 61
11 20 73
11 15 63
13 14 86
18 15 66
11 18 56
20 20 99
20 10 72
11 11 90
13 20 84
12 15 97
11 13 58
15 19 92
10 17 82
20 19 93
17 16 75
11 12 97
18 11 82
11 13 92
16 11 95
10 10 81
15 20 97
11 10 67
18 18 100
14 15 91
19 12 80
10 18 70
14 13 61
20 14 56
14 17 65
19 17 66
13 13 65
14 15 73
19 12 87
17 20 83
11 17 87
12 10 98
10 15 91
13 12 91
17 20 58
17 15 78
17 16 54
10 12 80
15 15 71
17 17 73
10 14 100
14 20 91
11 20 65
19 17 59
17 15 98
16 13 93
19 17 68
16 14 73
14 13 57
15 15 63
16 19 87
12 15 69
15 20 99
17 20 90
15 16 66
13 14 76
11 15 86
19 15 66
18 12 67
15 10 96
10 17 53
17 15 90
12 10 100
18 17 55
13 16 80
17 17 64
12 19 57
11 10 50
17 11 78
13 19 54
19 18 97
12 20 99
13 18 96
19 10 55
19 13 85
16 17 86
12 17 79
11 17 64
12 11 75
19 12 54
15 15 94
15 20 93
19 18 62
17 18 88
10 20 83
12 20 97
20 17 53
11 10 69
13 15 66
17 15 52
17 14 56
12 20 61
14 14 84
13 14 68
13 19 76
14 12 88
17 16 99
10 10 79
20 16 50
17 16 81
13 17 100
10 19 87
14 16 58
20 19 78
15 17 56
18 17 84
15 15 85
20 17 99
17 16 77
12 17 54
14 18 54
11 14 61
19 20 75
18 10 75
19 18 54
17 17 87
19 13 53
16 10 69
10 12 51
17 16 73
20 20 75
16 19 80
18 13 78
13 20 96
11 20 72
17 14 58
14 16 76
11 19 77
14 20 56
12 12 72
18 20 53
10 17 92
13 20 91
10 15 50
19 13 89
10 18 60
17 17 95
13 19 84
19 10 64
16 17 51
11 12 64
14 20 61
16 12 93
13 11 83
12 14 68
15 11 91
12 11 57
12 19 82
10 16 79
17 18 86
11 13 80
12 11 60
10 14 57
20 17 59
20 20 73
18 15 62
12 14 51
20 18 70
19 12 73
16 11 64
14 12 98
20 16 59
20 13 53
14 17 74
10 14 88
13 13 77
14 15 93
13 20 50
20 14 80
20 19 87
18 15 55
19 15 93
14 19 96
14 10 66
14 12 88
14 17 85
20 10 88
20 12 87
16 13 77
16 16 51
14 19 73
13 12 81
19 12 81
20 18 80
12 12 91
10 18 74
13 13 85
12 11 56
16 13 91
11 17 75
10 15 87
16 15 68
19 17 91
15 12 84
11 15 98
11 11 51
11 16 80
18 20 98
17 10 75
19 14 94
15 14 67
13 12 84
18 15 51
13 15 62
18 10 50
14 14 56
14 18 95
13 10 54
20 19 77
12 17 92
10 14 84
12 17 86
10 16 83
16 19 99
13 11 90
15 14 50
14 13 57
17 13 72
19 15 62
19 17 58
17 14 84
19 12 80
12 10 82
13 16 86
11 14 82
16 13 61
15 19 85
17 11 56
11 16 62
15 18 84
20 15 82
15 16 79
10 15 71
18 11 99
11 10 58
14 17 66
15 16 55
13 18 77
17 20 72
16 14 72
19 13 55
17 16 73
13 15 96
17 20 86
19 15 52
17 16 98
18 20 79
17 20 86
14 20 55
10 19 95
17 19 89
11 17 67
13 12 91
13 11 91
19 13 98
14 20 81
18 16 56
19 20 84
14 20 88
15 10 59
13 19 88
18 16 59
19 17 62
16 10 71
14 12 79
19 17 82
16 18 68
10 15 98
16 14 87
10 17 77
16 17 80
17 20 86
19 19 64
14 14 77
13 15 93
12 13 56
17 17 76
17 12 70
18 16 96
16 18 72
20 17 84
13 16 58
11 18 87
13 17 55
18 12 83
10 19 76
14 15 79
13 11 80
19 14 81
15 13 60
14 12 98
10 18 86
14 16 94
10 18 80
15 18 74
13 18 78
13 11 60
17 15 74
17 13 86
10 13 88
13 18 91
14 15 94
12 11 80
16 11 91
17 14 98
17 10 69
20 15 79
16 15 82
11 20 86
17 11 60
18 10 81
18 20 60
17 14 97
15 11 58
19 11 72
13 12 54
11 20 51
11 15 88
19 12 80
20 16 82
10 15 90
13 12 71
16 18 98
20 17 99
15 14 52
10 13 52
19 16 77
10 16 94
14 10 78
11 10 80
19 16 68
16 11 72
10 16 96
19 13 64
12 12 71
10 18 59
16 14 73
16 14 86
12 20 93
17 13 74
14 16 58
18 15 69
11 10 54
10 16 62
20 11 90
20 11 79
11 12 71
17 19 91
18 20 79
15 17 79
12 11 84
14 19 89
20 20 71
15 15 76
17 10 98
18 20 63
16 16 91
11 12 63
19 19 81
20 16 84
16 15 78
16 13 56
12 19 61
11 12 52
17 10 99
13 17 68
16 11 87
12 15 90
11 11 70
19 10 84
17 10 85
15 11 76
13 16 88
16 16 64
12 11 63
20 15 87
10 16 54
19 17 58
17 13 75
20 20 83
15 13 93
20 11 100
15 10 86
19 13 64
12 15 50
14 15 55
10 11 55
12 14 69
10 17 95
16 12 68
13 18 94
14 10 68
11 12 89
14 14 99
17 10 81
13 11 68
17 10 68
13 17 67
18 19 79
15 12 70
13 11 81
16 12 75
12 11 97
19 15 80
19 13 69
13 12 92
11 18 83
12 20 83
14 10 59
16 17 98
10 15 60
12 17 83
14 20 85
18 17 50
20 19 72
19 20 100
16 17 84
16 16 67
18 16 90
13 20 55
13 11 100
10 17 59
15 16 76
11 10 66
16 17 64
17 20 74
20 15 88
11 19 83
12 20 96
18 11 59
13 18 88
13 19 89
10 18 91
18 10 92
20 16 67
15 11 61
18 10 51
12 18 58
10 18 68
17 15 93
12 13 80
19 18 75
18 17 64
20 11 65
19 18 58
16 20 61
10 16 63
14 18 87
17 19 62
19 10 77
13 20 81
19 10 92
17 13 64
16 14 86
20 10 64
18 17 71
14 15 62
19 14 89
10 16 71
17 13 66
16 13 67
11 20 73
16 13 78
16 10 89
17 12 83
12 15 94
17 11 94
20 15 98
17 13 67
10 17 80
13 17 76
11 14 52
20 13 92
11 16 81
14 10 67
15 14 52
10 17 63
17 20 79
15 18 84
20 17 86
16 11 77
16 20 80
13 12 87
16 18 53
10 16 63
17 13 73
13 12 84
11 20 77
18 12 80
12 18 69
15 16 85
16 13 93
17 15 55
19 18 90
19 11 78
20 13 78
13 15 85
20 15 60
19 14 50
20 18 88
17 15 81
10 18 70
11 10 76
14 20 93
16 15 91
13 19 73
18 17 61
19 12 80
13 10 72
15 13 100
18 10 71
16 20 98
11 12 53
11 14 93
18 15 99
17 18 85
16 15 50
15 17 53
12 16 88
13 11 94
18 16 83
16 19 86
16 12 69
11 19 68
11 20 62
17 11 65
16 13 71
20 11 85
11 12 85
17 10 53
16 11 59
20 10 99
11 15 79
14 16 65
13 11 82
15 11 55
16 15 88
19 15 99
19 13 52
12 16 98
18 11 98
11 20 57
11 18 70
20 16 83
10 16 57
16 11 84
15 14 99
15 13 75
14 19 53
14 11 81
20 20 76
14 14 85
19 18 99
15 14 59
13 16 54
10 10 91
12 15 71
14 18 72
20 20 96
12 19 73
13 12 92
12 14 97
10 14 52
12 12 99
18 18 59
11 16 63
17 13 89
13 12 95
16 20 82
15 12 80
16 10 93
13 17 77
16 14 80
18 17 67
17 13 55
20 13 78
18 18 88
15 11 54
14 10 54
11 18 71
12 11 75
14 20 68
12 20 69
13 15 90
18 13 58
19 13 95
11 15 55
12 10 94
12 14 61
12 19 91
13 10 93
11 19 97
13 13 63
16 10 97
13 16 73
12 19 95
19 11 91
13 12 95
20 13 51
20 12 53
15 15 75
19 10 84
13 11 100
11 11 100
12 14 74
18 10 75
14 20 62
19 10 93
13 15 84
11 20 76
18 12 72
20 10 100
13 18 82
17 13 64
10 10 54
17 11 66
19 16 88
14 14 96
11 15 97
20 10 53
14 16 96
12 20 58
12 16 89
14 10 78
20 10 94
10 11 69
20 13 82
14 13 79
17 13 57
15 16 86
13 17 69
20 13 82
12 15 91
11 11 75
17 11 67
12 17 76
10 17 70
14 19 64
10 20 78
11 19 97
11 20 76
11 14 79
