950 1900
5 8
4 6
2 5
2 1
1 9
5 5
6 6
1 1
8 4
10 8
7 6
6 10
10 4
1 2
5 2
2 9
4 8
8 2
10 3
10 4
4 10
7 10
10 7
5 3
8 10
7 7
6 6
2 1
5 2
8 10
9 10
3 1
9 5
5 4
2 4
7 1
7 8
9 1
10 3
1 2
10 10
3 8
3 1
8 8
9 4
2 6
8 1
7 1
7 2
7 2
7 1
5 4
8 6
6 10
1 3
7 7
5 8
4 5
9 2
10 6
9 7
5 7
2 3
7 10
10 1
9 9
5 5
10 2
9 4
9 3
4 6
5 3
9 9
6 10
9 4
8 4
4 10
3 3
9 1
10 6
4 7
3 7
3 3
6 3
7 10
4 2
10 7
3 9
3 3
8 3
6 5
4 6
6 5
1 6
4 6
10 4
3 2
3 2
9 5
1 1
9 2
6 2
2 4
7 2
8 10
8 4
10 4
8 10
3 6
9 7
10 1
5 4
4 2
4 6
8 9
1 6
2 1
3 8
10 4
7 10
4 2
9 3
3 2
6 1
3 4
7 6
10 6
6 9
8 10
3 7
7 8
9 4
8 1
7 7
1 10
9 2
7 3
8 10
7 9
6 8
2 2
8 3
2 2
9 3
1 9
3 2
3 10
8 1
5 10
7 10
3 8
9 9
6 4
6 8
9 10
1 8
8 10
4 3
3 1
5 7
10 6
2 9
4 2
4 2
4 1
5 8
4 2
7 4
9 3
5 3
4 1
9 6
2 5
3 2
1 1
2 1
7 1
9 3
10 4
8 2
2 9
1 9
2 8
9 3
3 7
7 5
3 8
8 8
7 9
2 2
3 10
2 3
2 6
6 9
7 9
5 8
3 7
9 6
1 4
9 1
5 9
2 6
1 7
10 2
3 5
8 8
9 9
6 3
5 1
1 5
4 1
2 4
2 1
5 3
4 6
1 7
2 4
9 9
7 5
7 10
3 6
8 1
5 9
10 10
5 1
1 6
8 1
5 10
7 8
2 2
4 2
6 2
9 9
9 2
9 4
6 9
7 2
8 2
6 1
9 1
2 8
1 7
6 4
1 5
2 3
8 6
9 2
9 3
1 10
1 1
7 1
4 1
6 8
9 3
5 8
9 8
4 10
3 9
7 2
1 10
3 6
2 3
9 1
10 9
6 8
2 2
10 8
2 9
3 1
7 3
5 3
8 3
4 5
9 5
7 7
5 2
4 8
7 4
8 10
9 5
5 6
6 1
4 6
10 7
5 6
7 3
4 8
9 6
2 6
6 7
1 2
4 7
3 10
6 4
5 8
4 6
9 10
4 6
2 7
4 4
1 3
9 7
4 1
1 3
10 10
8 9
8 5
1 4
2 2
7 6
8 10
2 8
10 10
5 10
6 9
3 4
1 9
5 2
9 2
1 8
5 2
7 6
2 4
9 10
2 6
5 10
10 5
2 2
6 1
10 3
9 2
9 1
5 2
5 6
5 8
6 8
9 3
10 3
7 1
8 10
3 1
2 2
1 9
8 1
5 5
10 2
4 9
10 2
3 9
7 9
2 4
10 3
7 7
3 10
5 6
5 1
3 2
8 5
2 10
6 7
7 8
8 4
2 3
1 8
5 7
9 4
8 7
5 3
5 8
5 5
10 3
4 7
2 2
1 4
8 5
9 1
7 1
7 5
8 2
6 6
1 5
3 4
2 8
2 7
5 9
1 9
10 1
2 4
1 9
9 5
9 1
9 3
1 7
1 1
1 10
7 4
6 5
3 6
4 2
9 5
6 7
7 4
2 2
8 8
5 3
3 8
7 9
6 3
4 2
1 1
2 4
7 4
8 10
3 4
3 8
3 4
9 8
8 10
9 4
4 4
4 6
3 4
1 5
8 9
1 7
6 3
1 2
5 10
8 7
5 8
6 10
5 3
1 7
5 4
7 5
9 9
6 1
9 3
4 2
2 7
2 10
8 2
10 4
10 5
5 7
8 7
7 8
2 10
5 8
10 7
10 1
10 6
6 9
3 2
3 3
8 8
7 7
1 4
9 6
8 5
3 10
2 1
6 5
2 8
4 2
6 3
7 1
8 2
7 9
2 5
1 2
5 7
2 1
5 9
4 6
3 3
5 6
8 6
1 7
7 1
4 2
8 8
3 5
6 6
4 6
6 2
6 3
3 8
9 1
6 1
2 1
5 5
7 10
4 8
4 6
9 7
7 1
7 2
10 1
3 7
1 5
4 6
4 3
9 6
5 5
3 2
9 2
2 1
3 10
4 10
7 7
5 6
4 10
7 6
7 4
3 4
2 4
10 7
6 6
8 8
5 9
6 2
9 3
9 8
1 4
7 10
2 3
6 6
9 6
5 3
2 5
2 1
10 2
5 9
2 8
3 7
3 9
7 6
1 8
6 9
10 9
7 5
4 3
4 10
10 7
6 6
7 9
2 9
1 1
4 4
10 2
5 6
1 2
5 4
3 6
6 2
6 1
9 10
1 10
1 2
8 9
4 8
6 4
5 7
2 2
2 6
9 9
2 5
3 9
5 6
8 5
4 7
6 1
10 7
5 5
3 7
8 1
2 2
10 4
9 4
9 5
3 9
9 7
9 7
3 9
8 6
3 3
1 7
5 9
10 3
6 10
6 6
3 8
6 10
5 9
1 4
3 3
7 5
6 7
4 2
10 9
4 3
1 5
5 4
8 8
6 3
6 1
1 2
3 8
4 9
3 4
3 9
7 10
8 5
5 2
4 8
8 10
3 2
5 3
5 9
4 9
5 10
3 8
8 2
2 10
9 8
8 1
1 2
5 5
1 4
9 5
5 9
3 2
6 8
10 2
1 1
7 10
9 10
2 5
9 9
7 1
2 5
10 3
9 7
2 1
10 5
1 1
5 4
7 2
9 1
5 10
8 8
6 5
6 3
4 7
10 1
5 4
7 1
4 3
4 1
6 4
4 7
3 7
10 5
3 6
4 7
4 2
9 2
9 4
7 1
4 10
8 7
10 3
6 2
5 2
3 7
8 5
4 5
2 5
3 4
4 3
6 6
8 9
9 5
4 2
1 3
8 1
10 5
3 7
10 6
3 7
3 6
4 8
4 7
6 5
6 4
3 4
6 5
3 8
10 6
2 7
1 5
9 2
2 9
8 5
7 3
9 5
9 8
10 5
7 3
1 9
6 3
2 5
10 8
6 6
4 5
8 8
10 3
5 10
2 3
6 4
9 10
9 3
1 1
3 8
10 7
8 9
2 9
1 4
10 5
6 1
3 7
5 2
7 7
9 6
1 10
3 3
2 10
4 5
3 7
10 3
6 1
9 10
3 5
8 10
1 3
8 8
4 6
5 3
10 6
9 1
3 3
5 6
7 6
1 3
8 8
2 9
9 2
2 10
1 6
5 8
9 2
5 10
4 1
4 9
2 5
4 8
8 4
7 5
3 1
9 7
3 5
4 4
10 9
2 4
9 6
6 7
6 3
2 2
8 1
1 8
7 1
5 6
8 1
1 4
6 8
5 9
1 9
6 3
6 8
9 3
4 10
6 1
7 9
10 3
7 6
1 3
8 8
10 7
6 7
9 10
4 1
4 1
6 1
8 9
4 1
4 9
9 10
3 4
1 2
1 10
2 1
8 1
7 4
3 2
7 8
2 2
9 2
7 5
2 10
4 2
6 10
8 7
1 9
6 7
6 1
2 4
3 9
1 5
10 10
9 8
2 1
8 7
3 4
1 8
3 6
3 3
5 1
8 3
3 5
2 2
7 7
9 9
6 8
1 4
7 5
8 4
2 1
2 8
7 2
10 2
1 1
10 3
8 7
1 9
1 4
1 2
6 8
2 6
9 5
6 8
4 1
10 10
1 7
4 4
3 7
8 1
8 9
8 7
2 8
4 4
7 3
4 6
6 9
9 3
5 6
3 8
9 4
5 7
10 6
3 9
6 1
9 8
9 2
1 5
10 7
2 7
9 1
6 4
9 1
4 5
2 3
4 6
9 2
8 3
3 7
8 1
8 10
9 5
5 5
6 4
9 2
9 6
9 6
5 10
2 1
4 5
4 6
8 2
3 9
2 6
5 10
4 8
9 2
6 9
4 6
6 1
3 8
8 10
7 5
7 6
5 1
2 2
9 7
6 9
10 7
7 1
1 5
5 3
8 3
9 3
9 2
6 3
9 10
1 9
5 6
8 9
2 1
9 6
3 3
7 2
5 2
5 6
2 7
8 1
5 2
4 2
6 1
8 4
4 7
13 17 67
18 13 57
18 14 87
17 13 79
19 15 85
16 10 91
19 14 88
10 14 58
17 12 57
19 16 54
10 12 60
19 17 69
20 15 91
12 19 99
13 11 64
13 11 83
12 15 53
20 20 70
20 18 66
14 10 71
14 12 86
14 15 95
10 10 94
15 12 81
16 11 76
19 16 66
15 19 61
12 17 63
11 11 77
13 16 85
16 20 97
13 15 70
15 20 68
18 16 81
20 18 80
18 14 65
14 11 94
14 11 94
18 19 82
11 10 71
18 14 60
15 13 52
17 10 87
16 18 65
13 10 73
20 10 52
16 16 55
19 19 81
11 10 74
17 17 58
12 15 79
18 17 85
15 13 95
19 16 57
17 18 68
15 14 50
18 19 54
18 20 71
20 15 60
16 15 88
19 14 87
11 12 64
19 15 89
11 19 68
18 11 68
14 19 94
10 16 95
14 14 89
10 11 74
13 17 72
13 11 61
11 14 83
13 11 88
14 17 72
20 10 100
20 12 50
14 18 81
11 15 59
13 16 80
18 14 88
11 19 60
18 13 60
16 17 70
16 20 56
20 13 73
20 18 58
12 19 95
10 14 58
15 13 61
17 20 55
17 10 78
16 20 74
10 12 73
16 19 52
14 14 53
14 16 87
11 16 92
11 17 61
15 17 83
11 15 72
19 20 62
12 19 75
17 16 85
18 18 98
15 20 71
17 10 79
16 15 89
14 15 58
11 18 54
19 15 69
10 12 71
11 11 81
15 19 72
15 10 78
20 16 68
20 17 56
20 14 92
14 12 79
13 14 83
18 11 55
12 11 55
18 18 91
10 16 59
18 16 73
15 18 97
15 10 75
11 15 98
11 16 97
16 10 88
16 12 72
14 16 69
16 18 51
13 16 96
11 12 70
19 10 86
12 17 76
16 20 51
15 19 86
15 15 54
20 12 65
14 16 69
11 16 100
13 20 83
17 17 66
15 12 61
18 16 90
12 17 50
11 14 73
19 20 71
10 15 57
15 12 94
16 12 82
17 16 94
14 16 51
19 10 60
12 14 63
13 14 52
15 12 53
20 14 53
18 16 86
15 17 88
19 18 88
12 14 51
13 14 88
17 16 66
19 14 71
15 15 64
13 16 63
18 11 96
19 19 73
13 14 71
11 16 93
13 11 62
20 10 68
12 12 94
19 10 92
14 16 83
16 12 70
18 14 62
13 14 76
12 17 92
12 14 93
10 19 60
12 11 88
16 13 68
18 18 78
18 13 82
19 15 60
10 11 66
17 13 77
17 16 69
10 11 50
15 15 58
18 13 65
16 14 82
12 13 68
13 10 87
13 20 76
11 12 62
19 16 56
15 11 90
15 19 54
20 16 64
12 13 60
13 19 70
14 13 90
17 11 68
12 15 54
18 14 55
14 20 68
10 14 69
12 16 87
19 10 82
20 19 80
13 12 51
11 12 76
12 19 55
18 12 70
18 16 94
16 20 57
10 19 50
11 12 57
14 15 84
15 13 54
19 17 87
16 16 58
10 16 86
11 18 86
13 11 92
11 16 68
16 13 61
12 11 65
11 10 50
19 19 93
13 19 72
11 15 81
14 10 87
19 14 94
15 19 71
16 16 99
10 18 95
19 16 61
15 12 96
19 19 79
15 20 100
14 11 85
15 15 85
19 20 92
19 17 78
17 10 75
12 17 95
15 19 70
14 13 98
14 17 82
17 15 84
11 17 76
13 10 75
17 13 74
14 19 53
19 15 58
12 18 69
13 11 75
10 11 81
10 12 95
16 19 66
11 18 94
17 11 98
14 16 70
20 14 73
18 20 99
13 17 51
18 19 81
18 11 81
19 13 79
20 15 52
19 18 100
16 20 63
12 15 65
17 17 68
10 20 50
18 20 62
11 19 73
12 17 87
11 11 96
14 14 95
18 13 86
19 17 93
20 15 86
11 11 84
20 15 74
17 17 98
13 14 93
12 17 62
19 19 67
10 17 58
20 16 81
10 15 91
16 13 98
18 15 78
11 20 78
16 12 93
18 15 59
13 15 53
19 11 78
15 12 53
19 12 84
15 11 62
11 19 81
18 20 90
16 13 69
11 20 92
11 18 77
19 18 83
13 12 80
17 16 61
14 17 65
20 20 97
13 16 70
10 16 89
19 17 51
16 20 95
10 18 64
18 14 60
19 19 64
15 20 63
13 11 86
18 19 72
14 19 54
12 15 70
18 20 90
13 10 61
10 17 64
12 13 75
14 12 93
19 15 98
15 12 72
20 13 84
15 19 66
18 18 68
12 20 80
10 10 73
19 16 75
16 10 80
18 12 58
11 17 69
18 13 88
12 11 62
19 13 68
13 17 51
14 15 74
11 13 70
14 10 56
16 10 66
15 14 69
14 18 94
14 16 62
14 12 98
13 10 88
10 11 51
11 14 59
12 13 81
13 12 83
20 14 79
17 13 96
19 19 90
19 13 61
20 17 85
16 16 59
13 20 91
10 10 52
17 20 90
12 17 100
16 11 100
17 12 89
10 12 68
11 17 86
13 18 85
16 15 80
12 19 62
12 15 98
17 14 84
19 12 77
20 16 88
12 10 80
13 11 68
18 19 91
13 14 91
17 13 73
12 12 94
15 14 82
18 13 56
20 14 87
14 20 79
18 20 91
18 12 62
12 11 70
13 15 62
20 18 72
12 15 59
16 16 80
18 16 63
13 16 54
19 18 79
12 12 90
16 11 64
14 20 52
19 12 82
12 12 85
11 20 73
12 19 81
10 14 100
14 10 75
17 11 87
14 20 97
11 10 59
19 20 53
18 15 89
12 10 98
10 16 98
16 16 96
15 14 72
17 16 69
11 20 68
13 15 62
11 18 89
14 11 66
15 10 53
14 20 57
12 10 90
18 11 85
13 12 86
12 12 78
14 13 95
14 19 87
11 14 50
16 13 58
17 10 85
11 17 73
17 12 56
13 13 73
11 17 68
13 12 59
16 13 84
11 12 66
14 12 52
15 15 52
13 19 99
15 10 99
20 14 56
14 11 86
13 11 68
16 18 72
19 19 95
20 12 77
16 10 91
15 18 75
20 15 58
13 18 54
16 11 55
11 20 71
17 18 88
20 14 63
15 10 66
15 18 56
17 17 91
11 13 88
14 12 57
18 11 83
16 19 94
15 19 64
20 12 72
17 10 97
14 13 82
12 15 77
11 16 56
16 10 89
16 16 61
15 17 78
12 15 100
11 13 86
19 19 64
15 13 93
19 20 66
16 18 84
19 14 62
14 13 92
13 18 56
12 14 57
20 10 61
11 16 66
17 12 97
15 12 77
18 10 60
13 18 73
20 17 86
10 18 62
15 16 65
19 15 98
10 10 84
19 19 97
17 20 81
17 19 96
15 19 65
18 17 61
13 20 79
10 16 80
14 10 84
11 14 51
14 18 96
12 10 81
10 11 51
11 16 53
20 14 66
11 12 64
14 18 74
19 11 51
19 18 75
19 11 96
17 10 53
13 19 70
19 17 71
18 14 88
11 18 54
14 14 84
18 13 83
16 10 64
14 15 76
17 18 76
15 19 99
12 11 57
12 10 70
14 10 98
18 10 64
10 14 67
12 16 70
12 15 72
10 13 53
11 20 66
16 13 86
20 14 77
12 12 83
20 19 67
20 19 85
20 17 61
19 13 72
15 15 73
19 18 75
11 15 59
16 18 65
15 15 95
12 17 52
12 16 62
12 10 90
17 14 74
13 16 69
11 20 77
11 12 58
12 15 57
14 10 68
12 20 61
19 14 51
17 12 82
11 15 55
18 11 92
11 17 57
11 10 76
14 19 94
19 10 54
20 15 91
20 10 50
20 11 61
16 20 57
18 17 72
16 11 83
13 18 60
17 14 66
10 12 68
13 14 98
12 13 85
13 11 67
10 10 80
14 11 68
18 10 68
16 13 60
18 16 67
13 16 84
14 11 98
13 19 53
18 19 82
16 13 65
15 12 50
16 16 76
19 16 65
10 20 57
13 20 92
17 13 96
18 16 67
20 19 86
19 17 55
16 12 81
10 20 81
17 20 86
16 13 75
11 10 93
10 19 87
13 12 85
16 17 52
18 16 66
20 20 82
13 15 65
11 10 100
20 14 61
19 15 82
12 12 79
10 15 51
16 17 94
18 11 59
10 10 69
11 20 76
16 11 51
13 14 53
11 11 86
12 15 84
11 13 78
16 14 86
13 10 99
16 16 79
11 11 51
15 20 87
10 13 58
15 16 94
12 14 91
19 12 85
12 10 100
16 19 99
13 12 89
18 19 98
14 20 93
15 15 65
20 16 50
20 20 84
11 12 96
14 16 89
14 17 64
19 20 55
11 18 80
10 12 65
17 16 79
15 11 60
14 11 84
10 13 100
10 16 69
19 10 50
13 19 74
17 10 65
11 19 93
14 15 93
16 16 67
13 16 97
16 13 59
14 14 99
13 13 89
16 14 71
17 14 88
14 10 59
13 19 51
10 19 64
16 16 98
16 20 64
14 16 63
11 17 66
13 18 82
19 19 95
13 14 78
13 19 71
10 16 78
18 16 55
15 11 100
16 20 95
20 20 77
10 19 82
20 19 87
14 20 55
13 10 80
16 10 88
15 11 94
17 19 52
13 13 50
11 11 55
13 15 83
11 19 73
19 20 66
14 11 55
12 19 86
13 14 72
20 11 89
19 20 64
19 10 88
15 19 88
11 10 84
16 19 86
10 14 64
20 12 98
14 11 61
13 12 73
14 12 81
19 19 77
16 12 86
10 14 86
18 17 62
13 16 98
11 12 58
20 13 68
20 16 76
11 19 50
14 20 77
12 15 65
10 14 67
14 15 62
13 15 71
15 20 92
11 16 52
12 16 76
10 18 91
20 14 56
10 13 77
15 11 82
18 16 99
12 10 69
16 15 98
15 11 82
15 18 60
16 10 60
16 20 73
11 20 98
13 12 90
11 18 86
17 15 90
12 18 67
15 20 63
10 13 80
13 19 79
10 11 58
16 12 51
19 20 86
14 18 80
11 18 60
17 14 100
19 15 60
13 19 85
18 12 72
19 13 88
12 11 97
11 12 67
18 11 57
14 18 88
19 13 94
11 14 62
10 17 86
11 17 95
15 20 96
11 13 88
12 14 78
12 15 52
10 13 62
19 15 98
13 17 82
18 13 66
13 20 53
20 14 71
11 14 89
20 11 87
11 15 73
15 13 84
19 16 94
17 14 52
10 16 70
14 10 87
16 14 66
11 15 91
15 11 70
19 14 77
15 20 68
14 13 91
10 13 71
11 16 82
12 10 87
14 13 88
11 12 57
11 12 50
12 13 94
10 13 72
13 15 55
18 13 96
15 11 50
12 15 86
11 19 91
18 19 59
12 14 72
14 17 61
10 16 93
19 11 64
16 12 60
16 17 54
15 11 87
10 10 75
16 20 91
17 14 85
17 17 55
16 19 75
11 14 85
15 20 79
16 11 81
11 14 72
14 13 81
17 18 97
16 13 97
17 20 56
12 16 90
11 16 61
11 15 90
18 15 81
18 15 66
18 15 83
14 11 97
16 12 56
15 11 96
10 19 92
10 10 54
14 18 73
20 10 99
13 18 89
20 17 90
16 10 62
17 17 77
20 20 50
17 15 67
20 14 92
20 12 90
18 11 74
18 11 66
17 19 88
12 19 87
17 18 67
11 13 65
17 16 76
10 11 77
10 10 66
18 12 50
17 20 55
13 18 73
14 17 65
18 14 83
14 18 75
16 15 74
13 17 57
20 18 100
11 18 52
12 13 71
12 17 91
13 14 58
14 20 63
19 15 62
10 20 52
11 17 59
18 15 71
12 10 77
16 14 58
16 16 59
17 17 87
14 14 78
12 15 63
19 15 62
16 14 67
12 11 52
19 17 55
16 16 67
20 12 92
14 10 91
14 20 57
13 15 68
11 10 95
19 15 94
16 16 100
10 18 59
18 17 99
13 20 72
11 14 78
18 19 71
16 15 83
10 15 67
16 19 75
17 19 99
20 13 75
20 15 54
16 14 79
18 12 68
14 19 75
16 12 100
11 19 100
14 16 50
16 17 96
12 10 53
12 10 94
11 19 69
10 15 85
10 17 87
17 13 96
15 16 52
14 17 86
14 15 50
20 11 75
13 20 68
15 10 91
16 17 100
18 12 97
19 11 99
14 16 54
13 14 52
17 19 53
13 19 67
15 12 64
12 19 75
15 19 57
20 14 100
10 15 54
13 15 66
18 14 52
15 12 89
12 12 52
15 17 77
17 12 76
17 12 71
18 17 98
11 10 91
13 10 70
15 12 91
10 16 71
18 12 58
10 10 53
18 14 67
10 10 56
19 14 55
15 18 93
17 20 63
20 17 85
13 20 68
12 17 71
15 17 81
14 13 67
13 20 78
11 20 59
11 12 99
16 11 94
10 17 76
19 18 60
12 17 99
12 19 88
17 14 69
17 17 55
19 15 84
15 16 75
14 13 73
16 19 62
11 15 96
14 12 90
15 20 81
18 18 74
20 13 91
16 15 69
15 20 99
13 11 90
13 18 85
20 20 55
17 14 84
20 16 75
17 14 50
12 14 53
12 11 55
11 11 84
16 12 89
10 12 69
16 14 95
20 19 70
12 20 68
14 14 72
10 10 62
19 19 93
14 14 70
10 19 76
12 13 53
15 20 92
19 12 73
14 18 67
13 14 58
17 18 77
19 17 95
19 16 89
15 16 52
14 16 84
17 19 92
11 18 87
17 14 61
20 20 67
20 13 86
16 16 98
20 19 72
12 20 77
13 20 99
13 17 53
18 16 87
17 17 58
11 19 79
10 19 94
10 20 91
10 20 60
12 17 50
13 15 92
12 17 79
10 17 82
15 10 84
20 18 99
13 10 93
15 16 66
17 16 100
20 14 60
17 20 95
17 11 74
20 17 73
17 15 83
10 12 97
12 20 56
16 13 55
16 11 94
16 18 57
19 11 94
10 15 71
10 13 77
11 17 81
11 16 76
13 20 91
15 20 75
20 10 58
11 11 97
12 14 65
15 17 87
20 19 55
13 20 51
15 11 70
20 14 72
17 18 74
19 20 67
16 14 91
11 11 56
13 16 90
18 15 81
12 15 99
17 15 58
19 12 71
16 15 80
18 11 69
13 16 66
11 11 53
14 20 87
10 13 60
14 12 98
12 20 88
19 12 78
14 19 53
15 20 59
14 14 96
10 14 58
16 15 64
12 18 63
20 15 95
12 18 92
11 19 65
20 15 85
16 11 81
15 18 83
15 13 91
17 20 64
19 19 76
14 15 84
10 15 95
13 16 59
11 15 74
15 18 98
20 13 65
12 15 50
15 16 61
10 15 55
15 11 76
13 20 84
12 11 72
19 15 97
14 15 97
11 12 99
13 14 89
16 18 100
12 11 56
18 13 97
13 20 83
19 11 84
19 18 74
12 18 84
17 17 72
15 17 77
17 18 52
19 10 87
11 12 82
13 18 69
20 10 60
12 19 61
12 12 85
18 20 63
16 15 53
14 19 92
10 15 57
19 19 93
20 12 66
17 18 83
18 11 82
16 14 78
11 16 61
17 15 90
13 10 89
13 19 65
11 11 81
10 17 60
20 15 52
20 19 59
16 17 54
15 16 67
10 14 93
12 18 60
11 16 65
20 14 61
17 10 60
11 14 53
17 14 52
12 10 53
20 13 52
14 16 82
14 17 68
16 11 50
15 18 96
20 20 76
10 18 98
10 11 73
11 12 84
15 16 99
15 12 72
15 14 82
12 14 79
11 10 67
17 14 87
10 16 91
20 14 90
19 18 77
20 15 78
17 20 57
12 17 68
15 11 68
19 19 83
17 17 84
15 10 82
12 18 95
14 17 98
14 20 65
10 18 82
13 16 89
10 10 87
18 12 68
16 11 82
16 20 81
16 20 61
11 19 90
14 15 95
11 15 92
12 16 64
12 17 56
14 14 74
19 10 92
18 19 79
11 15 97
13 16 56
13 10 69
16 18 66
10 14 85
18 18 84
18 17 69
10 20 89
13 20 89
12 14 98
17 18 89
13 10 58
10 15 50
16 14 63
14 18 94
11 15 53
13 14 77
14 11 59
10 13 52
13 19 54
13 12 85
19 14 86
14 12 98
14 11 73
12 19 54
18 14 91
19 17 67
16 10 74
15 11 68
20 10 66
16 17 100
14 16 51
11 11 86
20 13 88
20 12 89
20 12 98
15 17 69
10 14 100
10 18 65
11 16 89
18 15 59
16 17 91
18 11 68
10 18 87
13 19 75
14 11 50
19 14 91
13 14 84
10 12 54
17 14 91
12 11 58
19 10 66
19 17 52
19 15 95
13 14 99
18 11 80
11 10 68
14 14 94
15 20 57
11 13 85
15 19 65
19 16 93
16 13 89
19 13 93
20 10 92
11 19 73
11 17 50
18 18 58
15 11 64
11 14 72
15 12 89
10 10 76
20 15 92
14 12 90
11 20 72
15 19 90
13 10 72
17 13 92
10 18 65
10 19 55
14 11 91
19 10 99
19 17 91
20 17 55
11 18 82
17 11 70
19 14 69
10 10 64
15 19 71
20 15 88
11 15 51
14 20 81
17 15 94
15 10 62
17 19 95
12 16 88
19 15 99
11 13 90
18 12 59
14 14 59
16 10 74
14 10 91
15 11 95
19 13 92
17 18 94
18 15 100
16 14 79
16 15 80
19 12 92
10 15 53
10 13 50
14 12 87
14 16 77
17 12 97
17 13 88
11 13 88
12 10 96
11 12 90
13 18 75
20 12 60
16 10 55
19 10 57
19 20 51
17 16 90
15 15 62
14 19 75
10 12 92
11 16 98
20 18 76
14 14 82
18 14 73
10 16 83
12 15 76
18 19 93
17 15 79
19 10 91
19 12 84
13 13 76
15 18 81
20 15 99
14 10 97
17 12 81
15 13 87
12 14 97
11 11 79
16 17 96
19 15 75
18 13 91
14 13 79
11 12 51
16 11 63
19 15 57
18 10 88
12 16 59
11 18 96
17 14 63
10 14 53
16 16 57
12 16 61
17 14 99
19 15 57
16 19 51
20 13 88
18 10 66
11 20 65
18 11 81
16 17 62
15 20 52
10 20 74
16 13 59
19 12 66
11 15 51
16 13 71
12 17 53
13 15 59
17 18 84
17 14 73
15 15 89
15 13 72
13 16 74
19 15 63
18 20 55
11 20 58
17 15 94
11 13 85
12 16 60
10 17 56
17 12 87
13 15 64
12 19 72
20 17 82
11 11 76
12 15 68
11 20 97
19 16 87
13 13 95
11 12 94
11 13 90
17 12 57
20 18 90
14 16 54
11 20 66
18 10 65
10 15 61
11 12 87
14 16 82
10 10 91
20 13 98
10 11 74
14 11 65
19 15 96
11 14 77
20 11 55
17 20 77
15 15 73
16 18 52
12 15 79
10 13 87
13 11 64
12 15 63
10 18 61
10 16 90
11 14 68
20 10 88
16 16 54
13 16 93
19 19 52
15 17 71
10 16 96
14 12 56
19 17 53
20 13 80
20 12 75
16 10 66
12 19 94
16 15 71
14 14 50
12 16 77
18 18 92
12 16 93
10 10 77
14 16 52
20 11 82
18 18 85
19 13 75
10 12 89
18 11 51
18 12 85
18 14 99
20 16 61
20 20 91
12 11 97
19 17 96
14 16 54
10 10 64
20 13 93
12 18 92
11 14 77
10 19 58
18 14 87
16 15 76
18 16 91
20 16 93
17 19 89
18 11 84
18 18 80
17 16 83
15 19 87
19 10 68
12 13 80
16 13 66
13 18 78
17 14 55
10 16 78
10 15 79
18 14 88
16 16 77
19 10 71
10 14 57
20 10 99
20 13 97
14 14 100
18 14 70
18 14 54
20 11 83
15 12 76
11 11 88
13 20 61
17 19 62
13 17 88
12 20 87
12 19 66
10 18 60
10 16 63
15 20 87
11 17 80
14 11 100
15 20 75
13 11 83
13 18 95
15 12 78
19 20 77
15 16 67
16 13 50
17 17 50
12 19 85
16 15 88
16 12 87
16 11 61
17 20 59
12 14 99
17 10 98
12 16 85
20 19 78
12 17 87
18 12 94
10 16 50
16 19 51
17 12 87
12 16 61
13 19 57
13 16 69
18 17 69
16 13 69
10 16 80
11 11 75
10 15 78
19 11 90
13 19 69
13 17 65
18 12 98
14 15 69
12 19 91
13 19 85
13 11 88
16 15 64
14 13 61
16 19 99
17 13 56
16 17 65
10 19 82
11 17 60
10 19 82
20 19 85
19 14 58
11 11 86
18 11 84
12 20 56
13 11 96
18 11 69
16 18 73
14 18 86
18 19 97
17 14 85
15 11 87
12 14 58
16 14 88
11 20 62
16 19 80
12 10 84
16 17 90
13 13 76
16 18 84
11 16 76
11 17 57
17 13 51
11 18 50
12 12 76
13 10 97
19 20 92
20 12 99
13 20 71
19 13 65
17 15 67
14 20 68
10 12 74
19 10 83
12 12 87
16 13 88
14 15 75
11 12 57
16 14 56
14 19 60
16 14 50
17 18 76
17 12 61
14 16 97
18 16 93
17 11 75
15 11 72
20 12 90
18 16 72
17 16 73
10 12 53
11 14 78
12 13 54
13 16 78
14 12 55
19 12 76
20 17 64
16 11 96
18 10 65
13 10 87
14 10 54
16 19 86
16 10 50
10 12 87
10 13 91
10 10 71
13 19 65
20 19 65
16 14 87
18 15 79
10 15 94
14 13 99
11 14 64
11 20 82
19 18 51
16 12 51
13 17 54
19 16 56
10 19 67
15 16 71
18 18 54
19 16 75
14 13 68
10 16 98
20 20 80
12 15 52
17 15 71
17 20 57
18 15 53
19 13 59
17 13 94
18 17 91
19 18 58
11 11 92
18 12 78
13 19 54
14 17 82
10 13 50
17 20 63
20 14 81
12 17 59
15 14 70
14 19 50
13 10 63
17 16 66
18 15 64
12 20 74
20 16 58
17 13 68
14 17 75
13 16 52
10 17 66
17 16 70
17 11 69
10 17 58
20 12 76
18 10 93
15 10 91
10 16 83
18 17 97
20 16 59
15 10 61
18 18 100
16 12 55
19 10 86
20 12 84
18 16 88
17 14 94
17 19 90
12 14 76
20 17 74
10 18 78
20 15 81
18 13 72
12 12 60
16 20 64
12 20 93
11 11 76
13 11 67
18 18 89
19 15 72
10 20 57
20 17 87
19 14 79
16 12 72
12 16 65
14 17 81
11 13 55
12 17 98
18 20 77
10 10 84
13 13 89
14 20 99
13 18 84
19 11 72
16 19 82
13 17 95
11 17 61
18 11 69
16 13 61
15 11 63
19 15 53
18 19 84
10 19 90
13 12 80
11 16 99
19 10 70
18 13 96
13 15 77
14 11 74
17 14 83
13 16 80
13 13 63
15 14 56
19 11 54
16 18 71
16 10 97
11 14 56
19 15 68
14 20 96
15 12 55
12 17 95
15 19 86
12 17 95
14 17 61
15 14 85
12 13 56
14 19 90
19 17 76
18 19 70
19 12 75
19 16 51
12 11 85
18 15 90
18 16 77
16 11 82
13 11 71
12 11 58
16 14 51
20 18 58
20 16 80
16 12 97
20 15 71
11 16 83
20 15 68
15 16 62
10 18 88
20 17 75
13 16 51
17 16 56
17 10 51
13 10 89
13 15 75
13 15 58
11 12 90
11 17 81
10 20 87
17 17 68
11 11 94
20 20 53
17 15 90
12 17 97
14 14 53
20 19 54
18 11 57
15 10 88
20 19 73
19 18 78
17 11 96
11 15 68
16 13 75
17 12 63
11 15 73
16 10 84
20 13 58
11 10 62
15 18 64
19 18 94
20 20 77
20 14 64
16 20 98
14 13 74
11 19 100
10 16 93
18 13 58
17 10 85
12 20 71
19 19 77
14 14 56
14 20 76
16 13 96
11 17 54
20 17 73
11 19 63
17 11 56
15 11 78
19 14 85
18 19 82
16 19 77
17 20 90
15 13 59
13 14 75
15 18 53
14 13 53
12 16 56
20 11 71
18 20 64
14 14 94
18 14 65
20 10 69
14 19 87
18 10 72
10 15 74
11 11 61
12 13 67
20 13 92
15 16 89
16 10 62
14 14 63
10 13 93
19 19 86
14 13 55
13 19 75
14 12 90
15 16 85
17 12 80
17 17 85
17 17 67
17 14 54
16 10 87
15 19 93
17 16 92
15 12 57
12 12 54
10 19 60
17 14 83
10 15 73
18 19 84
14 15 92
14 11 79
20 15 76
20 20 95
17 17 94
11 14 64
18 15 89
20 19 57
11 13 74
10 13 85
20 10 86
17 11 91
14 15 57
13 17 60
11 20 91
13 18 90
16 16 62
13 15 74
18 15 72
12 20 69
20 15 63
17 11 73
15 18 100
18 11 84
13 19 50
14 15 55
14 10 57
17 12 93
17 20 99
14 18 97
17 13 50
14 13 74
18 16 70
13 13 94
11 19 53
16 15 97
19 13 99
10 18 61
18 13 82
15 20 90
20 10 51
12 13 86
12 13 74
17 14 99
17 17 100
17 19 85
11 19 71
12 15 65
16 11 72
12 10 79
16 13 94
11 17 84
11 10 71
19 11 89
14 19 63
10 14 100
15 20 88
16 10 86
14 19 82
18 11 82
11 16 82
11 10 54
11 20 96
20 10 77
15 17 55
10 14 92
18 15 70
18 19 63
10 18 79
19 16 81
10 15 84
11 10 92
10 11 72
13 11 71
